belgrade_pickle k=1
103, 103.40, [104, 104, 103, 103, 103, 103, 104, 104, 103, 103], [363.47913690000007, 336.9282264000001, 349.12797899999987, 331.6631064999999, 332.66402570000014, 331.4819346000004, 333.6120989000001, 333.2368031000001, 331.0060017999999, 330.2699990000001]
belgrade_pickle k=2
196, 197.30, [196, 198, 198, 198, 196, 199, 197, 197, 197, 197], [621.5265117000008, 627.8497133000001, 626.3899848000001, 627.2258618999995, 621.2819395999995, 629.0710846000002, 630.3077987999986, 623.8074531000002, 626.1854772000006, 625.0370597000001]
belgrade_pickle k=4
372, 374.50, [375, 375, 376, 375, 376, 373, 372, 374, 373, 376], [1208.1737071000007, 1265.4479760000013, 1271.0616298999994, 1212.6035907000005, 1210.6144948, 1195.4204667000013, 1205.0736361999989, 1227.2543366000027, 1351.496385800001, 1337.0649002999999]

berlin_pickle k=1
125, 125.90, [126, 125, 126, 126, 126, 126, 126, 126, 127, 125], [676.2004658000001, 597.0545321999999, 602.0611165, 601.919331, 601.6287087999999, 602.9223987, 1293.7010508000003, 634.8352191000004, 576.5737885999997, 582.7807916000002]
berlin_pickle k=2
239, 240.10, [243, 239, 239, 240, 240, 239, 239, 241, 240, 241], [1330.1590182, 1320.9475449000001, 1100.8858875999995, 1101.0935886000007, 1082.9122074000006, 1310.3735667, 1209.213611699999, 1125.5511716, 1110.3173115999998, 1113.7936187999985]
berlin_pickle k=4
444, 446.20, [447, 444, 446, 447, 445, 445, 444, 448, 450, 446], [2152.1455182000027, 2124.6510185999978, 2134.188960000003, 2194.572830199999, 2143.6353955999984, 2153.870017700003, 2119.4945647999994, 2103.1524949000013, 2109.4335776000007, 2116.615092699998]

boston_pickle k=1
101, 102.70, [102, 105, 102, 102, 104, 102, 102, 105, 102, 101], [1275.6133298999994, 1306.533655500003, 1273.1131185999984, 1268.8610023, 1295.2913104000036, 1272.0707471999995, 1270.2988640999974, 1301.0808858000019, 1275.271985899999, 1260.424583299995]
boston_pickle k=2
190, 191.60, [191, 191, 192, 191, 191, 193, 192, 193, 190, 192], [2457.919901699999, 2455.202281400001, 2463.7371857000107, 2485.978059999994, 2488.0255953000014, 2478.600848999995, 2490.5718804999924, 2494.969140500005, 2460.3709761000064, 2493.7268993999896]
boston_pickle k=4
367, 368.70, [367, 369, 368, 367, 369, 369, 370, 369, 367, 372], [4816.0618707999965, 4815.107145599992, 4833.164344099991, 4852.202379299997, 4860.146854699997, 4849.047499500011, 4826.551966899991, 4869.938061800014, 4895.124516799988, 4894.514648599987]

dublin_pickle k=1
112, 113.80, [113, 115, 112, 115, 113, 114, 114, 115, 112, 115], [1039.4543510999938, 1058.9901053000067, 1040.368370900018, 1066.203376599995, 1052.4510252999899, 1058.0021471000218, 1084.5263941999874, 1066.0321943000017, 1040.5463756999816, 1065.6642135000147]
dublin_pickle k=2
209, 211.30, [213, 209, 218, 210, 209, 213, 209, 212, 210, 210], [1992.7930516000197, 1954.7053051000112, 2086.550390199991, 1961.7413245000062, 1953.3445804000075, 1980.955948799994, 1953.4946409999975, 3146.527219300013, 2749.294712700008, 2067.539523399988]
dublin_pickle k=4
388, 390.20, [388, 395, 391, 390, 389, 390, 392, 388, 389, 390], [3934.8052017, 7776.0657109, 3696.0702975000004, 3684.5602738999987, 3601.100483800001, 3615.0017924999993, 3742.1729994999987, 3894.0501267, 4428.527551499996, 3610.613932799999]

minsk_pickle k=1
125, 126.00, [125, 126, 125, 126, 128, 126, 126, 127, 126, 125], [99.887798, 95.861202, 94.38620080000001, 95.12838049999999, 96.43106819999997, 94.88702349999994, 95.09124540000005, 96.61529669999993, 100.03420549999998, 93.03066319999994]
minsk_pickle k=2
238, 240.40, [241, 242, 240, 241, 238, 241, 240, 242, 238, 241], [181.45695249999994, 185.76330489999987, 182.85050619999993, 185.44077659999994, 185.01481850000005, 187.62587099999996, 196.43780879999986, 202.5967455, 186.49616160000005, 185.17678410000008]
minsk_pickle k=4
454, 457.60, [457, 461, 458, 462, 458, 454, 455, 455, 458, 458], [272.5103745000015, 274.2747335000022, 273.16176480000286, 274.89130229999864, 272.96114070000476, 270.8573409000019, 271.32968110000365, 271.4386316000018, 274.1132159999979, 281.2990126000004]