bath.txt
44, 44.80, [45, 44, 45, 45, 46, 44, 45, 44, 45, 45], [14.593274116516113, 18.22084903717041, 19.26487684249878, 17.390876054763794, 20.160537004470825, 19.977536916732788, 18.74453592300415, 18.162899017333984, 16.867943048477173, 16.353765964508057]
belfast.txt
49, 50.10, [50, 50, 51, 50, 49, 49, 50, 50, 52, 50], [160.68485593795776, 161.12985801696777, 202.96153712272644, 166.9546241760254, 202.6010639667511, 183.33128905296326, 201.9607470035553, 200.47474813461304, 200.8718400001526, 185.34265208244324]
brighton.txt
28, 28.40, [28, 30, 28, 28, 28, 28, 28, 28, 30, 28], [33.08764290809631, 36.9755859375, 42.276708126068115, 38.38670206069946, 37.798178911209106, 43.100831031799316, 41.90383315086365, 40.91283893585205, 39.69370985031128, 36.48918390274048]
bristol.txt
46, 47.50, [48, 46, 47, 48, 46, 48, 50, 48, 48, 46], [113.77320790290833, 111.42518615722656, 93.26099801063538, 95.88900589942932, 92.33100390434265, 96.63900303840637, 113.81243300437927, 109.40078997612, 108.06428694725037, 103.44348287582397]
cardiff.txt
49, 50.30, [50, 50, 51, 50, 49, 51, 51, 50, 50, 51], [28.990906953811646, 37.654175996780396, 32.32119107246399, 32.585176944732666, 37.24617385864258, 33.86601400375366, 37.033020973205566, 35.832448959350586, 34.45432496070862, 32.468162059783936]
coventry.txt
44, 44.70, [45, 45, 45, 45, 44, 45, 44, 45, 45, 44], [45.612419843673706, 37.165772914886475, 46.773417949676514, 38.95841693878174, 38.94641995429993, 45.66741609573364, 39.340415954589844, 43.36774396896362, 41.33565020561218, 38.793128967285156]
exeter.txt
50, 50.70, [50, 52, 51, 50, 51, 50, 51, 51, 50, 51], [50.96716094017029, 55.58079385757446, 54.25162696838379, 65.9299168586731, 56.06810188293457, 65.05939817428589, 64.65056300163269, 63.60442495346069, 62.020304918289185, 60.33378195762634]
glasgow.txt
57, 59.80, [60, 62, 60, 57, 60, 58, 61, 60, 60, 60], [43.5090069770813, 46.373865842819214, 45.5053870677948, 53.874852895736694, 47.01585412025452, 53.46199703216553, 53.71013402938843, 52.531068086624146, 50.71401906013489, 48.39294791221619]
leeds.txt
51, 52.50, [53, 51, 53, 53, 51, 53, 52, 54, 53, 52], [157.92961287498474, 130.00634908676147, 156.2816059589386, 138.28408694267273, 135.4575629234314, 152.91808605194092, 153.48808193206787, 153.6521270275116, 143.58415913581848, 147.15452599525452]
leicester.txt
51, 51.90, [52, 52, 52, 53, 52, 52, 52, 51, 51, 52], [100.52753114700317, 115.95181608200073, 127.22862195968628, 122.90262079238892, 121.62762212753296, 118.96499419212341, 118.59046292304993, 124.4445059299469, 118.42480087280273, 120.19683790206909]
liverpool.txt
38, 38.60, [39, 38, 40, 38, 38, 38, 39, 39, 38, 39], [64.44250702857971, 82.91389393806458, 88.6963632106781, 81.62014508247375, 65.28570508956909, 79.21128416061401, 73.65523195266724, 84.21956896781921, 74.88987898826599, 83.5101089477539]
manchester.txt
45, 45.90, [46, 46, 46, 46, 46, 46, 45, 45, 47, 46], [247.3408350944519, 226.20831108093262, 233.3021891117096, 239.69562911987305, 246.25815391540527, 231.0529179573059, 240.03402996063232, 224.76049780845642, 221.03982496261597, 235.8303940296173]
newcastle.txt
53, 54.30, [54, 54, 55, 55, 55, 54, 55, 54, 54, 53], [51.291419982910156, 58.75104784965515, 54.12805414199829, 47.89541506767273, 51.323047161102295, 56.77404999732971, 56.983052015304565, 56.61708402633667, 54.610921144485474, 45.94839787483215]
nottingham.txt
55, 56.50, [55, 58, 56, 57, 55, 56, 57, 58, 55, 58], [144.75918817520142, 127.29080200195312, 129.66345310211182, 139.90819001197815, 136.93518090248108, 142.37989616394043, 142.69789099693298, 136.0028932094574, 139.6395139694214, 133.20481514930725]
oxford.txt
27, 28.00, [28, 28, 28, 28, 28, 28, 29, 29, 27, 27], [3.2860021591186523, 3.7740039825439453, 3.652000904083252, 3.4880008697509766, 3.5039641857147217, 3.5039970874786377, 3.8240010738372803, 3.6079981327056885, 3.062052011489868, 2.520040988922119]
plymouth.txt
39, 40.40, [42, 40, 40, 41, 41, 40, 40, 39, 41, 40], [63.19184899330139, 49.68035387992859, 51.29334807395935, 65.65538716316223, 56.62183713912964, 52.86983609199524, 63.88437509536743, 61.84437084197998, 61.33441710472107, 58.357797145843506]
sheffield.txt
51, 53.20, [53, 53, 53, 53, 51, 53, 54, 53, 55, 54], [137.5060920715332, 140.77119898796082, 140.16466879844666, 141.41633415222168, 114.85993885993958, 115.2678108215332, 133.33469104766846, 125.26100587844849, 123.23900508880615, 131.1697280406952]
southampton.txt
28, 30.10, [28, 29, 32, 30, 30, 30, 31, 31, 29, 31], [16.171036958694458, 16.67303490638733, 20.959677934646606, 20.738674879074097, 19.262678146362305, 18.940675020217896, 19.281673192977905, 17.40766978263855, 15.170755863189697, 13.250942945480347]
sunderland.txt
46, 46.10, [46, 46, 46, 46, 46, 46, 46, 46, 46, 47], [103.12073111534119, 111.1563549041748, 106.75621104240417, 115.74035882949829, 91.58194208145142, 102.87047910690308, 104.97548007965088, 111.8664858341217, 109.90178489685059, 106.72503304481506]
york.txt
39, 39.40, [39, 40, 39, 39, 40, 40, 39, 40, 39, 39], [22.603766918182373, 24.683320999145508, 29.789440155029297, 25.48444104194641, 26.89444088935852, 30.497439861297607, 29.259564876556396, 28.528965950012207, 25.857090950012207, 24.246164083480835]
