bath.txt
88, 88.70, [88, 89, 88, 89, 88, 88, 88, 90, 90, 89], [181.00182008743286, 209.16727709770203, 182.89075589179993, 183.4352729320526, 236.31989693641663, 235.87390089035034, 231.7328999042511, 233.38089394569397, 215.4343810081482, 230.02751994132996]
belfast.txt
98, 99.70, [101, 99, 100, 100, 99, 98, 103, 99, 99, 99], [1050.8795919418335, 1092.2984580993652, 1286.7808711528778, 1297.968878030777, 1011.4506719112396, 1263.9253120422363, 1118.850822210312, 1286.7335669994354, 1279.0509240627289, 1283.4854509830475]
brighton.txt
48, 49.50, [51, 50, 50, 49, 49, 48, 49, 51, 50, 48], [230.21063494682312, 180.52387619018555, 182.44141006469727, 225.89049696922302, 178.0803530216217, 172.37869906425476, 224.18767309188843, 228.32996106147766, 224.61431503295898, 217.8559069633484]
bristol.txt
91, 94.10, [96, 95, 93, 96, 94, 94, 93, 94, 91, 95], [773.3510599136353, 797.5180640220642, 818.1642680168152, 747.5320680141449, 864.4185309410095, 835.2144129276276, 864.9969379901886, 813.2228858470917, 818.4131779670715, 865.2237739562988]
cardiff.txt
95, 96.20, [96, 96, 96, 96, 96, 97, 97, 95, 97, 96], [381.1575598716736, 365.73755502700806, 391.6868300437927, 404.6658298969269, 452.4878270626068, 381.76882910728455, 447.6078290939331, 444.6138319969177, 456.1921601295471, 436.1891620159149]
coventry.txt
86, 87.00, [88, 87, 87, 86, 87, 87, 88, 86, 87, 87], [281.748085975647, 346.5760941505432, 328.20608401298523, 276.7340850830078, 340.5320851802826, 272.73208498954773, 313.1090850830078, 336.74111890792847, 334.96212792396545, 333.46530413627625]
exeter.txt
95, 95.90, [96, 95, 96, 96, 96, 96, 96, 95, 96, 97], [527.4739329814911, 527.3939328193665, 426.45041394233704, 472.2074308395386, 421.16340804100037, 519.1169319152832, 522.4839820861816, 410.4684109687805, 515.2299780845642, 497.04587411880493]
glasgow.txt
108, 110.30, [110, 111, 108, 112, 112, 111, 108, 110, 110, 111], [401.9430570602417, 502.1911427974701, 460.11739778518677, 410.2201769351959, 422.210018157959, 504.476674079895, 494.61174607276917, 455.75019907951355, 495.69813084602356, 496.9086470603943]
leeds.txt
99, 99.50, [99, 100, 99, 100, 100, 100, 100, 99, 99, 99], [938.3835289478302, 952.5456171035767, 1193.8388421535492, 1196.4113290309906, 1190.507669210434, 1117.5542631149292, 949.6035549640656, 1054.9432899951935, 1188.1112129688263, 1184.086569070816]
leicester.txt
94, 95.80, [96, 98, 94, 95, 95, 96, 96, 98, 95, 95], [876.4481539726257, 894.7545590400696, 678.1763868331909, 724.7313570976257, 712.2947161197662, 729.7353608608246, 880.2364249229431, 888.2073829174042, 872.4976351261139, 867.539981842041]
liverpool.txt
71, 72.00, [73, 72, 72, 71, 71, 73, 72, 73, 72, 71], [402.119353055954, 489.35123085975647, 399.3211569786072, 385.8010959625244, 481.58578085899353, 406.7257649898529, 486.83375811576843, 484.6327621936798, 479.05463194847107, 477.2381000518799]
manchester.txt
90, 93.10, [95, 93, 93, 92, 94, 94, 93, 90, 94, 93], [1638.9532101154327, 1314.4880340099335, 1487.997714996338, 1631.085433959961, 1323.34432888031, 1335.4143390655518, 1624.4077820777893, 1588.7624199390411, 1623.9714260101318, 1489.7254891395569]
newcastle.txt
95, 95.70, [95, 96, 96, 95, 95, 96, 96, 95, 97, 96], [357.4611990451813, 355.37267994880676, 454.24080896377563, 364.26992201805115, 448.8832850456238, 365.2714488506317, 455.9353220462799, 449.7503068447113, 450.07800102233887, 447.0400369167328]
nottingham.txt
101, 102.90, [104, 104, 101, 103, 104, 102, 104, 102, 102, 103], [952.532555103302, 1172.4370119571686, 1153.3329651355743, 939.915561914444, 1024.5419340133667, 900.0556840896606, 1178.776349067688, 1120.3424799442291, 1154.6693930625916, 1166.7738370895386]
oxford.txt
54, 54.80, [55, 55, 56, 55, 55, 54, 54, 55, 54, 55], [37.403619050979614, 38.82398319244385, 33.65201711654663, 33.90186905860901, 34.73433804512024, 33.65734100341797, 37.02109384536743, 35.98726010322571, 33.58025789260864, 31.51388907432556]
plymouth.txt
73, 76.20, [73, 77, 76, 78, 76, 76, 75, 77, 78, 76], [325.9791889190674, 344.8427300453186, 337.21128606796265, 350.858834028244, 420.8348832130432, 420.2454628944397, 416.43635511398315, 421.66145396232605, 420.2089259624481, 415.9322741031647]
sheffield.txt
98, 100.10, [98, 101, 100, 99, 99, 100, 101, 101, 101, 101], [861.883670091629, 1080.4564280509949, 890.4727611541748, 886.1157619953156, 895.7927589416504, 1099.5760958194733, 1101.2788579463959, 1091.9033999443054, 1089.8745651245117, 1090.9123520851135]
southampton.txt
61, 61.80, [61, 62, 62, 63, 63, 63, 61, 61, 61, 61], [151.6819999217987, 170.09099817276, 162.39299607276917, 191.6169958114624, 181.03299498558044, 190.36699795722961, 177.3869960308075, 179.76400208473206, 178.3399999141693, 172.62800097465515]
sunderland.txt
87, 88.20, [87, 89, 89, 89, 88, 88, 88, 88, 87, 89], [510.92908906936646, 568.691034078598, 532.9327619075775, 544.0340518951416, 682.1710369586945, 685.7670381069183, 683.5010368824005, 681.7449519634247, 672.7553949356079, 661.3752589225769]
york.txt
76, 77.70, [80, 78, 77, 79, 77, 77, 76, 77, 78, 78], [286.36259293556213, 230.19055795669556, 222.8788239955902, 237.49366784095764, 223.9964520931244, 272.8016450405121, 276.6813189983368, 272.0406279563904, 272.5206320285797, 270.8112680912018]
