bath.txt
87, 88.20, [89, 88, 88, 88, 88, 89, 87, 88, 88, 89], [553.332859992981, 526.4001960754395, 555.3015649318695, 682.5084660053253, 629.9201261997223, 698.1498138904572, 679.4858088493347, 596.5432460308075, 674.0736949443817, 686.8995780944824]
belfast.txt
96, 98.40, [99, 99, 99, 97, 100, 96, 99, 98, 98, 99], [3517.5717339515686, 3595.8059339523315, 3375.917302131653, 3422.581293106079, 3106.862599134445, 3614.412136077881, 3428.4166390895844, 3622.7013700008392, 3688.7087042331696, 3671.8331911563873]
brighton.txt
48, 49.20, [50, 50, 50, 48, 50, 48, 50, 49, 49, 48], [520.1162009239197, 510.8121991157532, 441.2096378803253, 497.3333740234375, 550.9322490692139, 538.26291680336, 443.4438898563385, 547.2154860496521, 520.5335748195648, 539.3674499988556]
bristol.txt
92, 93.90, [96, 97, 96, 93, 93, 92, 94, 92, 93, 93], [2431.15962100029, 2355.550985097885, 2279.812673807144, 2182.0628480911255, 2291.236921072006, 2368.5922479629517, 2448.9824690818787, 2348.8185498714447, 2230.481216907501, 2189.7657589912415]
cardiff.txt
93, 94.60, [96, 95, 94, 93, 94, 96, 94, 94, 95, 95], [1069.4758470058441, 1221.4869740009308, 1292.7539761066437, 1301.3749749660492, 1196.3779759407043, 1222.5939769744873, 1260.0579750537872, 1180.6429748535156, 1186.2949769496918, 1273.1309740543365]
coventry.txt
83, 86.30, [87, 87, 87, 85, 87, 88, 83, 85, 87, 87], [960.9296309947968, 1039.3576350212097, 1040.5406329631805, 880.8650200366974, 946.3186271190643, 986.6596350669861, 947.1456320285797, 964.1706309318542, 1028.112636089325, 1034.1316330432892]
exeter.txt
95, 96.20, [96, 96, 96, 95, 95, 98, 98, 97, 95, 96], [1427.3704979419708, 1355.912407875061, 1175.963438987732, 1468.4355251789093, 1159.7055189609528, 1337.5331010818481, 1407.9470310211182, 1479.2852900028229, 1458.1019959449768, 1451.07834815979]
glasgow.txt
110, 110.80, [110, 110, 110, 111, 111, 112, 113, 110, 111, 110], [1462.3612549304962, 1456.9882500171661, 1248.8684470653534, 1499.1152470111847, 1495.1372520923615, 1551.1382579803467, 1546.2970881462097, 1530.77228307724, 1489.3071248531342, 1383.4370501041412]
leeds.txt
99, 99.40, [100, 99, 100, 99, 100, 99, 99, 99, 100, 99], [2642.967705011368, 2952.0078830718994, 3311.745668888092, 3022.4784500598907, 2779.2239751815796, 3109.7427971363068, 3289.8986949920654, 3311.3206040859222, 3297.9375789165497, 3077.0432069301605]
leicester.txt
94, 95.60, [94, 96, 95, 96, 94, 94, 96, 97, 97, 97], [2437.623531103134, 2408.5667819976807, 2045.6025388240814, 2430.1663620471954, 2073.2571041584015, 1887.3335840702057, 2045.7904081344604, 2481.0353379249573, 2469.615716934204, 2487.9006249904633]
liverpool.txt
71, 72.30, [72, 72, 72, 74, 73, 73, 71, 71, 73, 72], [1232.1258268356323, 1123.9097678661346, 1033.9899008274078, 1092.108272075653, 1303.01464509964, 1051.7264330387115, 1289.8118162155151, 1291.9812841415405, 1299.3502411842346, 1286.4466729164124]
manchester.txt
91, 92.70, [93, 92, 92, 93, 94, 93, 92, 93, 91, 94], [3534.5974979400635, 3593.5424189567566, 4266.44619679451, 3413.5743448734283, 4251.887573003769, 3468.0412311553955, 4254.284883975983, 4263.639070034027, 4239.7975170612335, 4292.315967082977]
newcastle.txt
95, 95.30, [95, 95, 95, 96, 95, 96, 96, 95, 95, 95], [1281.876622915268, 998.512139081955, 1064.048413991928, 1276.9275150299072, 1042.7071371078491, 1045.9997749328613, 1286.483225107193, 1278.1111290454865, 1256.56658411026, 1276.5236279964447]
nottingham.txt
102, 103.00, [103, 103, 102, 104, 102, 103, 103, 103, 104, 103], [2991.286341905594, 2745.9251770973206, 3366.6042289733887, 2798.632323026657, 3288.1204431056976, 3127.9184980392456, 3439.953561067581, 3155.780935049057, 3446.4391570091248, 3448.7341389656067]
oxford.txt
54, 55.50, [56, 56, 57, 55, 56, 54, 55, 55, 56, 55], [78.36448097229004, 79.05847907066345, 100.81833600997925, 80.45795607566833, 100.62433505058289, 77.11831879615784, 96.84269094467163, 96.81391406059265, 95.79640984535217, 92.99687004089355]
plymouth.txt
72, 75.30, [75, 75, 76, 77, 75, 77, 77, 76, 72, 73], [1119.2391819953918, 893.7396280765533, 1038.9482979774475, 1141.672627210617, 914.9204750061035, 943.4770040512085, 1097.7626099586487, 1127.3655831813812, 1096.2252328395844, 1105.5855641365051]
sheffield.txt
97, 99.10, [100, 101, 100, 99, 98, 97, 100, 100, 97, 99], [2768.85484790802, 2677.337285041809, 2792.221612930298, 2783.5344281196594, 2853.682585954666, 2804.836317062378, 2934.7462689876556, 2358.5098869800568, 2908.0499720573425, 2722.2791571617126]
southampton.txt
59, 61.40, [62, 59, 61, 62, 60, 61, 62, 61, 63, 63], [399.41815304756165, 493.3981411457062, 471.8021340370178, 485.0781350135803, 431.42513394355774, 467.0091378688812, 518.4511349201202, 511.0381381511688, 407.4983410835266, 520.9051361083984]
sunderland.txt
87, 88.40, [88, 87, 88, 88, 89, 88, 89, 89, 88, 90], [1401.3639039993286, 1783.9013471603394, 1402.5415308475494, 1735.0482740402222, 1699.2662529945374, 1510.9790320396423, 1679.3703210353851, 1769.2983539104462, 1761.7063879966736, 1783.455421924591]
york.txt
76, 77.10, [76, 77, 77, 77, 78, 78, 77, 77, 76, 78], [608.4077270030975, 595.035150051117, 606.8877282142639, 753.2104458808899, 637.5754961967468, 770.9701290130615, 766.1539499759674, 766.3939678668976, 763.1274421215057, 756.5381388664246]
