bath.txt
159, 161.40, [160, 161, 163, 162, 159, 161, 161, 162, 164, 161], [1146.9553990364075, 1437.3656477928162, 1447.8077158927917, 1301.538417816162, 1317.4748780727386, 1449.4526200294495, 1165.7347569465637, 1443.743539094925, 1225.963616847992, 1436.3980860710144]
belfast.txt
178, 180.70, [183, 181, 178, 181, 181, 183, 181, 179, 181, 179], [6950.037455797195, 6777.094937086105, 7800.0591559410095, 7534.705978155136, 7777.284348011017, 7209.501426935196, 7234.376569032669, 7896.521493911743, 7710.864469051361, 7885.7297151088715]
brighton.txt
93, 95.10, [95, 93, 94, 96, 94, 94, 96, 96, 95, 98], [939.8380811214447, 1127.2964239120483, 1149.596148967743, 974.8351697921753, 913.1359519958496, 926.9729890823364, 1164.7436211109161, 1156.071802854538, 1152.146278142929, 1164.3472578525543]
bristol.txt
176, 177.30, [177, 177, 177, 178, 178, 176, 177, 177, 178, 178], [4105.919200897217, 5146.413165092468, 5142.120167016983, 4155.019340991974, 4595.513531923294, 4521.725634098053, 5125.550164937973, 4401.888108968735, 5154.440776109695, 5199.033708810806]
cardiff.txt
179, 183.00, [179, 184, 184, 181, 185, 182, 186, 184, 183, 182], [2052.8832619190216, 2205.823667049408, 2171.949858903885, 2532.006376028061, 2710.5187408924103, 2681.2609791755676, 2669.403067111969, 2455.3394391536713, 2686.9873900413513, 2663.987483024597]
coventry.txt
170, 172.10, [174, 174, 171, 174, 171, 172, 171, 170, 172, 172], [2254.3060228824615, 2657.6940569877625, 2651.406410932541, 2172.198975086212, 2192.118746995926, 2151.2123789787292, 2655.959053993225, 2621.212380886078, 2645.3189249038696, 2649.219596862793]
exeter.txt
180, 181.60, [182, 181, 180, 182, 181, 184, 181, 181, 182, 182], [3593.073117017746, 3478.689489841461, 2789.2830159664154, 3392.674329996109, 3062.501184940338, 3172.183156967163, 3544.253953933716, 3589.6977338790894, 3545.8632249832153, 3228.709907054901]
glasgow.txt
196, 199.20, [200, 200, 202, 196, 200, 198, 201, 197, 199, 199], [3206.6814119815826, 2704.377498149872, 3209.877774000168, 2750.39599609375, 3098.1562988758087, 2949.558275938034, 3214.471055984497, 3060.970184803009, 3297.4683861732483, 3290.607330083847]
leeds.txt
185, 186.90, [188, 187, 185, 185, 187, 187, 189, 187, 188, 186], [7011.276601791382, 6432.652731895447, 7063.128064155579, 6105.915761947632, 6925.231271028519, 7025.872848033905, 6942.100795030594, 7016.79070186615, 7167.84032702446, 6936.413793087006]
leicester.txt
175, 177.20, [177, 178, 177, 176, 178, 178, 175, 177, 179, 177], [5356.108608961105, 5196.064112901688, 4891.004678010941, 5434.365090847015, 5488.998599052429, 5387.164108991623, 5199.741888046265, 4524.9939250946045, 5285.333245038986, 4744.9558091163635]
liverpool.txt
133, 134.20, [133, 134, 133, 135, 135, 134, 134, 134, 134, 136], [2141.983762025833, 2682.3434369564056, 2630.1646139621735, 2344.035488843918, 2216.9284958839417, 2254.6669540405273, 2682.946930885315, 2679.030674934387, 2656.0401430130005, 2690.08948302269]
manchester.txt
178, 178.90, [179, 178, 178, 178, 179, 179, 178, 180, 180, 180], [10051.189924955368, 10111.87492799759, 9796.114228963852, 9637.655610084534, 9626.828608036041, 9895.093889951706, 9828.698881149292, 9466.010782003403, 9746.079224824905, 9282.82268190384]
newcastle.txt
170, 172.00, [174, 173, 171, 172, 173, 173, 172, 171, 171, 170], [2260.4658279418945, 2332.805979013443, 2457.514235973358, 2235.852791070938, 2020.431354045868, 2493.0335800647736, 2309.2413108348846, 2425.423794031143, 2493.5153770446777, 2434.4644389152527]
nottingham.txt
191, 195.90, [195, 193, 191, 194, 197, 200, 201, 196, 196, 196], [2583.1461617946625, 2520.0484898090363, 3498.263333082199, 3698.950949907303, 3002.125834941864, 2988.8909249305725, 2413.999641895294, 2254.339602947235, 2277.995090007782, 2234.8374700546265]
oxford.txt
99, 101.10, [100, 99, 102, 99, 103, 103, 102, 100, 102, 101], [57.376060009002686, 57.61103105545044, 59.47495102882385, 58.09202694892883, 61.44907593727112, 59.524909019470215, 59.82558512687683, 58.05660104751587, 60.231062173843384, 59.8011109828949]
plymouth.txt
137, 138.40, [140, 139, 138, 137, 138, 139, 138, 139, 138, 138], [645.6930267810822, 646.0530910491943, 647.7789280414581, 641.4027087688446, 627.1346068382263, 619.7680060863495, 618.8600358963013, 647.0011308193207, 641.0083792209625, 623.0288469791412]
sheffield.txt
182, 183.90, [185, 184, 183, 184, 184, 182, 184, 182, 183, 188], [1773.5394690036774, 1784.6023490428925, 1786.0569849014282, 1755.714017868042, 1752.988004207611, 1767.3816120624542, 1786.7443521022797, 1710.5708730220795, 1707.7204308509827, 1848.131322145462]
southampton.txt
113, 114.50, [113, 115, 113, 115, 114, 113, 114, 116, 116, 116], [218.82840585708618, 225.5868170261383, 223.14284801483154, 225.06989002227783, 224.4005789756775, 217.0400688648224, 226.07706904411316, 227.0760669708252, 233.1833291053772, 227.18093299865723]
sunderland.txt
163, 165.10, [167, 167, 165, 164, 164, 166, 165, 163, 167, 163], [1064.0727479457855, 1089.2880611419678, 1045.9351789951324, 1044.5429050922394, 1065.9141569137573, 1062.4349670410156, 1039.513850927353, 978.4871251583099, 1103.6643102169037, 1077.6184899806976]
york.txt
144, 146.30, [144, 148, 148, 146, 146, 145, 147, 147, 146, 146], [551.8495841026306, 596.8146550655365, 559.6482028961182, 552.0337498188019, 600.5282289981842, 614.3407120704651, 582.4341371059418, 579.1640830039978, 642.8297529220581, 632.2086548805237]
