bath.txt
43, 43.60, [44, 44, 43, 44, 44, 43, 43, 43, 44, 44], [97.96254396438599, 101.11453986167908, 116.7678279876709, 125.20182394981384, 125.36085987091064, 119.80182385444641, 122.12382793426514, 108.71367907524109, 105.92115116119385, 115.88700103759766]
belfast.txt
49, 50.70, [50, 49, 51, 51, 52, 51, 51, 50, 51, 51], [663.7532651424408, 653.8188581466675, 849.8606450557709, 831.8463568687439, 699.2961139678955, 842.9170088768005, 842.9824569225311, 683.7623269557953, 838.6017920970917, 835.0041701793671]
brighton.txt
27, 27.90, [28, 28, 28, 28, 27, 28, 28, 28, 28, 28], [167.3215308189392, 176.92691111564636, 213.42181205749512, 214.0948088169098, 165.44366908073425, 173.68990802764893, 210.81470799446106, 207.89257717132568, 207.90854382514954, 205.50954699516296]
bristol.txt
46, 47.40, [49, 49, 47, 47, 47, 47, 46, 48, 47, 47], [389.9208879470825, 469.01877999305725, 461.6490559577942, 428.85766196250916, 374.9110767841339, 379.58123779296875, 451.4418640136719, 461.4631450176239, 413.42923307418823, 453.9499499797821]
cardiff.txt
48, 48.70, [48, 48, 49, 48, 48, 49, 49, 49, 48, 51], [170.06731700897217, 150.26684093475342, 137.03194093704224, 172.57048892974854, 167.4229280948639, 172.41382217407227, 139.23749494552612, 146.97064590454102, 167.08076786994934, 161.85563492774963]
coventry.txt
44, 44.30, [44, 44, 44, 44, 45, 44, 45, 44, 44, 45], [165.25486493110657, 163.05997610092163, 206.25674486160278, 193.70771098136902, 206.71638107299805, 168.80431509017944, 205.9984118938446, 203.73721385002136, 183.42401218414307, 199.7002420425415]
exeter.txt
47, 48.30, [48, 48, 47, 49, 48, 48, 49, 49, 48, 49], [243.88505578041077, 311.0275468826294, 309.46953988075256, 252.73828220367432, 284.6934721469879, 246.17741107940674, 288.8588628768921, 309.5548141002655, 305.358127117157, 305.49488401412964]
glasgow.txt
58, 58.80, [59, 59, 59, 58, 59, 59, 59, 58, 59, 59], [273.76554894447327, 273.1635489463806, 225.0417218208313, 219.2864499092102, 222.6197018623352, 223.85316801071167, 272.1656939983368, 267.9021191596985, 267.02098298072815, 265.0939691066742]
leeds.txt
51, 51.40, [51, 52, 51, 51, 51, 52, 51, 52, 52, 51], [560.7350900173187, 646.9273209571838, 666.4203090667725, 668.015303850174, 652.2153038978577, 638.8373069763184, 623.951719045639, 664.5413029193878, 672.5874450206757, 669.6899590492249]
leicester.txt
50, 51.80, [52, 51, 50, 51, 53, 54, 52, 52, 52, 51], [553.8787839412689, 535.9586689472198, 603.9979810714722, 621.8549559116364, 600.3959031105042, 629.1905469894409, 576.5134530067444, 572.8976380825043, 615.0229249000549, 602.9286758899689]
liverpool.txt
38, 39.40, [38, 40, 40, 40, 40, 40, 40, 38, 38, 40], [325.84459710121155, 351.38923597335815, 329.99245500564575, 347.9519500732422, 332.0699899196625, 340.36523509025574, 307.2862720489502, 309.02697587013245, 330.9463109970093, 322.09172892570496]
manchester.txt
45, 45.50, [45, 45, 46, 45, 46, 45, 45, 46, 46, 46], [977.6586000919342, 990.8396210670471, 982.9864580631256, 983.5449340343475, 966.5669338703156, 987.3549358844757, 950.8406307697296, 942.4975771903992, 986.8366360664368, 972.0015060901642]
newcastle.txt
50, 52.60, [53, 53, 52, 53, 53, 52, 54, 53, 53, 50], [236.5374140739441, 253.6954789161682, 223.5021049976349, 255.60748100280762, 236.5234818458557, 245.8564841747284, 250.4294891357422, 256.33648109436035, 258.30481004714966, 248.84101605415344]
nottingham.txt
52, 54.10, [54, 55, 52, 52, 53, 55, 54, 55, 54, 57], [523.101958990097, 610.9783670902252, 496.1270308494568, 592.4503681659698, 585.6623659133911, 576.8803708553314, 568.0073709487915, 596.5102670192719, 578.7442281246185, 571.3445918560028]
oxford.txt
27, 28.30, [28, 28, 28, 29, 29, 29, 28, 28, 29, 27], [22.642157077789307, 24.645153999328613, 23.789159059524536, 23.551151037216187, 23.39515709877014, 23.30480694770813, 24.79780101776123, 23.83483099937439, 21.405675888061523, 19.040141105651855]
plymouth.txt
40, 40.70, [42, 40, 40, 41, 40, 40, 41, 41, 41, 41], [307.989629983902, 258.81510186195374, 307.0516679286957, 301.86462593078613, 297.1229338645935, 304.1659379005432, 305.895947933197, 260.99704098701477, 271.5965919494629, 265.094064950943]
sheffield.txt
52, 54.00, [55, 53, 56, 54, 52, 54, 53, 55, 54, 54], [701.5131130218506, 664.8591549396515, 687.6951529979706, 655.9171578884125, 697.1781549453735, 612.4901030063629, 697.8341579437256, 692.5021600723267, 699.8905079364777, 693.6918931007385]
southampton.txt
28, 28.50, [28, 28, 28, 29, 28, 28, 29, 28, 30, 29], [84.5755341053009, 88.22791385650635, 72.40991592407227, 94.50492000579834, 88.97993898391724, 94.72892117500305, 92.82391905784607, 94.35491299629211, 94.7828299999237, 87.10426902770996]
sunderland.txt
46, 46.00, [46, 46, 46, 46, 46, 46, 46, 46, 46, 46], [425.69810795783997, 448.3337678909302, 435.5807349681854, 428.4117360115051, 414.20160388946533, 428.791738986969, 402.0886209011078, 438.36577701568604, 420.20273995399475, 429.3217360973358]
york.txt
39, 39.40, [39, 39, 39, 39, 39, 39, 40, 41, 40, 39], [130.13665509223938, 158.007474899292, 142.84403705596924, 144.25893187522888, 123.04873490333557, 125.26038408279419, 155.32010102272034, 157.43200707435608, 153.73596692085266, 148.8456950187683]
