bath.txt
43, 44.70, [44, 43, 44, 44, 46, 46, 45, 44, 45, 46], [51.591874837875366, 40.65986919403076, 43.934422969818115, 44.91634798049927, 48.328869104385376, 56.092875957489014, 55.18786811828613, 53.3378689289093, 52.822492837905884, 50.78592300415039]
belfast.txt
49, 50.60, [51, 51, 51, 51, 51, 49, 51, 51, 50, 50], [404.28211402893066, 332.23271083831787, 420.3003170490265, 340.090842962265, 336.8848431110382, 340.0926640033722, 418.62626695632935, 415.12026810646057, 409.4051260948181, 406.36059403419495]
brighton.txt
27, 27.70, [27, 28, 27, 28, 28, 28, 28, 28, 28, 27], [67.59099102020264, 73.84921598434448, 90.13728618621826, 92.69896101951599, 76.68458604812622, 77.15396094322205, 90.34901809692383, 89.73549580574036, 87.62937092781067, 83.98884391784668]
bristol.txt
46, 48.00, [48, 48, 47, 49, 46, 49, 48, 49, 49, 47], [161.40622878074646, 208.96673393249512, 203.66574001312256, 211.65485501289368, 157.712229013443, 182.66704988479614, 169.30711197853088, 207.78158402442932, 201.61028385162354, 200.2767629623413]
cardiff.txt
49, 50.60, [50, 52, 51, 49, 51, 51, 51, 50, 52, 49], [66.28140616416931, 70.87793016433716, 85.88136601448059, 66.8027560710907, 86.65518403053284, 71.64434099197388, 85.49977493286133, 84.05677700042725, 83.22881698608398, 78.84614300727844]
coventry.txt
44, 44.70, [46, 44, 44, 45, 45, 44, 44, 45, 45, 45], [73.47992205619812, 72.1809151172638, 89.56767797470093, 75.15254616737366, 91.83837985992432, 73.51054406166077, 88.30937004089355, 87.74400901794434, 86.99736213684082, 83.46836495399475]
exeter.txt
47, 48.60, [49, 49, 47, 49, 49, 49, 50, 49, 48, 47], [110.95455288887024, 138.1512930393219, 117.6276159286499, 115.05164289474487, 115.9466438293457, 143.62777495384216, 146.09078097343445, 143.93067288398743, 141.48114204406738, 137.70611190795898]
glasgow.txt
58, 59.20, [59, 61, 59, 58, 61, 59, 58, 58, 59, 60], [87.13097596168518, 95.2253360748291, 110.0923011302948, 111.96128797531128, 94.2393250465393, 91.41263580322266, 110.11484408378601, 109.38268995285034, 109.19299292564392, 106.46846795082092]
leeds.txt
51, 52.10, [51, 51, 52, 53, 53, 52, 51, 53, 52, 53], [330.92864894866943, 310.6045410633087, 313.0571630001068, 337.9736850261688, 324.03368496894836, 313.20316314697266, 308.7641649246216, 331.42407488822937, 319.929141998291, 316.373615026474]
leicester.txt
50, 50.60, [50, 50, 51, 51, 50, 50, 51, 53, 50, 50], [270.6245939731598, 232.49941110610962, 271.40359902381897, 258.8405930995941, 260.1365931034088, 270.77606296539307, 265.69606614112854, 260.9939410686493, 239.75741982460022, 263.68841314315796]
liverpool.txt
38, 39.10, [39, 39, 40, 40, 38, 38, 40, 40, 39, 38], [192.43386101722717, 184.4971640110016, 203.9292769432068, 198.7440869808197, 201.368469953537, 186.89134192466736, 196.0688190460205, 202.6538908481598, 199.6191439628601, 194.79610800743103]
manchester.txt
45, 45.80, [47, 46, 45, 46, 46, 46, 46, 45, 46, 45], [422.1156060695648, 446.3048119544983, 420.69260001182556, 444.2967998981476, 455.7047939300537, 455.67479705810547, 458.2037959098816, 444.77679920196533, 453.7218379974365, 451.25938296318054]
newcastle.txt
52, 53.20, [54, 53, 54, 54, 54, 53, 53, 53, 52, 52], [124.53147602081299, 137.26498103141785, 137.33798503875732, 119.74734711647034, 120.29892897605896, 131.48646092414856, 121.31345319747925, 134.84145379066467, 126.1914849281311, 118.81645798683167]
nottingham.txt
55, 56.40, [56, 57, 56, 57, 55, 57, 56, 56, 58, 56], [248.38167095184326, 279.1882121562958, 301.0226640701294, 248.48877716064453, 282.502888917923, 299.5992820262909, 297.5822789669037, 292.38665795326233, 287.0166790485382, 264.58303213119507]
oxford.txt
27, 28.10, [27, 29, 28, 28, 29, 28, 28, 28, 28, 28], [6.540000915527344, 8.901968955993652, 9.224998950958252, 9.950999975204468, 10.321896076202393, 10.00589394569397, 9.074419021606445, 8.573431015014648, 7.444437026977539, 6.291798114776611]
plymouth.txt
39, 40.10, [39, 41, 40, 40, 42, 41, 41, 39, 39, 39], [145.82029604911804, 130.03755402565002, 143.15531587600708, 144.21933317184448, 124.15102005004883, 130.40419006347656, 130.8593258857727, 138.95435500144958, 139.75525903701782, 131.88967299461365]
sheffield.txt
53, 54.40, [54, 53, 56, 55, 54, 56, 54, 55, 54, 53], [283.4554798603058, 303.5694808959961, 314.43626403808594, 301.8625159263611, 292.8088698387146, 302.7705240249634, 294.4079918861389, 308.8511960506439, 294.8355128765106, 298.3697090148926]
southampton.txt
28, 29.20, [28, 30, 31, 28, 29, 28, 31, 29, 29, 29], [36.221627950668335, 39.02374601364136, 44.47226691246033, 40.60615587234497, 38.654627084732056, 36.08462691307068, 40.70849895477295, 35.82350516319275, 37.41982412338257, 35.15082812309265]
sunderland.txt
46, 46.00, [46, 46, 46, 46, 46, 46, 46, 46, 46, 46], [204.56213998794556, 206.92479395866394, 208.29179406166077, 215.2627899646759, 200.67779278755188, 190.4224829673767, 209.95388007164001, 199.73264598846436, 204.06520700454712, 200.9215590953827]
york.txt
39, 39.30, [39, 39, 39, 40, 39, 40, 39, 39, 39, 40], [54.76841998100281, 65.09508180618286, 72.8394660949707, 72.88046288490295, 66.14893698692322, 73.8329770565033, 70.22296500205994, 65.49729299545288, 67.67467904090881, 60.49352979660034]
