bath.txt
87, 88.50, [88, 87, 90, 90, 89, 88, 87, 88, 89, 89], [86.96108913421631, 92.9291250705719, 76.7192599773407, 77.53726816177368, 86.19912195205688, 85.26512002944946, 87.24212002754211, 89.8481240272522, 88.5671238899231, 85.96071004867554]
belfast.txt
95, 99.30, [100, 100, 100, 95, 101, 100, 101, 101, 96, 99], [514.2096140384674, 508.26533603668213, 491.98662304878235, 452.480997800827, 454.58561992645264, 508.24165511131287, 511.50266790390015, 495.28234100341797, 496.8902339935303, 440.2027759552002]
brighton.txt
50, 50.40, [50, 50, 51, 51, 51, 50, 50, 50, 51, 50], [73.41605710983276, 87.2723560333252, 95.52345395088196, 78.77983689308167, 95.26509308815002, 77.09083414077759, 92.37509393692017, 90.77394890785217, 83.83479404449463, 86.17207312583923]
bristol.txt
92, 93.90, [94, 94, 95, 96, 92, 93, 94, 95, 92, 94], [345.3646399974823, 279.561448097229, 285.33106207847595, 288.8216881752014, 299.41168785095215, 318.4063069820404, 338.7033669948578, 338.32640981674194, 330.4746959209442, 331.63382601737976]
cardiff.txt
95, 95.90, [97, 97, 95, 96, 96, 95, 96, 97, 95, 95], [122.24884700775146, 154.21185088157654, 118.80984997749329, 123.49384689331055, 119.41685199737549, 152.49984908103943, 152.98184990882874, 152.34284710884094, 148.7248477935791, 147.55885004997253]
coventry.txt
85, 87.50, [87, 87, 86, 89, 88, 88, 87, 85, 89, 89], [139.7209541797638, 136.92795205116272, 170.48695397377014, 141.84395384788513, 181.09396290779114, 141.42695903778076, 177.30095601081848, 171.99129009246826, 178.28812098503113, 175.10049986839294]
exeter.txt
94, 95.40, [94, 96, 95, 95, 95, 94, 96, 97, 96, 96], [193.24439001083374, 206.84439301490784, 201.8043839931488, 158.84314799308777, 181.95738792419434, 207.59838700294495, 166.72049403190613, 173.185387134552, 210.0097508430481, 204.39575695991516]
glasgow.txt
108, 110.00, [110, 108, 108, 109, 109, 109, 108, 115, 111, 113], [147.29499888420105, 179.60753393173218, 145.66599702835083, 148.73584604263306, 183.83568000793457, 148.84936904907227, 181.35767102241516, 186.9900450706482, 181.0368368625641, 181.29134392738342]
leeds.txt
98, 100.30, [99, 99, 99, 102, 98, 103, 100, 103, 100, 100], [361.33697390556335, 365.7875928878784, 361.68197417259216, 389.978600025177, 453.353796005249, 461.45116901397705, 456.9696400165558, 456.4512038230896, 455.17504811286926, 449.93352699279785]
leicester.txt
94, 95.40, [96, 95, 96, 96, 94, 95, 96, 94, 95, 97], [283.753732919693, 278.03206491470337, 358.6510989665985, 361.082093000412, 278.1257281303406, 285.7327299118042, 358.6251630783081, 351.07986211776733, 352.0794749259949, 353.4580018520355]
liverpool.txt
71, 72.00, [71, 72, 72, 72, 72, 73, 72, 71, 72, 73], [148.5202739238739, 183.04764008522034, 194.24612498283386, 196.9186589717865, 155.90930199623108, 159.90293097496033, 194.22866106033325, 191.34698295593262, 171.42806196212769, 188.86812281608582]
manchester.txt
90, 93.10, [94, 90, 94, 93, 94, 93, 95, 92, 93, 93], [642.270171880722, 513.4362947940826, 659.8739099502563, 521.4378898143768, 538.8999500274658, 526.4867551326752, 656.3128180503845, 645.0245039463043, 644.9933660030365, 642.7611939907074]
newcastle.txt
94, 96.00, [96, 98, 97, 95, 96, 96, 96, 96, 94, 96], [166.30470395088196, 138.00006914138794, 137.12290382385254, 134.5023910999298, 136.1263608932495, 167.20780491828918, 165.96280193328857, 163.48379588127136, 161.2426700592041, 159.1796510219574]
nottingham.txt
101, 103.00, [103, 103, 104, 103, 101, 104, 102, 104, 102, 104], [448.0369951725006, 355.1212069988251, 366.0860140323639, 356.7853899002075, 344.0757119655609, 450.0408179759979, 444.6756491661072, 449.9734721183777, 443.1651928424835, 442.9628019332886]
oxford.txt
54, 54.90, [55, 55, 54, 54, 55, 55, 55, 54, 56, 56], [11.489138841629028, 13.49413514137268, 13.847264051437378, 15.233791828155518, 15.38779091835022, 14.68496298789978, 14.637962102890015, 13.103517055511475, 12.050343036651611, 10.18026089668274]
plymouth.txt
75, 76.40, [76, 76, 76, 75, 75, 78, 77, 76, 78, 77], [142.6147301197052, 142.8319489955902, 181.06751704216003, 142.99446415901184, 143.29346203804016, 185.05092692375183, 183.4210889339447, 180.9589319229126, 181.78775596618652, 179.43022799491882]
sheffield.txt
98, 100.70, [102, 99, 101, 98, 102, 102, 102, 101, 98, 102], [343.5241298675537, 332.2754797935486, 341.7324597835541, 415.55976700782776, 424.53591108322144, 406.6869249343872, 425.40223693847656, 368.9182960987091, 412.57179021835327, 417.32059693336487]
southampton.txt
61, 62.30, [62, 62, 63, 61, 63, 63, 63, 62, 62, 62], [54.58359384536743, 58.89600110054016, 67.32199907302856, 55.804999113082886, 62.902994871139526, 67.4729950428009, 68.0959939956665, 63.39199495315552, 63.57999396324158, 61.24699783325195]
sunderland.txt
88, 88.80, [89, 89, 88, 89, 89, 89, 89, 89, 89, 88], [227.3500850200653, 241.80272507667542, 323.8023250102997, 246.54585790634155, 320.70030999183655, 317.88732409477234, 308.46664214134216, 241.71805596351624, 311.07103300094604, 305.2240869998932]
york.txt
77, 78.40, [78, 79, 79, 78, 78, 79, 78, 80, 78, 77], [77.83781099319458, 99.21651792526245, 80.4064199924469, 79.67341995239258, 98.31053304672241, 82.05742502212524, 96.8847279548645, 96.95977210998535, 94.24876093864441, 91.7901360988617]
