bath.txt
159, 161.90, [159, 159, 161, 163, 162, 165, 162, 163, 163, 162], [411.56760907173157, 418.3301570415497, 531.4081609249115, 530.1869978904724, 420.9330611228943, 437.3697030544281, 509.77714681625366, 527.9501430988312, 523.5018610954285, 518.6963398456573]
belfast.txt
176, 180.70, [182, 183, 181, 183, 176, 183, 182, 179, 178, 180], [2694.648526906967, 2750.305227994919, 2159.1849620342255, 2420.8334019184113, 2175.3367908000946, 2422.292794942856, 2668.581516981125, 2577.966078042984, 2705.1745870113373, 2728.3086450099945]
brighton.txt
94, 95.00, [95, 95, 94, 95, 96, 95, 94, 95, 95, 96], [481.4919979572296, 383.21682500839233, 378.0477101802826, 477.6729829311371, 392.9745600223541, 390.6565661430359, 473.1289939880371, 473.9110448360443, 476.5897719860077, 473.4662780761719]
bristol.txt
175, 178.20, [178, 180, 179, 180, 177, 177, 178, 178, 175, 180], [1499.7891471385956, 1564.5822718143463, 1888.0575859546661, 1542.6577560901642, 1867.7742688655853, 1518.5713000297546, 1884.3694219589233, 1877.2086148262024, 1835.5227301120758, 1875.4217870235443]
cardiff.txt
182, 184.00, [184, 184, 186, 182, 184, 186, 183, 186, 182, 183], [909.2701070308685, 906.0567789077759, 851.3034880161285, 699.9125330448151, 728.0113708972931, 748.5720269680023, 902.0373477935791, 905.1628510951996, 791.8545258045197, 898.022134065628]
coventry.txt
170, 171.90, [173, 175, 174, 171, 172, 170, 170, 170, 171, 173], [927.2397329807281, 765.1968450546265, 847.2670149803162, 922.2585108280182, 772.5629189014435, 730.4698901176453, 904.5267140865326, 807.460452079773, 910.2883429527283, 916.7155709266663]
exeter.txt
181, 183.80, [182, 185, 184, 184, 185, 186, 185, 181, 183, 183], [1282.3117020130157, 1227.0921959877014, 1161.0748319625854, 1270.2515888214111, 1278.471864938736, 1282.1636362075806, 1143.3725669384003, 1067.5830628871918, 1293.3230819702148, 1279.672730922699]
glasgow.txt
198, 201.40, [201, 203, 203, 202, 205, 198, 200, 199, 201, 202], [904.3918418884277, 1151.1129460334778, 1146.371815919876, 1146.025647163391, 926.8243198394775, 869.129606962204, 895.3415758609772, 1138.993656873703, 1137.5796539783478, 1140.293522119522]
leeds.txt
185, 187.40, [188, 188, 186, 187, 188, 189, 186, 185, 188, 189], [2469.525635957718, 2572.98708319664, 2627.9588298797607, 2580.414248943329, 2508.27263212204, 2450.2534799575806, 2558.9582240581512, 2446.025479078293, 2568.4575679302216, 2443.618947982788]
leicester.txt
174, 177.80, [179, 178, 174, 178, 177, 178, 178, 178, 179, 179], [2023.590924024582, 1927.6948840618134, 1802.1873540878296, 1967.3238849639893, 1757.205353975296, 1706.8486020565033, 1918.6568851470947, 1646.9678320884705, 2018.509073972702, 1984.3850800991058]
liverpool.txt
132, 134.20, [134, 132, 132, 133, 135, 137, 134, 134, 134, 137], [824.7174689769745, 804.8273491859436, 911.7689960002899, 1001.5762350559235, 1017.0883359909058, 951.1287260055542, 953.9815020561218, 943.6019999980927, 1003.8631799221039, 1012.5040471553802]
manchester.txt
177, 179.40, [180, 179, 180, 180, 178, 178, 181, 183, 177, 178], [3738.1665880680084, 3548.1085889339447, 3224.770215034485, 3168.478741168976, 3891.4805810451508, 3467.5105831623077, 3649.0575869083405, 3225.2073340415955, 3693.356225967407, 3889.6852281093597]
newcastle.txt
170, 172.90, [175, 176, 172, 172, 174, 172, 173, 170, 173, 172], [710.7431321144104, 882.6913151741028, 745.9687149524689, 869.7705380916595, 701.6931231021881, 693.5195081233978, 865.7935380935669, 853.9785661697388, 821.7924790382385, 853.7825698852539]
nottingham.txt
193, 196.10, [196, 200, 194, 198, 194, 201, 194, 195, 196, 193], [2509.832596063614, 2153.0327780246735, 2490.1157870292664, 2325.0358650684357, 2434.75240111351, 2522.0715639591217, 2581.6680150032043, 2425.3912749290466, 2574.2751021385193, 2533.3650097846985]
oxford.txt
100, 102.00, [102, 103, 100, 103, 102, 103, 103, 101, 101, 102], [28.534162044525146, 28.272475957870483, 26.191483974456787, 26.83143401145935, 26.748072862625122, 27.003979921340942, 27.075788021087646, 26.65380597114563, 26.392019987106323, 26.694852113723755]
plymouth.txt
138, 139.00, [138, 139, 139, 140, 139, 139, 139, 139, 138, 140], [280.8233058452606, 281.879047870636, 371.14522099494934, 379.7143850326538, 329.723650932312, 336.7115430831909, 338.5791928768158, 331.49741291999817, 326.82492685317993, 336.86392402648926]
sheffield.txt
180, 182.60, [180, 183, 184, 184, 182, 181, 183, 184, 183, 182], [862.2104299068451, 882.8527410030365, 882.9405119419098, 908.0105128288269, 883.1819779872894, 850.4128890037537, 899.3536419868469, 891.9549520015717, 909.3986361026764, 877.1041021347046]
southampton.txt
114, 115.40, [115, 118, 115, 115, 115, 116, 114, 116, 114, 116], [121.69995999336243, 125.77268600463867, 129.1398470401764, 130.93643498420715, 132.71250200271606, 133.38474893569946, 118.27015995979309, 123.94054007530212, 146.37732696533203, 147.87432289123535]
sunderland.txt
162, 164.70, [162, 164, 165, 167, 165, 163, 166, 164, 164, 167], [532.469701051712, 543.445631980896, 532.7220540046692, 540.8806648254395, 389.4264569282532, 364.15498995780945, 449.80219197273254, 443.18260407447815, 377.65953302383423, 381.19924902915955]
york.txt
145, 146.70, [149, 145, 145, 147, 147, 148, 148, 147, 146, 145], [168.43130588531494, 162.60149312019348, 160.57522106170654, 163.68280601501465, 164.1111409664154, 167.6479971408844, 169.48330187797546, 163.04330801963806, 160.7464349269867, 160.60043501853943]
