bath.txt
159, 160.90, [161, 163, 163, 161, 160, 160, 161, 159, 160, 161], [153.78674912452698, 161.77537608146667, 163.02047491073608, 199.8029248714447, 198.94704818725586, 159.1939971446991, 197.2609031200409, 195.3502368927002, 192.86863493919373, 192.02594685554504]
belfast.txt
179, 180.70, [180, 179, 182, 181, 180, 181, 183, 179, 181, 181], [879.7061610221863, 1094.9406571388245, 1102.199940919876, 897.14608502388, 894.6740839481354, 989.8376421928406, 1107.676640033722, 1014.1938049793243, 1093.1919329166412, 1095.2548959255219]
brighton.txt
93, 95.00, [94, 94, 93, 95, 94, 97, 96, 94, 97, 96], [203.41556596755981, 158.94554209709167, 202.80556392669678, 164.18111205101013, 161.85512113571167, 169.52911186218262, 205.29134798049927, 201.99923396110535, 203.82270193099976, 201.0386290550232]
bristol.txt
176, 178.30, [179, 179, 178, 176, 178, 181, 179, 177, 178, 178], [692.493735074997, 612.0841729640961, 760.3180329799652, 673.7867238521576, 615.5334579944611, 721.8587331771851, 764.8255279064178, 757.2250602245331, 712.1093039512634, 753.6524198055267]
cardiff.txt
181, 183.30, [186, 181, 184, 185, 182, 181, 181, 183, 185, 185], [276.9893419742584, 263.05164885520935, 342.81482696533203, 342.85282588005066, 271.3498179912567, 266.4909579753876, 336.6048250198364, 337.10839104652405, 338.37223982810974, 335.674556016922]
coventry.txt
169, 173.80, [176, 171, 174, 176, 169, 176, 171, 176, 174, 175], [362.2392499446869, 280.7008171081543, 293.72656893730164, 364.5536849498749, 277.59331488609314, 301.2815718650818, 350.37677693367004, 360.3443319797516, 355.11804604530334, 354.4086911678314]
exeter.txt
181, 183.90, [185, 186, 181, 185, 184, 185, 183, 184, 184, 182], [409.54557394981384, 419.79379296302795, 502.02126598358154, 414.5057988166809, 407.7630240917206, 506.11791801452637, 501.6937129497528, 502.8412878513336, 500.8903839588165, 493.5632998943329]
glasgow.txt
198, 201.30, [202, 202, 203, 200, 200, 198, 199, 205, 202, 202], [341.8057210445404, 417.29949402809143, 343.49615502357483, 349.79815793037415, 423.9292278289795, 335.0940160751343, 412.4290699958801, 425.1750431060791, 418.80312609672546, 418.2863850593567]
leeds.txt
187, 188.20, [188, 188, 187, 188, 187, 188, 190, 188, 188, 190], [963.0237958431244, 1009.7349009513855, 1027.54127907753, 1008.623309135437, 1033.7755661010742, 1019.4665548801422, 992.8363490104675, 1032.0878620147705, 1030.7061700820923, 990.411994934082]
leicester.txt
176, 178.30, [179, 176, 179, 179, 179, 178, 178, 177, 180, 178], [626.9114780426025, 692.718502998352, 787.4710190296173, 741.8600168228149, 789.1100268363953, 624.1174731254578, 725.8980190753937, 779.5460178852081, 711.7700209617615, 779.6750619411469]
liverpool.txt
132, 134.40, [136, 134, 134, 133, 134, 132, 137, 134, 134, 136], [429.44546604156494, 345.99687910079956, 376.23675894737244, 337.9262511730194, 426.78946685791016, 417.4199471473694, 414.9309480190277, 419.9803321361542, 350.6391110420227, 419.087012052536]
manchester.txt
176, 179.90, [180, 181, 180, 178, 176, 181, 180, 179, 181, 183], [1497.2384691238403, 1532.032418012619, 1518.2797100543976, 1261.4151611328125, 1176.5283699035645, 1524.8483049869537, 1270.8843660354614, 1478.3189270496368, 1259.7808310985565, 1521.23992395401]
newcastle.txt
171, 172.60, [171, 175, 172, 172, 171, 171, 174, 173, 174, 173], [276.270742893219, 349.92681097984314, 339.2556450366974, 278.39224910736084, 347.12131905555725, 278.36176586151123, 344.1573188304901, 340.83780694007874, 339.93331813812256, 287.7763931751251]
nottingham.txt
195, 197.60, [201, 198, 197, 196, 197, 195, 202, 197, 197, 196], [873.7787888050079, 949.0795159339905, 817.3253390789032, 783.6543061733246, 916.5206651687622, 937.3425650596619, 921.933876991272, 778.613312959671, 929.8707029819489, 895.1295690536499]
oxford.txt
100, 101.60, [101, 103, 102, 101, 103, 100, 101, 102, 103, 100], [9.652644157409668, 9.671184062957764, 10.034327983856201, 9.792088985443115, 13.063797950744629, 12.791841983795166, 13.320003032684326, 13.219082117080688, 14.06092095375061, 13.69798994064331]
plymouth.txt
136, 138.30, [138, 139, 140, 138, 136, 139, 139, 138, 138, 138], [112.50033903121948, 112.70632004737854, 119.1316249370575, 117.08860087394714, 114.88255190849304, 118.15463900566101, 128.6914300918579, 128.04443192481995, 146.0752809047699, 145.07980298995972]
sheffield.txt
180, 182.60, [184, 186, 182, 182, 184, 184, 180, 181, 181, 182], [347.03894209861755, 352.939661026001, 338.7879011631012, 340.1875641345978, 340.88133096694946, 344.81402707099915, 334.898686170578, 333.282133102417, 336.82624793052673, 341.16445803642273]
southampton.txt
112, 114.60, [113, 114, 116, 115, 114, 116, 114, 116, 112, 116], [53.42358708381653, 53.66522002220154, 52.61510705947876, 52.59510684013367, 53.509215116500854, 54.35476493835449, 52.86669182777405, 53.79315710067749, 51.473958015441895, 53.42850708961487]
sunderland.txt
164, 164.90, [164, 165, 164, 168, 164, 166, 164, 165, 164, 165], [230.77939319610596, 229.49640798568726, 233.10089993476868, 241.46537613868713, 216.1251950263977, 220.20708084106445, 231.528324842453, 235.13170909881592, 214.18484687805176, 218.26194500923157]
york.txt
145, 147.40, [149, 145, 148, 146, 148, 148, 145, 150, 146, 149], [67.79083800315857, 67.40087604522705, 68.52679705619812, 66.74620985984802, 67.93815779685974, 68.95951700210571, 66.19622492790222, 68.20674896240234, 67.42358016967773, 68.18761897087097]
