200 3919
0 7
0 12
0 17
0 22
0 24
0 26
0 27
0 44
0 45
0 46
0 49
0 58
0 60
0 63
0 67
0 68
0 69
0 71
0 79
0 83
0 85
0 94
0 95
0 96
0 99
0 100
0 109
0 111
0 114
0 119
0 121
0 134
0 141
0 161
0 181
0 188
0 197
0 198
1 6
1 9
1 10
1 12
1 13
1 14
1 21
1 25
1 28
1 30
1 40
1 48
1 49
1 52
1 73
1 79
1 86
1 94
1 105
1 111
1 122
1 125
1 132
1 137
1 140
1 145
1 150
1 156
1 159
1 162
1 164
1 165
1 167
1 168
1 172
1 179
1 181
1 192
1 196
1 199
2 4
2 5
2 12
2 14
2 15
2 19
2 23
2 31
2 42
2 43
2 45
2 49
2 55
2 56
2 57
2 61
2 64
2 68
2 76
2 81
2 83
2 85
2 94
2 101
2 102
2 105
2 110
2 111
2 115
2 117
2 119
2 123
2 124
2 126
2 130
2 132
2 138
2 150
2 152
2 156
2 157
2 159
2 163
2 165
2 166
2 169
2 187
2 188
2 189
2 193
2 196
2 197
2 198
3 11
3 15
3 17
3 22
3 33
3 36
3 38
3 57
3 60
3 61
3 62
3 65
3 73
3 76
3 79
3 97
3 98
3 107
3 123
3 125
3 131
3 142
3 146
3 159
3 160
3 161
3 164
3 165
3 170
3 182
3 183
3 184
3 185
3 186
3 188
3 198
3 199
4 2
4 5
4 11
4 15
4 22
4 26
4 41
4 45
4 47
4 53
4 56
4 59
4 64
4 69
4 74
4 82
4 83
4 93
4 104
4 105
4 107
4 111
4 112
4 116
4 120
4 121
4 127
4 131
4 132
4 144
4 147
4 153
4 155
4 158
4 170
4 172
4 181
4 187
4 188
4 190
5 2
5 4
5 12
5 13
5 14
5 17
5 18
5 22
5 24
5 30
5 31
5 33
5 34
5 39
5 42
5 46
5 51
5 56
5 58
5 62
5 63
5 69
5 80
5 88
5 91
5 95
5 103
5 104
5 108
5 110
5 115
5 118
5 121
5 126
5 128
5 130
5 147
5 148
5 161
5 165
5 167
5 168
5 169
5 173
5 175
5 179
5 181
5 192
5 196
6 1
6 7
6 21
6 23
6 27
6 30
6 41
6 54
6 57
6 58
6 59
6 61
6 67
6 76
6 80
6 82
6 84
6 86
6 91
6 99
6 115
6 120
6 124
6 127
6 129
6 130
6 132
6 133
6 139
6 140
6 141
6 142
6 151
6 158
6 163
6 171
6 173
6 177
6 181
6 184
6 188
6 192
6 195
7 0
7 6
7 8
7 14
7 29
7 36
7 39
7 40
7 43
7 44
7 48
7 50
7 58
7 62
7 71
7 76
7 86
7 98
7 100
7 104
7 110
7 111
7 112
7 116
7 117
7 124
7 126
7 127
7 130
7 141
7 144
7 145
7 160
7 161
7 164
7 174
7 182
7 183
7 186
8 7
8 10
8 13
8 14
8 16
8 19
8 21
8 24
8 28
8 36
8 44
8 60
8 75
8 81
8 88
8 105
8 109
8 110
8 123
8 124
8 125
8 134
8 137
8 139
8 146
8 149
8 155
8 160
8 164
8 175
8 184
8 185
8 186
8 188
8 197
8 198
9 1
9 13
9 17
9 23
9 25
9 31
9 43
9 48
9 51
9 61
9 63
9 64
9 71
9 73
9 74
9 82
9 85
9 105
9 107
9 108
9 112
9 113
9 122
9 129
9 143
9 144
9 157
9 164
9 165
9 168
9 173
9 179
10 1
10 8
10 12
10 13
10 25
10 29
10 39
10 41
10 43
10 44
10 52
10 64
10 67
10 68
10 72
10 83
10 84
10 87
10 93
10 104
10 105
10 117
10 121
10 128
10 130
10 133
10 138
10 139
10 141
10 161
10 166
10 187
10 188
10 193
10 195
10 196
10 198
10 199
11 3
11 4
11 13
11 27
11 41
11 43
11 51
11 54
11 74
11 80
11 82
11 83
11 86
11 96
11 99
11 100
11 104
11 113
11 114
11 118
11 119
11 135
11 141
11 152
11 177
11 179
11 189
11 192
11 193
12 0
12 1
12 2
12 5
12 10
12 22
12 25
12 30
12 31
12 32
12 40
12 43
12 49
12 52
12 61
12 66
12 68
12 75
12 89
12 103
12 112
12 113
12 118
12 124
12 127
12 128
12 139
12 148
12 154
12 159
12 162
12 164
12 165
12 167
12 170
12 173
12 175
12 179
12 183
12 190
13 1
13 5
13 8
13 9
13 10
13 11
13 14
13 20
13 36
13 39
13 40
13 47
13 48
13 49
13 51
13 53
13 59
13 68
13 70
13 84
13 95
13 96
13 98
13 105
13 110
13 122
13 133
13 137
13 138
13 139
13 144
13 148
13 154
13 155
13 163
13 169
13 174
13 180
13 183
13 188
13 195
13 198
13 199
14 1
14 2
14 5
14 7
14 8
14 13
14 17
14 18
14 20
14 24
14 27
14 29
14 34
14 36
14 46
14 52
14 56
14 58
14 62
14 73
14 82
14 85
14 100
14 101
14 114
14 120
14 128
14 139
14 141
14 142
14 143
14 145
14 146
14 151
14 152
14 153
14 157
14 160
14 165
14 167
14 179
14 186
14 190
14 194
14 198
15 2
15 3
15 4
15 18
15 25
15 38
15 40
15 59
15 60
15 66
15 71
15 73
15 87
15 88
15 90
15 92
15 97
15 100
15 102
15 103
15 104
15 107
15 112
15 117
15 122
15 130
15 139
15 144
15 155
15 157
15 160
15 163
15 174
15 181
15 188
15 189
15 192
15 196
16 8
16 19
16 25
16 27
16 29
16 39
16 40
16 53
16 54
16 66
16 67
16 74
16 77
16 83
16 89
16 92
16 94
16 98
16 103
16 106
16 107
16 108
16 109
16 110
16 122
16 131
16 134
16 137
16 147
16 148
16 150
16 153
16 177
16 184
16 191
17 0
17 3
17 5
17 9
17 14
17 23
17 24
17 25
17 36
17 39
17 41
17 44
17 50
17 54
17 60
17 63
17 68
17 75
17 76
17 77
17 78
17 79
17 80
17 89
17 90
17 91
17 93
17 105
17 106
17 107
17 111
17 128
17 129
17 138
17 140
17 141
17 146
17 149
17 150
17 151
17 159
17 160
17 162
17 165
17 166
17 172
17 174
17 181
17 184
17 185
17 197
18 5
18 14
18 15
18 29
18 31
18 37
18 38
18 39
18 40
18 46
18 48
18 51
18 54
18 59
18 65
18 67
18 77
18 81
18 82
18 91
18 93
18 96
18 103
18 106
18 110
18 120
18 125
18 138
18 141
18 144
18 150
18 151
18 154
18 171
18 176
18 178
18 182
18 184
18 185
18 187
18 197
19 2
19 8
19 16
19 20
19 24
19 25
19 35
19 36
19 38
19 43
19 44
19 48
19 49
19 52
19 55
19 71
19 74
19 80
19 104
19 107
19 109
19 110
19 114
19 115
19 123
19 125
19 131
19 141
19 145
19 150
19 155
19 161
19 164
19 173
19 179
19 186
20 13
20 14
20 19
20 24
20 27
20 30
20 48
20 50
20 51
20 61
20 67
20 69
20 70
20 72
20 75
20 83
20 88
20 92
20 104
20 109
20 127
20 129
20 146
20 148
20 150
20 153
20 156
20 163
20 170
20 179
20 190
20 191
20 193
20 194
20 197
21 1
21 6
21 8
21 22
21 30
21 31
21 40
21 51
21 62
21 63
21 65
21 72
21 73
21 78
21 88
21 90
21 95
21 102
21 104
21 109
21 125
21 126
21 129
21 130
21 134
21 141
21 142
21 143
21 154
21 162
21 170
21 171
21 177
21 181
21 185
21 190
21 193
21 194
21 195
21 198
21 199
22 0
22 3
22 4
22 5
22 12
22 21
22 26
22 29
22 33
22 35
22 36
22 37
22 49
22 53
22 54
22 55
22 58
22 61
22 67
22 69
22 73
22 74
22 77
22 82
22 93
22 94
22 97
22 104
22 129
22 132
22 144
22 146
22 148
22 158
22 162
22 163
22 176
22 192
22 196
23 2
23 6
23 9
23 17
23 25
23 30
23 34
23 35
23 42
23 43
23 46
23 48
23 49
23 62
23 67
23 70
23 88
23 93
23 94
23 96
23 100
23 106
23 107
23 123
23 125
23 132
23 134
23 154
23 163
23 167
23 181
23 192
23 195
23 196
24 0
24 5
24 8
24 14
24 17
24 19
24 20
24 25
24 44
24 48
24 63
24 66
24 77
24 81
24 84
24 94
24 99
24 100
24 104
24 113
24 118
24 120
24 133
24 138
24 139
24 147
24 150
24 157
24 160
24 165
24 166
24 182
24 183
24 184
24 195
24 199
25 1
25 9
25 10
25 12
25 15
25 16
25 17
25 19
25 23
25 24
25 26
25 40
25 41
25 47
25 49
25 54
25 57
25 62
25 67
25 71
25 79
25 82
25 88
25 89
25 92
25 102
25 109
25 110
25 111
25 115
25 118
25 123
25 129
25 131
25 139
25 149
25 166
25 167
25 171
25 173
25 180
25 186
25 187
25 190
25 197
26 0
26 4
26 22
26 25
26 30
26 35
26 43
26 44
26 49
26 51
26 58
26 63
26 68
26 80
26 84
26 86
26 89
26 91
26 93
26 95
26 96
26 100
26 111
26 115
26 118
26 119
26 125
26 134
26 140
26 141
26 143
26 144
26 154
26 158
26 159
26 163
26 180
26 182
26 186
26 191
26 192
26 193
26 198
27 0
27 6
27 11
27 14
27 16
27 20
27 41
27 48
27 52
27 61
27 62
27 65
27 66
27 84
27 97
27 101
27 106
27 109
27 111
27 114
27 115
27 121
27 122
27 124
27 127
27 129
27 133
27 137
27 138
27 150
27 161
27 163
27 165
27 168
27 169
27 173
27 174
27 175
27 185
27 186
27 190
27 197
28 1
28 8
28 31
28 32
28 36
28 38
28 42
28 46
28 50
28 58
28 69
28 71
28 73
28 78
28 79
28 83
28 84
28 93
28 99
28 102
28 107
28 120
28 123
28 128
28 132
28 139
28 141
28 145
28 146
28 147
28 148
28 149
28 155
28 158
28 165
28 166
28 169
28 175
28 179
28 181
28 182
28 184
28 194
28 198
29 7
29 10
29 14
29 16
29 18
29 22
29 35
29 43
29 49
29 50
29 54
29 55
29 60
29 66
29 67
29 77
29 79
29 84
29 88
29 91
29 92
29 101
29 109
29 118
29 120
29 125
29 130
29 136
29 145
29 152
29 155
29 169
29 180
29 184
29 199
30 1
30 5
30 6
30 12
30 20
30 21
30 23
30 26
30 37
30 47
30 48
30 51
30 62
30 67
30 70
30 76
30 81
30 84
30 89
30 110
30 112
30 115
30 128
30 134
30 140
30 149
30 152
30 153
30 160
30 165
30 177
30 179
30 181
30 182
30 187
30 191
30 193
30 194
31 2
31 5
31 9
31 12
31 18
31 21
31 28
31 42
31 43
31 52
31 53
31 54
31 56
31 61
31 70
31 78
31 90
31 92
31 93
31 97
31 105
31 106
31 109
31 117
31 119
31 123
31 128
31 133
31 136
31 138
31 167
31 171
31 172
31 173
31 177
31 184
31 185
31 186
31 187
32 12
32 28
32 36
32 55
32 59
32 62
32 63
32 66
32 72
32 82
32 84
32 85
32 89
32 94
32 96
32 99
32 102
32 105
32 108
32 115
32 117
32 124
32 128
32 132
32 133
32 137
32 138
32 145
32 150
32 156
32 157
32 158
32 160
32 165
32 168
32 184
32 186
32 187
32 190
32 194
32 196
32 197
33 3
33 5
33 22
33 36
33 40
33 41
33 61
33 70
33 71
33 85
33 86
33 92
33 97
33 104
33 122
33 123
33 124
33 142
33 143
33 144
33 145
33 150
33 151
33 153
33 158
33 161
33 173
33 180
33 187
33 190
33 198
33 199
34 5
34 14
34 23
34 50
34 51
34 53
34 64
34 66
34 69
34 73
34 77
34 79
34 95
34 101
34 103
34 106
34 113
34 120
34 124
34 134
34 138
34 142
34 143
34 144
34 157
34 158
34 159
34 167
34 168
34 172
34 174
34 196
34 197
35 19
35 22
35 23
35 26
35 29
35 37
35 38
35 39
35 55
35 60
35 61
35 67
35 68
35 71
35 72
35 81
35 84
35 92
35 94
35 97
35 98
35 101
35 102
35 108
35 110
35 111
35 114
35 115
35 125
35 127
35 133
35 134
35 136
35 139
35 145
35 149
35 151
35 152
35 153
35 157
35 162
35 173
35 177
35 186
35 187
36 3
36 7
36 8
36 13
36 14
36 17
36 19
36 22
36 28
36 32
36 33
36 38
36 41
36 42
36 47
36 54
36 57
36 60
36 62
36 67
36 69
36 70
36 73
36 83
36 85
36 86
36 90
36 95
36 101
36 102
36 111
36 112
36 114
36 118
36 134
36 135
36 136
36 138
36 146
36 148
36 151
36 158
36 164
36 165
36 173
36 174
36 175
36 178
36 190
36 193
36 199
37 18
37 22
37 30
37 35
37 44
37 45
37 47
37 63
37 65
37 72
37 75
37 76
37 86
37 88
37 104
37 105
37 108
37 109
37 110
37 115
37 121
37 122
37 128
37 130
37 138
37 139
37 140
37 143
37 145
37 146
37 151
37 155
37 158
37 159
37 161
37 171
37 180
37 181
37 184
37 187
37 194
37 196
37 197
38 3
38 15
38 18
38 19
38 28
38 35
38 36
38 41
38 49
38 51
38 63
38 66
38 70
38 86
38 88
38 90
38 91
38 96
38 111
38 112
38 123
38 130
38 132
38 133
38 149
38 157
38 158
38 160
38 162
38 163
38 165
38 174
38 181
38 184
38 185
38 189
38 190
38 193
38 194
38 195
38 196
39 5
39 7
39 10
39 13
39 16
39 17
39 18
39 35
39 46
39 47
39 49
39 54
39 65
39 66
39 71
39 76
39 81
39 103
39 104
39 112
39 117
39 120
39 121
39 126
39 132
39 133
39 135
39 139
39 144
39 147
39 149
39 153
39 155
39 157
39 158
39 171
39 194
39 196
39 199
40 1
40 7
40 12
40 13
40 15
40 16
40 18
40 21
40 25
40 33
40 42
40 45
40 48
40 52
40 56
40 65
40 82
40 83
40 85
40 86
40 104
40 111
40 116
40 118
40 122
40 123
40 126
40 131
40 135
40 136
40 140
40 142
40 147
40 151
40 158
40 159
40 174
40 179
40 183
40 186
40 187
40 193
40 196
41 4
41 6
41 10
41 11
41 17
41 25
41 27
41 33
41 36
41 38
41 44
41 47
41 53
41 65
41 66
41 77
41 80
41 96
41 106
41 109
41 110
41 112
41 115
41 128
41 151
41 153
41 155
41 160
41 169
41 176
41 178
41 181
41 186
42 2
42 5
42 23
42 28
42 31
42 36
42 40
42 44
42 55
42 57
42 62
42 63
42 66
42 67
42 78
42 88
42 91
42 100
42 102
42 105
42 111
42 116
42 118
42 119
42 132
42 144
42 147
42 154
42 159
42 163
42 167
42 174
42 176
42 183
42 196
42 198
43 2
43 7
43 9
43 10
43 11
43 12
43 19
43 23
43 26
43 29
43 31
43 52
43 53
43 68
43 71
43 99
43 101
43 102
43 104
43 117
43 119
43 125
43 127
43 145
43 151
43 154
43 162
43 167
43 171
43 172
43 173
43 174
43 182
43 186
43 190
43 192
44 0
44 7
44 8
44 10
44 17
44 19
44 24
44 26
44 37
44 41
44 42
44 45
44 50
44 52
44 54
44 57
44 58
44 61
44 63
44 64
44 81
44 90
44 91
44 94
44 102
44 109
44 111
44 114
44 115
44 116
44 127
44 129
44 132
44 143
44 144
44 146
44 161
44 163
44 167
44 171
44 174
44 175
44 179
44 183
44 190
44 192
44 195
45 0
45 2
45 4
45 37
45 40
45 44
45 47
45 49
45 50
45 57
45 58
45 62
45 67
45 76
45 79
45 84
45 86
45 92
45 93
45 97
45 103
45 104
45 107
45 114
45 117
45 121
45 122
45 125
45 128
45 130
45 139
45 146
45 151
45 153
45 155
45 170
45 172
45 175
45 181
45 184
45 187
46 0
46 5
46 14
46 18
46 23
46 28
46 39
46 53
46 63
46 66
46 74
46 78
46 83
46 86
46 96
46 115
46 117
46 125
46 131
46 140
46 143
46 145
46 146
46 147
46 150
46 154
46 157
46 174
46 193
46 196
47 4
47 13
47 25
47 30
47 36
47 37
47 39
47 41
47 45
47 48
47 49
47 50
47 56
47 60
47 63
47 66
47 68
47 69
47 74
47 76
47 77
47 80
47 83
47 86
47 99
47 102
47 112
47 114
47 133
47 142
47 143
47 145
47 146
47 147
47 153
47 154
47 156
47 164
47 165
47 178
47 190
47 191
48 1
48 7
48 9
48 13
48 18
48 19
48 20
48 23
48 24
48 27
48 30
48 40
48 47
48 50
48 60
48 70
48 75
48 76
48 83
48 89
48 106
48 108
48 110
48 111
48 112
48 114
48 118
48 124
48 132
48 142
48 143
48 149
48 154
48 157
48 161
48 163
48 165
48 168
48 175
48 185
48 186
48 191
48 195
49 0
49 1
49 2
49 12
49 13
49 19
49 22
49 23
49 25
49 26
49 29
49 38
49 39
49 45
49 47
49 54
49 61
49 66
49 79
49 97
49 107
49 118
49 142
49 144
49 150
49 154
49 168
49 182
49 183
49 186
49 190
50 7
50 17
50 20
50 28
50 29
50 34
50 44
50 45
50 47
50 48
50 56
50 57
50 61
50 62
50 63
50 69
50 70
50 73
50 74
50 81
50 88
50 93
50 101
50 121
50 122
50 127
50 128
50 139
50 142
50 149
50 152
50 157
50 158
50 160
50 169
50 172
50 173
50 181
50 184
50 197
51 5
51 9
51 11
51 13
51 18
51 20
51 21
51 26
51 30
51 34
51 38
51 53
51 57
51 60
51 77
51 90
51 97
51 99
51 104
51 105
51 107
51 115
51 123
51 133
51 138
51 146
51 147
51 150
51 151
51 154
51 162
51 164
51 165
51 179
51 180
51 186
51 188
51 194
52 1
52 10
52 12
52 14
52 19
52 27
52 31
52 40
52 43
52 44
52 56
52 58
52 65
52 70
52 72
52 81
52 88
52 89
52 92
52 105
52 121
52 124
52 132
52 135
52 142
52 147
52 152
52 153
52 161
52 162
52 164
52 167
52 172
52 176
52 177
52 191
52 195
52 198
53 4
53 13
53 16
53 22
53 31
53 34
53 41
53 43
53 46
53 51
53 58
53 66
53 68
53 80
53 85
53 92
53 93
53 99
53 104
53 107
53 108
53 109
53 112
53 114
53 120
53 128
53 129
53 133
53 136
53 138
53 141
53 149
53 155
53 159
53 164
53 167
53 174
53 176
53 180
53 188
53 189
53 193
53 196
53 198
54 6
54 11
54 16
54 17
54 18
54 22
54 25
54 29
54 31
54 36
54 39
54 44
54 49
54 58
54 60
54 67
54 71
54 73
54 75
54 78
54 82
54 85
54 96
54 97
54 103
54 107
54 112
54 121
54 142
54 143
54 145
54 147
54 158
54 159
54 161
54 162
54 163
54 172
54 177
54 179
54 194
54 196
55 2
55 19
55 22
55 29
55 32
55 35
55 42
55 56
55 74
55 77
55 78
55 79
55 81
55 85
55 86
55 88
55 109
55 120
55 128
55 133
55 148
55 170
55 173
55 176
55 184
55 197
55 198
55 199
56 2
56 4
56 5
56 14
56 31
56 40
56 47
56 50
56 52
56 55
56 62
56 70
56 96
56 101
56 110
56 119
56 120
56 126
56 127
56 134
56 138
56 148
56 152
56 161
56 162
56 167
56 168
56 173
56 181
56 185
56 193
56 196
57 2
57 3
57 6
57 25
57 36
57 42
57 44
57 45
57 50
57 51
57 67
57 69
57 73
57 80
57 90
57 91
57 119
57 121
57 133
57 140
57 141
57 145
57 154
57 158
57 162
57 194
58 0
58 5
58 6
58 7
58 14
58 22
58 26
58 28
58 44
58 45
58 52
58 53
58 54
58 64
58 75
58 79
58 85
58 89
58 90
58 91
58 92
58 94
58 107
58 112
58 117
58 118
58 120
58 121
58 123
58 135
58 139
58 142
58 146
58 151
58 158
58 167
58 174
58 176
58 183
58 186
58 197
59 4
59 6
59 13
59 15
59 18
59 32
59 62
59 68
59 71
59 73
59 85
59 87
59 93
59 101
59 105
59 108
59 111
59 118
59 135
59 136
59 139
59 140
59 152
59 166
59 170
59 180
59 192
59 195
60 0
60 3
60 8
60 15
60 17
60 29
60 35
60 36
60 47
60 48
60 51
60 54
60 67
60 75
60 79
60 87
60 88
60 99
60 101
60 107
60 119
60 124
60 125
60 132
60 135
60 151
60 155
60 156
60 166
60 170
60 172
60 183
60 186
60 190
60 194
60 199
61 2
61 3
61 6
61 9
61 12
61 20
61 22
61 27
61 31
61 33
61 35
61 44
61 49
61 50
61 73
61 78
61 80
61 84
61 92
61 100
61 102
61 107
61 111
61 117
61 120
61 123
61 124
61 126
61 138
61 142
61 155
61 162
61 165
61 168
61 169
61 171
61 178
61 187
61 192
61 193
61 195
62 3
62 5
62 7
62 14
62 21
62 23
62 25
62 27
62 30
62 32
62 36
62 42
62 45
62 50
62 56
62 59
62 63
62 69
62 80
62 81
62 91
62 92
62 96
62 97
62 99
62 103
62 108
62 109
62 114
62 119
62 126
62 138
62 147
62 164
62 174
62 176
62 177
62 179
62 186
62 187
62 199
63 0
63 5
63 9
63 17
63 21
63 24
63 26
63 32
63 37
63 38
63 42
63 44
63 46
63 47
63 50
63 62
63 77
63 79
63 80
63 82
63 89
63 98
63 101
63 102
63 110
63 112
63 114
63 117
63 118
63 131
63 132
63 133
63 142
63 143
63 153
63 157
63 166
63 169
63 174
63 180
63 181
63 182
63 185
63 197
63 199
64 2
64 4
64 9
64 10
64 34
64 44
64 58
64 68
64 70
64 73
64 76
64 80
64 81
64 87
64 90
64 91
64 92
64 94
64 101
64 103
64 116
64 122
64 127
64 129
64 130
64 131
64 132
64 133
64 136
64 138
64 139
64 141
64 143
64 147
64 148
64 158
64 172
64 179
64 182
64 184
64 195
65 3
65 18
65 21
65 27
65 37
65 39
65 40
65 41
65 52
65 67
65 70
65 74
65 82
65 85
65 90
65 93
65 97
65 104
65 125
65 127
65 129
65 132
65 133
65 144
65 148
65 152
65 165
65 169
65 171
65 174
65 191
66 12
66 15
66 16
66 24
66 27
66 29
66 32
66 34
66 38
66 39
66 41
66 42
66 46
66 47
66 49
66 53
66 74
66 85
66 88
66 89
66 90
66 91
66 96
66 97
66 103
66 108
66 111
66 113
66 115
66 119
66 122
66 123
66 125
66 141
66 142
66 144
66 150
66 151
66 152
66 154
66 165
66 166
66 167
66 168
66 172
66 178
66 186
66 190
67 0
67 6
67 10
67 16
67 18
67 20
67 22
67 23
67 25
67 29
67 30
67 35
67 36
67 42
67 45
67 54
67 57
67 60
67 65
67 89
67 93
67 95
67 100
67 101
67 102
67 103
67 107
67 108
67 109
67 115
67 116
67 122
67 130
67 132
67 145
67 147
67 148
67 150
67 154
67 170
67 171
67 173
67 174
67 177
67 179
67 183
67 189
67 196
67 197
67 198
67 199
68 0
68 2
68 10
68 12
68 13
68 17
68 26
68 35
68 43
68 47
68 53
68 59
68 64
68 71
68 72
68 80
68 86
68 90
68 99
68 102
68 103
68 111
68 113
68 120
68 126
68 130
68 143
68 146
68 152
68 167
68 175
68 176
68 182
68 183
68 184
68 185
68 193
69 0
69 4
69 5
69 20
69 22
69 28
69 34
69 36
69 47
69 50
69 57
69 62
69 70
69 75
69 79
69 82
69 83
69 84
69 85
69 87
69 88
69 91
69 93
69 96
69 98
69 114
69 120
69 126
69 129
69 133
69 138
69 139
69 140
69 156
69 161
69 174
69 176
69 178
69 182
69 187
69 199
70 13
70 20
70 23
70 30
70 31
70 33
70 36
70 38
70 48
70 50
70 52
70 56
70 64
70 65
70 69
70 71
70 77
70 82
70 91
70 92
70 97
70 99
70 102
70 103
70 106
70 110
70 123
70 124
70 127
70 128
70 131
70 133
70 135
70 138
70 150
70 156
70 163
70 169
70 171
70 174
70 179
71 0
71 7
71 9
71 15
71 19
71 25
71 28
71 33
71 35
71 39
71 43
71 54
71 59
71 68
71 70
71 72
71 76
71 94
71 101
71 107
71 108
71 110
71 111
71 115
71 121
71 132
71 133
71 140
71 144
71 145
71 146
71 148
71 152
71 153
71 159
71 161
71 166
71 171
71 183
71 184
71 185
71 189
71 199
72 10
72 20
72 21
72 32
72 35
72 37
72 52
72 68
72 71
72 86
72 99
72 108
72 110
72 141
72 144
72 145
72 160
72 163
72 167
72 168
72 178
72 183
72 189
72 190
72 191
73 1
73 3
73 9
73 14
73 15
73 21
73 22
73 28
73 34
73 36
73 50
73 54
73 57
73 59
73 61
73 64
73 74
73 76
73 77
73 78
73 89
73 99
73 109
73 127
73 132
73 133
73 135
73 136
73 140
73 147
73 156
73 162
73 164
73 167
73 169
73 171
73 178
73 179
73 184
73 188
73 198
74 4
74 9
74 11
74 16
74 19
74 22
74 46
74 47
74 50
74 55
74 65
74 66
74 73
74 83
74 85
74 87
74 89
74 90
74 91
74 96
74 105
74 111
74 124
74 129
74 131
74 135
74 142
74 143
74 145
74 146
74 150
74 155
74 167
74 168
74 171
74 181
74 185
74 199
75 8
75 12
75 17
75 20
75 37
75 48
75 54
75 58
75 60
75 69
75 77
75 80
75 81
75 86
75 87
75 88
75 92
75 98
75 99
75 100
75 105
75 110
75 113
75 114
75 123
75 125
75 126
75 131
75 134
75 135
75 138
75 142
75 144
75 145
75 146
75 148
75 150
75 164
75 169
75 175
75 185
75 187
75 188
75 189
75 192
75 195
75 199
76 2
76 3
76 6
76 7
76 17
76 30
76 37
76 39
76 45
76 47
76 48
76 64
76 71
76 73
76 85
76 99
76 102
76 104
76 105
76 106
76 114
76 117
76 125
76 132
76 148
76 158
76 165
76 166
76 174
76 176
76 181
76 185
76 189
76 195
76 199
77 16
77 17
77 18
77 22
77 24
77 29
77 34
77 41
77 47
77 51
77 55
77 63
77 70
77 73
77 75
77 80
77 96
77 98
77 99
77 107
77 115
77 116
77 127
77 138
77 141
77 149
77 152
77 164
77 174
77 175
77 178
77 179
77 184
77 186
77 189
77 193
77 198
77 199
78 17
78 21
78 28
78 31
78 42
78 46
78 54
78 55
78 61
78 73
78 82
78 88
78 89
78 91
78 92
78 93
78 94
78 100
78 102
78 107
78 110
78 115
78 117
78 120
78 122
78 134
78 137
78 138
78 147
78 150
78 153
78 157
78 158
78 160
78 161
78 164
78 169
78 177
78 180
78 181
78 186
78 192
78 195
79 0
79 1
79 3
79 17
79 25
79 28
79 29
79 34
79 45
79 49
79 55
79 58
79 60
79 63
79 69
79 80
79 81
79 88
79 89
79 92
79 99
79 100
79 101
79 102
79 106
79 111
79 115
79 117
79 118
79 127
79 135
79 137
79 143
79 147
79 153
79 155
79 156
79 158
79 174
79 175
79 179
79 184
79 186
79 193
80 5
80 6
80 11
80 17
80 19
80 26
80 41
80 47
80 53
80 57
80 61
80 62
80 63
80 64
80 68
80 75
80 77
80 79
80 82
80 84
80 85
80 89
80 90
80 94
80 96
80 105
80 111
80 113
80 114
80 124
80 126
80 128
80 143
80 159
80 160
80 162
80 169
80 178
80 185
80 189
80 191
80 194
80 195
81 2
81 8
81 18
81 24
81 30
81 35
81 39
81 44
81 50
81 52
81 55
81 62
81 64
81 75
81 79
81 84
81 98
81 99
81 105
81 111
81 115
81 119
81 120
81 122
81 126
81 127
81 134
81 140
81 147
81 152
81 155
81 157
81 158
81 160
81 162
81 172
81 176
81 177
81 181
81 184
81 189
81 198
82 4
82 6
82 9
82 11
82 14
82 18
82 22
82 25
82 32
82 40
82 54
82 63
82 65
82 69
82 70
82 78
82 80
82 92
82 96
82 102
82 105
82 106
82 108
82 109
82 116
82 117
82 118
82 125
82 134
82 136
82 137
82 145
82 146
82 153
82 155
82 162
82 170
82 185
82 188
82 192
82 193
82 194
83 0
83 2
83 4
83 10
83 11
83 16
83 20
83 28
83 36
83 40
83 46
83 47
83 48
83 69
83 74
83 88
83 94
83 101
83 102
83 110
83 111
83 116
83 141
83 144
83 146
83 164
83 165
83 167
83 169
83 177
83 179
84 6
84 10
84 13
84 24
84 26
84 27
84 28
84 29
84 30
84 32
84 35
84 45
84 61
84 69
84 80
84 81
84 85
84 90
84 93
84 97
84 102
84 103
84 110
84 113
84 114
84 118
84 125
84 130
84 135
84 137
84 138
84 140
84 155
84 156
84 160
84 166
84 180
84 195
85 0
85 2
85 9
85 14
85 32
85 33
85 36
85 40
85 53
85 54
85 55
85 58
85 59
85 65
85 66
85 69
85 74
85 76
85 80
85 84
85 90
85 100
85 108
85 111
85 112
85 129
85 131
85 133
85 138
85 140
85 146
85 151
85 155
85 160
85 161
85 190
86 1
86 6
86 7
86 11
86 26
86 33
86 36
86 37
86 38
86 40
86 45
86 46
86 47
86 55
86 68
86 72
86 75
86 89
86 95
86 106
86 109
86 112
86 117
86 122
86 124
86 126
86 127
86 147
86 148
86 150
86 156
86 160
86 162
86 166
86 174
86 176
86 186
86 194
87 10
87 15
87 59
87 60
87 64
87 69
87 74
87 75
87 92
87 95
87 101
87 104
87 128
87 132
87 133
87 138
87 154
87 156
87 157
87 162
87 175
87 177
87 178
87 189
87 192
88 5
88 8
88 15
88 20
88 21
88 23
88 25
88 29
88 37
88 38
88 42
88 50
88 52
88 55
88 60
88 66
88 69
88 75
88 78
88 79
88 83
88 107
88 108
88 110
88 111
88 115
88 121
88 124
88 128
88 129
88 137
88 140
88 148
88 151
88 162
88 167
88 174
88 179
88 180
88 190
88 195
88 197
89 12
89 16
89 17
89 25
89 26
89 30
89 32
89 48
89 52
89 58
89 63
89 66
89 67
89 73
89 74
89 78
89 79
89 80
89 86
89 92
89 94
89 98
89 111
89 116
89 119
89 125
89 127
89 128
89 132
89 133
89 137
89 138
89 140
89 144
89 146
89 148
89 154
89 160
89 161
89 166
89 170
89 173
89 174
89 177
89 181
89 185
89 186
89 187
89 194
89 195
89 196
89 199
90 15
90 17
90 21
90 31
90 36
90 38
90 44
90 51
90 57
90 58
90 64
90 65
90 66
90 68
90 74
90 80
90 84
90 85
90 94
90 101
90 107
90 111
90 113
90 119
90 125
90 147
90 148
90 150
90 158
90 165
90 170
90 178
90 179
90 181
90 190
90 191
90 193
91 5
91 6
91 17
91 18
91 26
91 29
91 38
91 42
91 44
91 57
91 58
91 62
91 64
91 66
91 69
91 70
91 74
91 78
91 92
91 101
91 105
91 108
91 124
91 130
91 133
91 138
91 140
91 147
91 158
91 163
91 167
91 168
91 172
91 177
91 178
91 182
91 188
91 194
92 15
92 16
92 20
92 25
92 29
92 31
92 33
92 35
92 45
92 52
92 53
92 58
92 61
92 62
92 64
92 70
92 75
92 78
92 79
92 82
92 87
92 89
92 91
92 93
92 97
92 98
92 100
92 101
92 105
92 108
92 111
92 112
92 125
92 126
92 127
92 128
92 131
92 137
92 144
92 146
92 152
92 154
92 155
92 159
92 166
92 168
92 170
92 177
92 181
92 188
92 194
92 198
93 4
93 10
93 17
93 18
93 22
93 23
93 26
93 28
93 31
93 45
93 50
93 53
93 59
93 65
93 67
93 69
93 78
93 84
93 92
93 101
93 103
93 113
93 118
93 124
93 125
93 129
93 139
93 140
93 147
93 153
93 155
93 156
93 158
93 169
93 170
93 185
93 187
93 188
93 198
94 0
94 1
94 2
94 16
94 22
94 23
94 24
94 32
94 35
94 44
94 58
94 64
94 71
94 78
94 80
94 83
94 89
94 90
94 99
94 101
94 105
94 116
94 117
94 132
94 140
94 142
94 144
94 149
94 151
94 155
94 165
94 168
94 169
94 188
94 189
94 194
94 199
95 0
95 5
95 13
95 21
95 26
95 34
95 36
95 67
95 86
95 87
95 96
95 100
95 106
95 109
95 117
95 125
95 138
95 140
95 142
95 147
95 157
95 161
95 173
95 176
95 181
95 184
95 187
95 197
95 199
96 0
96 11
96 13
96 18
96 23
96 26
96 32
96 38
96 41
96 46
96 54
96 56
96 62
96 66
96 69
96 74
96 77
96 80
96 82
96 95
96 98
96 100
96 104
96 105
96 106
96 107
96 110
96 120
96 123
96 125
96 127
96 134
96 137
96 138
96 140
96 143
96 148
96 149
96 150
96 153
96 155
96 157
96 164
96 170
96 174
96 176
96 178
96 180
96 184
96 185
96 193
97 3
97 15
97 22
97 27
97 31
97 33
97 35
97 45
97 49
97 51
97 54
97 62
97 65
97 66
97 70
97 84
97 92
97 100
97 105
97 115
97 118
97 124
97 127
97 133
97 136
97 137
97 147
97 157
97 166
97 167
97 175
97 182
97 184
97 187
97 190
97 194
97 198
98 3
98 7
98 13
98 16
98 35
98 63
98 69
98 75
98 77
98 81
98 89
98 92
98 96
98 112
98 137
98 144
98 152
98 154
98 162
98 163
98 167
98 187
98 188
98 189
98 195
98 196
99 0
99 6
99 11
99 24
99 28
99 32
99 43
99 47
99 51
99 53
99 60
99 62
99 68
99 70
99 72
99 73
99 75
99 76
99 77
99 79
99 81
99 94
99 104
99 107
99 109
99 111
99 119
99 122
99 124
99 130
99 132
99 141
99 143
99 146
99 157
99 160
99 175
99 179
99 186
99 189
100 0
100 7
100 11
100 14
100 15
100 23
100 24
100 26
100 42
100 61
100 67
100 75
100 78
100 79
100 85
100 92
100 95
100 96
100 97
100 101
100 102
100 105
100 107
100 108
100 116
100 121
100 126
100 129
100 130
100 132
100 137
100 145
100 147
100 150
100 153
100 158
100 165
100 171
100 172
100 173
100 183
100 188
100 193
100 196
100 197
100 199
101 2
101 14
101 27
101 29
101 34
101 35
101 36
101 43
101 50
101 56
101 59
101 60
101 63
101 64
101 67
101 71
101 79
101 83
101 87
101 90
101 91
101 92
101 93
101 94
101 100
101 118
101 128
101 129
101 130
101 136
101 147
101 158
101 160
101 161
101 166
101 167
101 169
101 170
101 171
101 172
101 174
101 175
101 177
101 183
101 184
101 185
102 2
102 15
102 21
102 25
102 28
102 32
102 35
102 36
102 42
102 43
102 44
102 47
102 61
102 63
102 67
102 68
102 70
102 76
102 78
102 79
102 82
102 83
102 84
102 100
102 110
102 113
102 121
102 124
102 126
102 132
102 139
102 144
102 147
102 152
102 169
102 170
102 171
102 177
102 178
102 184
102 186
102 188
102 194
102 195
103 5
103 12
103 15
103 16
103 18
103 34
103 39
103 45
103 54
103 62
103 64
103 66
103 67
103 68
103 70
103 84
103 93
103 110
103 114
103 116
103 123
103 125
103 136
103 137
103 140
103 141
103 143
103 150
103 153
103 158
103 167
103 168
103 169
103 173
103 191
103 193
104 4
104 5
104 7
104 10
104 11
104 15
104 19
104 20
104 21
104 22
104 24
104 33
104 37
104 39
104 40
104 43
104 45
104 51
104 53
104 65
104 76
104 87
104 96
104 99
104 117
104 124
104 125
104 126
104 129
104 139
104 144
104 152
104 154
104 157
104 187
104 188
104 190
104 197
104 198
105 1
105 2
105 4
105 8
105 9
105 10
105 13
105 17
105 31
105 32
105 37
105 42
105 51
105 52
105 59
105 74
105 75
105 76
105 80
105 81
105 82
105 91
105 92
105 94
105 96
105 97
105 100
105 108
105 109
105 112
105 119
105 121
105 127
105 134
105 136
105 143
105 144
105 145
105 147
105 154
105 158
105 166
105 167
105 174
105 175
105 189
105 194
106 16
106 17
106 18
106 23
106 27
106 31
106 34
106 41
106 48
106 70
106 76
106 79
106 82
106 86
106 95
106 96
106 112
106 113
106 114
106 116
106 119
106 123
106 133
106 139
106 161
106 169
106 171
106 177
106 178
106 180
106 181
106 191
106 194
106 197
106 198
107 3
107 4
107 9
107 15
107 16
107 17
107 19
107 23
107 28
107 45
107 49
107 51
107 53
107 54
107 58
107 60
107 61
107 67
107 71
107 77
107 78
107 88
107 90
107 96
107 99
107 100
107 119
107 139
107 140
107 144
107 152
107 157
107 161
107 165
107 171
107 172
107 173
107 179
107 181
107 185
107 198
108 5
108 9
108 16
108 32
108 35
108 37
108 48
108 53
108 59
108 62
108 66
108 67
108 71
108 72
108 82
108 85
108 88
108 91
108 92
108 100
108 105
108 109
108 131
108 138
108 160
108 164
108 187
108 189
108 191
108 195
108 197
109 0
109 8
109 16
109 19
109 20
109 21
109 25
109 27
109 29
109 31
109 37
109 41
109 44
109 53
109 55
109 62
109 67
109 73
109 82
109 86
109 95
109 99
109 105
109 108
109 111
109 120
109 121
109 126
109 130
109 160
109 166
109 169
109 183
109 185
109 187
109 189
109 191
109 198
109 199
110 2
110 5
110 7
110 8
110 13
110 16
110 18
110 19
110 25
110 30
110 35
110 37
110 41
110 48
110 56
110 63
110 70
110 71
110 72
110 75
110 78
110 83
110 84
110 88
110 96
110 102
110 103
110 111
110 125
110 128
110 132
110 140
110 142
110 143
110 147
110 153
110 155
110 156
110 159
110 160
110 161
110 165
110 166
110 167
110 170
110 179
110 182
110 187
110 196
110 198
110 199
111 0
111 1
111 2
111 4
111 7
111 17
111 25
111 26
111 27
111 35
111 36
111 38
111 40
111 42
111 44
111 48
111 59
111 61
111 66
111 68
111 71
111 74
111 79
111 80
111 81
111 83
111 85
111 88
111 89
111 90
111 92
111 99
111 109
111 110
111 112
111 114
111 116
111 145
111 150
111 158
111 160
111 163
111 164
111 185
111 187
111 190
111 191
112 4
112 7
112 9
112 12
112 15
112 30
112 36
112 38
112 39
112 41
112 47
112 48
112 53
112 54
112 58
112 63
112 85
112 86
112 92
112 98
112 105
112 106
112 111
112 113
112 117
112 121
112 124
112 125
112 129
112 138
112 142
112 143
112 148
112 163
112 164
112 168
112 171
112 173
112 176
112 186
112 187
112 190
112 195
113 9
113 11
113 12
113 24
113 34
113 66
113 68
113 75
113 80
113 84
113 90
113 93
113 102
113 106
113 112
113 117
113 139
113 143
113 147
113 149
113 150
113 151
113 160
113 165
113 166
113 167
113 172
113 174
113 177
113 179
113 180
113 197
114 0
114 11
114 14
114 19
114 27
114 35
114 36
114 44
114 45
114 47
114 48
114 53
114 62
114 63
114 69
114 75
114 76
114 80
114 84
114 103
114 106
114 111
114 120
114 132
114 134
114 135
114 151
114 155
114 161
114 162
114 167
114 171
114 181
114 182
114 184
115 2
115 5
115 6
115 19
115 25
115 26
115 27
115 30
115 32
115 35
115 37
115 41
115 44
115 46
115 51
115 66
115 67
115 71
115 77
115 78
115 79
115 81
115 88
115 97
115 120
115 124
115 125
115 130
115 131
115 138
115 145
115 151
115 155
115 171
115 176
115 178
115 179
115 185
115 188
116 4
116 7
116 40
116 42
116 44
116 64
116 67
116 77
116 82
116 83
116 89
116 94
116 100
116 103
116 106
116 111
116 126
116 134
116 138
116 139
116 145
116 148
116 150
116 152
116 155
116 169
116 172
116 175
116 181
116 182
116 183
116 184
116 194
116 197
116 198
117 2
117 7
117 10
117 15
117 31
117 32
117 39
117 43
117 45
117 46
117 58
117 61
117 63
117 76
117 78
117 79
117 82
117 86
117 94
117 95
117 104
117 112
117 113
117 118
117 129
117 130
117 132
117 141
117 146
117 149
117 161
117 168
117 177
117 181
117 192
117 199
118 5
118 11
118 12
118 24
118 25
118 26
118 29
118 36
118 40
118 42
118 48
118 49
118 58
118 59
118 63
118 79
118 82
118 84
118 93
118 97
118 101
118 117
118 119
118 124
118 137
118 139
118 154
118 158
118 168
118 170
118 171
118 176
118 192
118 195
119 0
119 2
119 11
119 26
119 31
119 42
119 43
119 56
119 57
119 60
119 62
119 66
119 81
119 89
119 90
119 99
119 105
119 106
119 107
119 118
119 121
119 123
119 128
119 129
119 133
119 136
119 154
119 155
119 157
119 160
119 170
119 172
119 175
119 176
119 178
119 179
119 186
119 189
119 190
120 4
120 6
120 14
120 18
120 24
120 28
120 29
120 34
120 39
120 53
120 55
120 56
120 58
120 61
120 68
120 69
120 78
120 81
120 96
120 109
120 114
120 115
120 127
120 139
120 142
120 145
120 153
120 154
120 166
120 167
120 168
120 172
120 177
120 180
120 184
120 186
120 188
121 0
121 4
121 5
121 10
121 27
121 37
121 39
121 45
121 50
121 52
121 54
121 57
121 58
121 71
121 88
121 100
121 102
121 105
121 109
121 112
121 119
121 123
121 137
121 138
121 145
121 167
121 175
121 177
121 183
121 184
121 185
121 192
121 194
121 195
122 1
122 9
122 13
122 15
122 16
122 27
122 33
122 37
122 40
122 45
122 50
122 64
122 66
122 67
122 78
122 81
122 86
122 99
122 123
122 130
122 136
122 147
122 152
122 153
122 155
122 161
122 163
122 165
122 171
122 175
122 199
123 2
123 3
123 8
123 19
123 23
123 25
123 28
123 31
123 33
123 38
123 40
123 51
123 58
123 61
123 66
123 70
123 75
123 96
123 103
123 106
123 119
123 121
123 122
123 125
123 132
123 135
123 137
123 140
123 153
123 158
123 177
123 184
123 187
123 191
123 192
123 198
124 2
124 6
124 7
124 8
124 12
124 27
124 32
124 33
124 34
124 48
124 52
124 60
124 61
124 70
124 74
124 80
124 86
124 88
124 91
124 93
124 97
124 99
124 102
124 104
124 112
124 115
124 118
124 126
124 134
124 146
124 148
124 162
124 164
124 166
124 168
124 172
124 177
124 187
124 196
125 1
125 3
125 8
125 18
125 19
125 21
125 23
125 26
125 29
125 35
125 43
125 45
125 46
125 60
125 65
125 66
125 75
125 76
125 82
125 84
125 89
125 90
125 92
125 93
125 95
125 96
125 103
125 104
125 110
125 112
125 115
125 123
125 126
125 130
125 132
125 136
125 139
125 142
125 151
125 153
125 156
125 163
125 169
125 178
125 180
125 183
126 2
126 5
126 7
126 21
126 39
126 40
126 56
126 61
126 62
126 68
126 69
126 75
126 80
126 81
126 86
126 92
126 100
126 102
126 104
126 109
126 116
126 124
126 125
126 131
126 136
126 153
126 154
126 156
126 175
126 177
126 191
126 192
126 198
127 4
127 6
127 7
127 12
127 20
127 27
127 35
127 43
127 44
127 50
127 56
127 64
127 65
127 70
127 73
127 77
127 79
127 81
127 86
127 89
127 92
127 96
127 97
127 105
127 120
127 131
127 133
127 136
127 139
127 146
127 148
127 149
127 153
127 164
127 168
127 175
127 188
127 189
127 190
127 191
127 195
128 5
128 10
128 12
128 14
128 17
128 28
128 30
128 31
128 32
128 37
128 41
128 45
128 50
128 53
128 55
128 70
128 80
128 87
128 88
128 89
128 92
128 101
128 110
128 119
128 133
128 136
128 140
128 145
128 147
128 153
128 157
128 173
128 177
128 180
128 190
128 191
129 6
129 9
129 17
129 20
129 21
129 22
129 25
129 27
129 44
129 53
129 64
129 65
129 69
129 74
129 85
129 88
129 93
129 100
129 101
129 104
129 112
129 117
129 119
129 132
129 133
129 135
129 163
129 172
129 178
129 187
129 191
130 2
130 5
130 6
130 7
130 10
130 15
130 21
130 29
130 37
130 38
130 45
130 64
130 67
130 68
130 84
130 91
130 99
130 100
130 101
130 109
130 115
130 117
130 122
130 125
130 131
130 134
130 141
130 148
130 149
130 154
130 163
130 165
130 166
130 170
130 175
130 177
130 181
130 185
131 3
131 4
131 16
131 19
131 25
131 40
131 46
131 63
131 64
131 70
131 74
131 75
131 85
131 92
131 108
131 115
131 126
131 127
131 130
131 141
131 144
131 155
131 158
131 162
131 168
131 169
131 170
131 172
131 176
131 177
131 184
131 194
131 195
131 197
132 1
132 2
132 4
132 6
132 22
132 23
132 28
132 32
132 38
132 39
132 42
132 44
132 48
132 52
132 60
132 63
132 64
132 65
132 67
132 71
132 73
132 76
132 87
132 89
132 94
132 99
132 100
132 102
132 110
132 114
132 117
132 123
132 125
132 129
132 134
132 135
132 137
132 141
132 144
132 148
132 162
132 173
132 185
132 190
132 192
132 197
133 6
133 10
133 13
133 24
133 27
133 31
133 32
133 35
133 38
133 39
133 47
133 51
133 53
133 55
133 57
133 63
133 64
133 65
133 69
133 70
133 71
133 73
133 85
133 87
133 89
133 91
133 97
133 106
133 119
133 127
133 128
133 129
133 144
133 145
133 146
133 147
133 155
133 158
133 160
133 161
133 166
133 169
133 173
133 175
133 179
133 183
133 186
133 188
133 194
133 196
134 0
134 8
134 16
134 21
134 23
134 26
134 30
134 34
134 35
134 36
134 56
134 75
134 78
134 81
134 82
134 96
134 105
134 114
134 116
134 124
134 130
134 132
134 136
134 140
134 144
134 157
134 158
134 159
134 164
134 165
134 169
134 177
134 179
134 184
134 194
134 196
135 11
135 36
135 39
135 40
135 52
135 58
135 59
135 60
135 70
135 73
135 74
135 75
135 79
135 84
135 114
135 123
135 129
135 132
135 138
135 141
135 142
135 146
135 147
135 150
135 152
135 153
135 154
135 158
135 161
135 162
135 166
135 184
135 187
135 195
136 29
136 31
136 35
136 36
136 40
136 53
136 59
136 64
136 73
136 82
136 97
136 101
136 103
136 105
136 119
136 122
136 125
136 126
136 127
136 128
136 134
136 140
136 149
136 156
136 164
136 167
136 179
136 184
136 185
136 187
136 194
136 198
137 1
137 8
137 13
137 16
137 27
137 32
137 78
137 79
137 82
137 84
137 88
137 89
137 92
137 96
137 97
137 98
137 100
137 103
137 118
137 121
137 123
137 132
137 138
137 150
137 158
137 164
137 167
137 178
137 180
137 189
137 191
137 197
137 199
138 2
138 10
138 13
138 17
138 18
138 24
138 27
138 31
138 32
138 34
138 36
138 37
138 51
138 53
138 56
138 61
138 62
138 64
138 69
138 70
138 75
138 77
138 78
138 84
138 85
138 87
138 89
138 91
138 95
138 96
138 108
138 112
138 115
138 116
138 121
138 135
138 137
138 140
138 154
138 162
138 174
138 175
138 176
138 180
138 181
138 182
139 6
139 8
139 10
139 12
139 13
139 14
139 15
139 24
139 25
139 28
139 35
139 37
139 39
139 45
139 50
139 58
139 59
139 64
139 69
139 93
139 102
139 104
139 106
139 107
139 113
139 116
139 118
139 120
139 125
139 127
139 167
139 169
139 175
139 176
139 187
139 189
139 190
139 196
139 197
140 1
140 6
140 17
140 26
140 30
140 37
140 40
140 46
140 57
140 59
140 69
140 71
140 73
140 81
140 84
140 85
140 88
140 89
140 91
140 93
140 94
140 95
140 96
140 103
140 107
140 110
140 123
140 128
140 134
140 136
140 138
140 146
140 147
140 153
140 156
140 157
140 162
140 166
140 172
140 182
140 183
140 186
140 187
141 0
141 6
141 7
141 10
141 11
141 14
141 17
141 18
141 19
141 21
141 26
141 28
141 53
141 57
141 64
141 66
141 72
141 77
141 83
141 99
141 103
141 117
141 130
141 131
141 132
141 135
141 142
141 143
141 144
141 157
141 161
141 176
141 177
141 179
141 185
141 187
141 191
142 3
142 6
142 14
142 21
142 33
142 34
142 40
142 47
142 48
142 49
142 50
142 52
142 54
142 58
142 61
142 63
142 66
142 74
142 75
142 94
142 95
142 110
142 112
142 120
142 125
142 135
142 141
142 143
142 148
142 152
142 156
142 163
142 168
142 169
142 173
142 176
142 180
142 182
142 185
142 189
142 191
143 9
143 14
143 21
143 26
143 33
143 34
143 37
143 44
143 46
143 47
143 48
143 54
143 63
143 64
143 68
143 74
143 79
143 80
143 96
143 99
143 103
143 105
143 110
143 112
143 113
143 141
143 142
143 147
143 148
143 156
143 157
143 167
143 169
143 173
143 185
143 190
143 193
144 4
144 7
144 9
144 13
144 15
144 18
144 22
144 26
144 33
144 34
144 39
144 42
144 44
144 49
144 65
144 66
144 71
144 72
144 75
144 83
144 89
144 92
144 94
144 98
144 102
144 104
144 105
144 107
144 131
144 132
144 133
144 134
144 141
144 150
144 154
144 180
144 187
144 194
144 195
144 199
145 1
145 7
145 14
145 19
145 28
145 29
145 32
145 33
145 35
145 37
145 43
145 46
145 47
145 54
145 57
145 67
145 71
145 72
145 74
145 75
145 82
145 100
145 105
145 111
145 115
145 116
145 120
145 121
145 128
145 133
145 161
145 166
145 170
145 176
145 177
145 179
145 185
145 189
145 197
146 3
146 8
146 14
146 17
146 20
146 22
146 28
146 36
146 37
146 44
146 45
146 46
146 47
146 51
146 58
146 68
146 71
146 74
146 75
146 82
146 83
146 85
146 89
146 92
146 99
146 117
146 124
146 127
146 133
146 135
146 140
146 149
146 150
146 151
146 154
146 155
146 162
146 163
146 169
146 170
146 172
146 174
146 177
146 192
146 193
146 198
147 4
147 5
147 16
147 24
147 28
147 39
147 40
147 42
147 46
147 47
147 51
147 52
147 54
147 62
147 64
147 67
147 73
147 78
147 79
147 81
147 86
147 90
147 91
147 93
147 95
147 97
147 100
147 101
147 102
147 105
147 110
147 113
147 122
147 128
147 133
147 135
147 140
147 143
147 150
147 153
147 162
147 169
147 172
147 173
147 176
147 182
147 191
147 192
147 196
147 199
148 5
148 12
148 13
148 16
148 20
148 22
148 28
148 36
148 55
148 56
148 64
148 65
148 67
148 71
148 75
148 76
148 86
148 88
148 89
148 90
148 96
148 112
148 116
148 124
148 127
148 130
148 132
148 142
148 143
148 170
148 174
148 181
148 194
148 196
148 197
149 8
149 17
149 25
149 28
149 30
149 35
149 38
149 39
149 48
149 50
149 53
149 77
149 94
149 96
149 113
149 117
149 127
149 130
149 136
149 146
149 155
149 156
149 157
149 162
149 167
149 175
149 176
149 179
149 182
149 184
149 197
149 199
150 1
150 2
150 16
150 17
150 18
150 19
150 20
150 24
150 27
150 32
150 33
150 46
150 49
150 51
150 66
150 67
150 70
150 74
150 75
150 78
150 86
150 90
150 96
150 100
150 103
150 111
150 113
150 116
150 135
150 137
150 144
150 146
150 147
150 151
150 156
150 159
150 160
150 164
150 165
150 168
150 169
150 171
150 172
150 173
150 174
150 177
150 178
150 187
150 190
150 192
151 6
151 14
151 17
151 18
151 33
151 35
151 36
151 37
151 40
151 41
151 43
151 45
151 51
151 58
151 60
151 66
151 85
151 88
151 94
151 113
151 114
151 115
151 125
151 146
151 150
151 152
151 154
151 161
151 164
151 165
151 166
151 168
151 178
151 196
151 199
152 2
152 11
152 14
152 29
152 30
152 35
152 50
152 52
152 56
152 59
152 65
152 66
152 68
152 71
152 77
152 81
152 92
152 98
152 102
152 104
152 107
152 116
152 122
152 135
152 142
152 151
152 154
152 159
152 169
152 177
152 184
152 186
152 193
152 196
152 198
153 4
153 14
153 16
153 20
153 30
153 33
153 35
153 39
153 41
153 45
153 47
153 52
153 63
153 71
153 78
153 79
153 82
153 93
153 96
153 100
153 103
153 110
153 120
153 122
153 123
153 125
153 126
153 127
153 128
153 135
153 140
153 147
153 160
153 163
153 164
153 166
153 174
153 176
153 182
153 188
153 189
153 192
153 194
153 196
154 12
154 13
154 18
154 21
154 23
154 26
154 42
154 43
154 46
154 47
154 48
154 49
154 51
154 57
154 66
154 67
154 87
154 89
154 92
154 98
154 104
154 105
154 118
154 119
154 120
154 126
154 130
154 135
154 138
154 144
154 146
154 151
154 152
154 158
154 160
154 163
154 169
154 170
154 172
154 175
154 179
154 183
154 189
154 191
154 195
154 196
155 4
155 8
155 13
155 15
155 19
155 28
155 29
155 37
155 39
155 41
155 45
155 53
155 60
155 61
155 74
155 79
155 81
155 82
155 84
155 85
155 92
155 93
155 94
155 96
155 110
155 114
155 115
155 116
155 119
155 122
155 131
155 133
155 146
155 149
155 158
155 159
155 160
155 162
155 164
155 181
155 191
155 193
156 1
156 2
156 20
156 32
156 47
156 60
156 69
156 70
156 73
156 79
156 84
156 86
156 87
156 93
156 110
156 125
156 126
156 136
156 140
156 142
156 143
156 149
156 150
156 161
156 170
156 171
156 174
156 178
156 182
156 188
156 193
156 197
157 2
157 9
157 14
157 15
157 24
157 32
157 34
157 35
157 38
157 39
157 46
157 48
157 50
157 63
157 78
157 81
157 87
157 95
157 96
157 97
157 99
157 104
157 107
157 119
157 128
157 134
157 140
157 141
157 143
157 149
157 162
157 166
157 172
157 177
157 179
157 191
157 192
157 199
158 4
158 6
158 22
158 26
158 28
158 32
158 33
158 34
158 36
158 37
158 38
158 39
158 40
158 50
158 54
158 57
158 58
158 64
158 76
158 78
158 79
158 81
158 90
158 91
158 93
158 100
158 101
158 103
158 105
158 111
158 118
158 123
158 131
158 133
158 134
158 135
158 137
158 154
158 155
158 159
158 181
158 198
159 1
159 2
159 3
159 12
159 17
159 26
159 34
159 37
159 40
159 42
159 53
159 54
159 71
159 80
159 92
159 110
159 134
159 150
159 152
159 155
159 158
159 160
159 163
159 173
159 174
159 175
159 177
159 185
160 3
160 7
160 8
160 14
160 15
160 17
160 24
160 30
160 32
160 38
160 41
160 50
160 72
160 78
160 80
160 81
160 84
160 85
160 86
160 89
160 99
160 101
160 108
160 109
160 110
160 111
160 113
160 119
160 133
160 150
160 153
160 154
160 155
160 159
160 173
160 175
160 178
160 180
160 189
160 195
160 196
160 197
161 0
161 3
161 5
161 7
161 10
161 19
161 27
161 33
161 37
161 44
161 48
161 52
161 54
161 56
161 69
161 71
161 78
161 85
161 89
161 95
161 101
161 106
161 107
161 110
161 114
161 117
161 122
161 133
161 135
161 141
161 145
161 151
161 156
161 164
161 171
161 178
161 183
161 186
161 191
161 199
162 1
162 12
162 17
162 21
162 22
162 35
162 38
162 43
162 51
162 52
162 54
162 56
162 57
162 61
162 73
162 80
162 81
162 82
162 86
162 87
162 88
162 98
162 114
162 124
162 131
162 132
162 135
162 138
162 140
162 146
162 147
162 149
162 155
162 157
162 168
162 169
162 170
162 174
162 180
162 182
162 184
162 185
162 188
162 195
163 2
163 6
163 13
163 15
163 20
163 22
163 23
163 26
163 27
163 38
163 42
163 44
163 48
163 54
163 70
163 72
163 91
163 98
163 111
163 112
163 122
163 125
163 129
163 130
163 142
163 146
163 153
163 154
163 159
163 166
163 170
163 177
163 178
163 182
163 186
163 188
163 194
163 195
163 197
164 1
164 3
164 7
164 8
164 9
164 12
164 19
164 36
164 47
164 51
164 52
164 53
164 62
164 73
164 75
164 77
164 78
164 83
164 96
164 108
164 111
164 112
164 124
164 127
164 134
164 136
164 137
164 150
164 151
164 153
164 155
164 161
164 172
164 184
164 193
165 1
165 2
165 3
165 5
165 9
165 12
165 14
165 17
165 24
165 27
165 28
165 30
165 32
165 36
165 38
165 47
165 48
165 51
165 61
165 65
165 66
165 76
165 83
165 90
165 94
165 100
165 107
165 110
165 113
165 122
165 130
165 134
165 150
165 151
165 166
165 167
165 169
165 172
165 177
165 183
165 186
165 188
165 191
165 194
166 2
166 10
166 17
166 24
166 25
166 28
166 59
166 60
166 63
166 66
166 71
166 76
166 84
166 86
166 89
166 92
166 97
166 101
166 105
166 109
166 110
166 113
166 120
166 124
166 130
166 133
166 135
166 140
166 145
166 151
166 153
166 157
166 163
166 165
166 168
166 169
166 177
166 195
166 196
166 198
167 1
167 5
167 12
167 14
167 23
167 25
167 31
167 34
167 42
167 43
167 44
167 52
167 53
167 56
167 58
167 66
167 68
167 72
167 73
167 74
167 83
167 88
167 91
167 97
167 98
167 101
167 103
167 105
167 110
167 113
167 114
167 120
167 121
167 136
167 137
167 139
167 143
167 149
167 165
167 168
167 176
167 186
168 1
168 5
168 9
168 27
168 32
168 34
168 48
168 49
168 56
168 61
168 66
168 72
168 74
168 91
168 92
168 94
168 103
168 112
168 117
168 118
168 120
168 124
168 127
168 131
168 142
168 150
168 151
168 162
168 166
168 167
168 169
168 170
168 174
168 178
168 190
168 193
169 2
169 5
169 13
169 27
169 28
169 29
169 41
169 50
169 61
169 63
169 65
169 70
169 73
169 75
169 78
169 80
169 83
169 93
169 94
169 101
169 102
169 103
169 106
169 109
169 116
169 125
169 131
169 133
169 134
169 139
169 142
169 143
169 146
169 147
169 150
169 152
169 154
169 162
169 165
169 166
169 168
169 182
169 185
169 194
169 195
169 196
170 3
170 4
170 12
170 20
170 21
170 45
170 55
170 59
170 60
170 67
170 82
170 89
170 90
170 92
170 93
170 96
170 101
170 102
170 110
170 118
170 119
170 130
170 131
170 145
170 146
170 148
170 154
170 156
170 162
170 163
170 168
170 172
170 176
170 178
170 183
170 184
170 187
170 188
170 190
170 197
171 6
171 18
171 21
171 25
171 31
171 37
171 39
171 43
171 44
171 61
171 65
171 67
171 70
171 71
171 73
171 74
171 100
171 101
171 102
171 106
171 107
171 112
171 114
171 115
171 118
171 122
171 150
171 156
171 161
171 184
171 186
171 187
171 193
171 196
172 1
172 4
172 17
172 31
172 34
172 43
172 45
172 50
172 52
172 54
172 60
172 64
172 66
172 81
172 91
172 100
172 101
172 107
172 113
172 116
172 119
172 120
172 124
172 129
172 131
172 140
172 146
172 147
172 150
172 154
172 157
172 164
172 165
172 170
172 173
172 181
172 187
172 195
172 197
172 198
173 5
173 6
173 9
173 12
173 19
173 25
173 27
173 31
173 33
173 35
173 36
173 43
173 50
173 55
173 56
173 67
173 89
173 95
173 100
173 103
173 107
173 112
173 128
173 132
173 133
173 142
173 143
173 147
173 150
173 159
173 160
173 172
173 179
173 183
173 184
173 185
173 188
173 198
174 7
174 13
174 15
174 17
174 27
174 34
174 36
174 38
174 40
174 42
174 43
174 44
174 46
174 53
174 58
174 62
174 63
174 65
174 67
174 69
174 70
174 76
174 77
174 79
174 86
174 88
174 89
174 96
174 101
174 105
174 113
174 138
174 146
174 148
174 150
174 153
174 156
174 159
174 162
174 168
174 176
174 178
174 179
174 183
174 191
174 192
174 194
174 198
174 199
175 5
175 8
175 12
175 27
175 28
175 36
175 44
175 45
175 48
175 68
175 75
175 77
175 79
175 87
175 97
175 99
175 101
175 105
175 116
175 119
175 121
175 122
175 126
175 127
175 130
175 133
175 138
175 139
175 149
175 154
175 159
175 160
175 182
175 186
176 18
176 22
176 41
176 42
176 52
176 53
176 55
176 58
176 62
176 68
176 69
176 76
176 81
176 86
176 95
176 96
176 112
176 115
176 118
176 119
176 131
176 138
176 139
176 141
176 142
176 145
176 147
176 149
176 153
176 167
176 170
176 174
176 191
176 192
177 6
177 11
177 16
177 21
177 30
177 31
177 35
177 52
177 54
177 62
177 67
177 78
177 81
177 83
177 87
177 89
177 91
177 92
177 101
177 102
177 106
177 113
177 117
177 120
177 121
177 123
177 124
177 126
177 128
177 130
177 131
177 134
177 141
177 145
177 146
177 150
177 152
177 157
177 159
177 163
177 165
177 166
177 191
177 198
178 18
178 36
178 41
178 47
178 61
178 66
178 69
178 72
178 73
178 77
178 80
178 87
178 90
178 91
178 96
178 102
178 106
178 115
178 119
178 125
178 129
178 137
178 150
178 151
178 156
178 160
178 161
178 163
178 168
178 170
178 174
178 179
178 181
178 185
178 187
178 188
178 190
178 191
179 1
179 5
179 9
179 11
179 12
179 14
179 19
179 20
179 28
179 30
179 40
179 44
179 51
179 54
179 62
179 64
179 67
179 70
179 73
179 77
179 79
179 83
179 88
179 90
179 99
179 107
179 110
179 113
179 115
179 119
179 133
179 134
179 136
179 141
179 145
179 149
179 154
179 157
179 173
179 174
179 178
179 185
180 13
180 25
180 26
180 29
180 33
180 37
180 51
180 53
180 59
180 63
180 78
180 84
180 88
180 96
180 106
180 113
180 120
180 125
180 128
180 137
180 138
180 142
180 144
180 160
180 162
180 186
181 0
181 1
181 4
181 5
181 6
181 15
181 17
181 21
181 23
181 28
181 30
181 37
181 38
181 41
181 45
181 50
181 56
181 63
181 74
181 76
181 78
181 81
181 89
181 90
181 92
181 95
181 106
181 107
181 114
181 116
181 117
181 130
181 138
181 148
181 155
181 158
181 172
181 178
181 182
181 183
181 186
181 194
181 195
181 199
182 3
182 7
182 18
182 24
182 26
182 28
182 30
182 43
182 49
182 63
182 64
182 68
182 69
182 91
182 97
182 110
182 114
182 116
182 138
182 140
182 142
182 147
182 149
182 153
182 156
182 162
182 163
182 169
182 175
182 181
182 190
182 191
182 193
183 3
183 7
183 12
183 13
183 24
183 40
183 42
183 44
183 49
183 58
183 60
183 67
183 68
183 71
183 72
183 100
183 101
183 109
183 116
183 121
183 125
183 133
183 140
183 154
183 161
183 165
183 170
183 173
183 174
183 181
183 187
183 188
183 194
184 3
184 6
184 8
184 16
184 17
184 18
184 24
184 28
184 29
184 31
184 32
184 37
184 38
184 45
184 50
184 55
184 64
184 68
184 71
184 73
184 77
184 79
184 81
184 95
184 96
184 97
184 101
184 102
184 114
184 116
184 120
184 121
184 123
184 131
184 134
184 135
184 136
184 149
184 152
184 162
184 164
184 170
184 171
184 173
184 186
184 189
184 195
184 197
185 3
185 8
185 17
185 18
185 21
185 27
185 31
185 38
185 48
185 56
185 63
185 68
185 71
185 74
185 75
185 76
185 80
185 82
185 89
185 93
185 96
185 101
185 107
185 109
185 111
185 115
185 121
185 130
185 132
185 136
185 141
185 142
185 143
185 145
185 159
185 162
185 169
185 173
185 178
185 179
185 193
185 198
186 3
186 7
186 8
186 14
186 19
186 25
186 26
186 27
186 31
186 32
186 35
186 40
186 41
186 43
186 48
186 49
186 51
186 58
186 60
186 62
186 66
186 77
186 78
186 79
186 86
186 89
186 99
186 102
186 112
186 119
186 120
186 133
186 140
186 152
186 161
186 163
186 165
186 167
186 171
186 175
186 180
186 181
186 184
186 194
186 196
186 199
187 2
187 4
187 10
187 18
187 25
187 30
187 31
187 32
187 33
187 35
187 37
187 40
187 45
187 61
187 62
187 69
187 75
187 89
187 93
187 95
187 97
187 98
187 104
187 108
187 109
187 110
187 111
187 112
187 123
187 124
187 129
187 135
187 136
187 139
187 140
187 141
187 144
187 150
187 170
187 171
187 172
187 178
187 183
187 188
187 189
187 190
187 191
187 192
188 0
188 2
188 3
188 4
188 6
188 8
188 10
188 13
188 15
188 51
188 53
188 73
188 75
188 82
188 91
188 92
188 93
188 94
188 98
188 100
188 102
188 104
188 115
188 120
188 127
188 133
188 153
188 156
188 162
188 163
188 165
188 170
188 173
188 178
188 183
188 187
188 189
188 196
188 198
189 2
189 11
189 15
189 38
189 53
189 67
189 71
189 72
189 75
189 76
189 77
189 80
189 81
189 87
189 94
189 98
189 99
189 105
189 108
189 109
189 119
189 127
189 137
189 139
189 142
189 145
189 153
189 154
189 160
189 184
189 187
189 188
190 4
190 12
190 14
190 20
190 21
190 25
190 27
190 32
190 33
190 36
190 38
190 43
190 44
190 47
190 49
190 60
190 66
190 72
190 85
190 88
190 90
190 97
190 104
190 111
190 112
190 119
190 127
190 128
190 132
190 139
190 143
190 150
190 168
190 170
190 178
190 182
190 187
190 197
191 16
191 20
191 26
191 30
191 47
191 48
191 52
191 65
191 72
191 80
191 90
191 103
191 106
191 108
191 109
191 111
191 123
191 126
191 127
191 128
191 129
191 137
191 141
191 142
191 147
191 154
191 155
191 157
191 161
191 165
191 174
191 176
191 177
191 178
191 182
191 187
191 197
192 1
192 5
192 6
192 11
192 15
192 22
192 23
192 26
192 43
192 44
192 59
192 61
192 75
192 78
192 82
192 87
192 117
192 118
192 121
192 123
192 126
192 132
192 146
192 147
192 150
192 153
192 157
192 174
192 176
192 187
192 193
192 198
193 2
193 10
193 11
193 20
193 21
193 26
193 30
193 36
193 38
193 40
193 46
193 53
193 56
193 61
193 68
193 77
193 79
193 82
193 90
193 96
193 100
193 103
193 143
193 146
193 152
193 155
193 156
193 164
193 168
193 171
193 182
193 185
193 192
193 199
194 14
194 20
194 21
194 28
194 30
194 32
194 37
194 38
194 39
194 51
194 54
194 57
194 60
194 80
194 82
194 86
194 89
194 91
194 92
194 94
194 97
194 102
194 105
194 106
194 116
194 121
194 131
194 133
194 134
194 136
194 144
194 148
194 153
194 163
194 165
194 169
194 174
194 181
194 183
194 186
195 6
195 10
195 13
195 21
195 23
195 24
195 38
195 44
195 48
195 52
195 59
195 61
195 64
195 75
195 76
195 78
195 80
195 84
195 88
195 89
195 98
195 102
195 108
195 112
195 118
195 121
195 127
195 131
195 135
195 144
195 154
195 160
195 162
195 163
195 166
195 169
195 172
195 181
195 184
195 197
195 199
196 1
196 2
196 5
196 10
196 15
196 22
196 23
196 32
196 34
196 37
196 38
196 39
196 40
196 42
196 46
196 53
196 54
196 56
196 67
196 89
196 98
196 100
196 110
196 124
196 133
196 134
196 139
196 147
196 148
196 151
196 152
196 153
196 154
196 160
196 166
196 169
196 171
196 186
196 188
197 0
197 2
197 8
197 17
197 18
197 20
197 25
197 27
197 32
197 34
197 37
197 50
197 55
197 58
197 63
197 67
197 88
197 95
197 100
197 104
197 106
197 108
197 113
197 116
197 131
197 132
197 137
197 139
197 145
197 148
197 149
197 156
197 160
197 163
197 170
197 172
197 184
197 190
197 191
197 195
197 199
198 0
198 2
198 3
198 8
198 10
198 13
198 14
198 21
198 26
198 28
198 33
198 42
198 52
198 53
198 55
198 67
198 73
198 77
198 81
198 92
198 93
198 97
198 104
198 106
198 107
198 109
198 110
198 116
198 123
198 126
198 136
198 146
198 152
198 158
198 166
198 172
198 173
198 174
198 177
198 185
198 188
198 192
199 1
199 3
199 10
199 13
199 21
199 24
199 29
199 33
199 36
199 39
199 55
199 60
199 62
199 63
199 67
199 69
199 71
199 74
199 75
199 76
199 77
199 89
199 94
199 95
199 100
199 109
199 110
199 117
199 122
199 137
199 144
199 147
199 149
199 151
199 157
199 161
199 174
199 181
199 186
199 193
199 195
199 197