200 4059
0 3
0 5
0 13
0 15
0 17
0 22
0 25
0 35
0 36
0 39
0 47
0 49
0 55
0 56
0 59
0 65
0 72
0 74
0 80
0 83
0 91
0 92
0 93
0 100
0 101
0 102
0 108
0 112
0 117
0 120
0 124
0 125
0 128
0 136
0 138
0 142
0 145
0 155
0 174
0 193
0 197
1 25
1 28
1 33
1 38
1 52
1 55
1 60
1 63
1 65
1 66
1 79
1 82
1 84
1 102
1 114
1 116
1 122
1 124
1 125
1 127
1 132
1 134
1 142
1 150
1 151
1 155
1 184
1 185
1 187
1 194
1 195
1 196
2 8
2 14
2 16
2 24
2 25
2 34
2 35
2 36
2 49
2 58
2 72
2 83
2 90
2 109
2 113
2 115
2 120
2 139
2 140
2 150
2 151
2 165
2 170
2 171
2 172
2 173
2 179
2 181
2 188
2 189
2 192
2 194
2 195
3 0
3 9
3 10
3 11
3 17
3 19
3 35
3 36
3 42
3 51
3 59
3 64
3 65
3 67
3 68
3 75
3 83
3 84
3 86
3 93
3 100
3 107
3 110
3 114
3 122
3 134
3 137
3 138
3 148
3 150
3 166
3 189
3 194
3 197
3 198
4 9
4 11
4 13
4 19
4 23
4 24
4 27
4 33
4 35
4 47
4 56
4 61
4 63
4 66
4 70
4 71
4 73
4 75
4 80
4 89
4 98
4 105
4 106
4 110
4 111
4 116
4 124
4 128
4 133
4 134
4 136
4 140
4 147
4 155
4 156
4 159
4 163
4 164
4 168
4 170
4 177
4 180
4 182
4 188
4 189
5 0
5 6
5 10
5 11
5 15
5 17
5 23
5 33
5 40
5 44
5 45
5 50
5 52
5 53
5 54
5 56
5 59
5 63
5 68
5 80
5 89
5 90
5 91
5 93
5 97
5 99
5 101
5 104
5 111
5 118
5 127
5 132
5 136
5 150
5 152
5 154
5 161
5 163
5 173
5 177
5 179
5 182
5 186
5 190
5 191
5 192
5 198
6 5
6 29
6 36
6 40
6 42
6 47
6 49
6 53
6 58
6 59
6 76
6 78
6 81
6 82
6 84
6 86
6 89
6 99
6 110
6 111
6 112
6 115
6 117
6 133
6 135
6 136
6 140
6 142
6 149
6 155
6 158
6 167
6 169
6 171
6 181
6 195
6 196
7 8
7 10
7 15
7 21
7 29
7 36
7 37
7 46
7 48
7 49
7 53
7 54
7 57
7 61
7 71
7 77
7 88
7 97
7 109
7 114
7 117
7 122
7 128
7 130
7 142
7 147
7 151
7 152
7 160
7 165
7 170
7 171
7 177
7 180
7 181
7 185
7 188
7 194
7 196
7 197
8 2
8 7
8 14
8 20
8 26
8 34
8 37
8 40
8 43
8 45
8 50
8 53
8 64
8 65
8 70
8 75
8 77
8 78
8 79
8 81
8 87
8 88
8 89
8 95
8 102
8 106
8 109
8 118
8 126
8 134
8 135
8 138
8 141
8 146
8 147
8 151
8 157
8 161
8 164
8 165
8 175
8 180
8 190
8 191
8 194
9 3
9 4
9 20
9 27
9 38
9 41
9 44
9 52
9 53
9 56
9 65
9 68
9 70
9 72
9 74
9 75
9 83
9 85
9 89
9 91
9 97
9 101
9 104
9 105
9 125
9 128
9 129
9 130
9 131
9 136
9 142
9 152
9 153
9 164
9 165
9 168
9 169
9 171
9 175
9 178
9 184
9 185
9 192
9 197
10 3
10 5
10 7
10 12
10 13
10 16
10 18
10 21
10 31
10 35
10 37
10 47
10 54
10 55
10 58
10 60
10 69
10 77
10 78
10 83
10 107
10 114
10 115
10 118
10 119
10 120
10 122
10 125
10 133
10 134
10 136
10 139
10 154
10 161
10 163
10 166
10 172
10 174
10 176
10 180
10 182
10 184
10 185
10 189
10 193
11 3
11 4
11 5
11 13
11 23
11 29
11 32
11 34
11 37
11 44
11 45
11 56
11 57
11 63
11 64
11 69
11 76
11 93
11 96
11 102
11 110
11 111
11 112
11 115
11 122
11 140
11 142
11 146
11 148
11 152
11 164
11 170
11 171
11 177
11 182
11 190
11 193
11 194
11 195
12 10
12 13
12 23
12 32
12 39
12 40
12 48
12 51
12 52
12 60
12 69
12 82
12 83
12 96
12 100
12 106
12 111
12 126
12 129
12 131
12 134
12 138
12 156
12 162
12 163
12 167
12 179
12 193
12 197
13 0
13 4
13 10
13 11
13 12
13 20
13 31
13 32
13 33
13 39
13 43
13 47
13 49
13 55
13 67
13 69
13 76
13 86
13 99
13 101
13 111
13 112
13 117
13 118
13 121
13 122
13 135
13 148
13 152
13 153
13 158
13 159
13 166
13 167
13 169
13 175
13 177
13 178
13 179
13 183
13 184
13 187
14 2
14 8
14 20
14 25
14 26
14 30
14 33
14 34
14 50
14 58
14 64
14 66
14 73
14 79
14 84
14 85
14 90
14 92
14 98
14 112
14 114
14 115
14 125
14 126
14 127
14 128
14 134
14 140
14 143
14 148
14 149
14 156
14 165
14 169
14 170
14 173
14 174
14 175
14 187
14 188
14 191
14 192
14 193
14 197
15 0
15 5
15 7
15 16
15 21
15 25
15 26
15 33
15 35
15 37
15 47
15 48
15 49
15 51
15 56
15 57
15 60
15 62
15 65
15 72
15 74
15 80
15 81
15 82
15 84
15 89
15 97
15 100
15 102
15 105
15 106
15 108
15 118
15 126
15 133
15 137
15 140
15 142
15 145
15 163
15 175
15 176
15 177
15 186
15 190
15 193
15 194
16 2
16 10
16 15
16 24
16 29
16 34
16 42
16 44
16 47
16 50
16 61
16 63
16 65
16 68
16 72
16 73
16 74
16 80
16 87
16 95
16 107
16 119
16 121
16 133
16 141
16 145
16 149
16 158
16 169
16 181
16 196
17 0
17 3
17 5
17 22
17 24
17 28
17 43
17 44
17 48
17 50
17 56
17 59
17 62
17 66
17 70
17 79
17 85
17 88
17 97
17 107
17 108
17 109
17 113
17 114
17 117
17 126
17 138
17 142
17 145
17 147
17 150
17 151
17 152
17 169
17 170
17 178
17 186
17 187
17 199
18 10
18 24
18 25
18 28
18 30
18 44
18 45
18 46
18 49
18 50
18 59
18 67
18 68
18 69
18 74
18 78
18 79
18 82
18 86
18 90
18 96
18 97
18 103
18 108
18 126
18 130
18 133
18 135
18 137
18 143
18 144
18 149
18 150
18 154
18 156
18 157
18 158
18 159
18 161
18 165
18 169
18 170
18 180
18 186
18 187
18 191
18 198
19 3
19 4
19 21
19 27
19 32
19 34
19 37
19 42
19 43
19 45
19 47
19 48
19 54
19 56
19 59
19 60
19 63
19 65
19 76
19 81
19 89
19 93
19 96
19 100
19 106
19 108
19 111
19 112
19 114
19 122
19 123
19 127
19 132
19 144
19 152
19 162
19 164
19 165
19 171
19 174
19 184
19 193
19 195
20 8
20 9
20 13
20 14
20 24
20 26
20 30
20 34
20 36
20 40
20 48
20 49
20 55
20 62
20 76
20 82
20 83
20 89
20 108
20 133
20 138
20 144
20 147
20 151
20 153
20 156
20 167
20 168
20 178
20 181
20 187
20 188
20 189
20 192
20 193
20 194
21 7
21 10
21 15
21 19
21 32
21 37
21 41
21 43
21 49
21 51
21 53
21 56
21 57
21 59
21 60
21 61
21 62
21 63
21 80
21 86
21 92
21 100
21 101
21 106
21 108
21 109
21 111
21 118
21 119
21 126
21 128
21 129
21 135
21 142
21 144
21 147
21 148
21 151
21 153
21 162
21 170
21 172
21 174
21 182
21 186
21 189
21 190
21 197
21 198
22 0
22 17
22 42
22 46
22 48
22 49
22 50
22 52
22 61
22 62
22 64
22 70
22 72
22 86
22 91
22 97
22 103
22 105
22 106
22 108
22 114
22 119
22 135
22 137
22 138
22 140
22 142
22 145
22 146
22 148
22 150
22 160
22 161
22 164
22 165
22 170
22 172
22 174
22 181
22 185
22 186
22 187
22 193
22 194
22 199
23 4
23 5
23 11
23 12
23 30
23 43
23 46
23 55
23 58
23 60
23 61
23 63
23 68
23 70
23 71
23 76
23 82
23 84
23 86
23 89
23 95
23 111
23 112
23 116
23 118
23 119
23 127
23 128
23 129
23 134
23 157
23 158
23 164
23 168
23 170
23 174
23 187
23 192
23 197
24 2
24 4
24 16
24 17
24 18
24 20
24 27
24 54
24 56
24 60
24 66
24 71
24 86
24 87
24 90
24 92
24 95
24 96
24 99
24 101
24 102
24 106
24 107
24 119
24 120
24 126
24 129
24 137
24 143
24 148
24 153
24 156
24 157
24 161
24 162
24 168
24 176
24 195
25 0
25 1
25 2
25 14
25 15
25 18
25 30
25 47
25 52
25 57
25 61
25 65
25 69
25 70
25 72
25 73
25 75
25 91
25 92
25 93
25 94
25 97
25 101
25 110
25 112
25 113
25 114
25 120
25 123
25 126
25 128
25 131
25 134
25 137
25 145
25 148
25 149
25 152
25 157
25 161
25 163
25 165
25 167
25 184
25 196
25 199
26 8
26 14
26 15
26 20
26 46
26 47
26 49
26 51
26 54
26 60
26 85
26 88
26 101
26 116
26 117
26 120
26 123
26 129
26 135
26 137
26 140
26 141
26 143
26 155
26 173
26 177
26 178
26 183
26 188
26 190
26 191
26 192
26 193
26 198
27 4
27 9
27 19
27 24
27 28
27 29
27 33
27 34
27 37
27 38
27 39
27 44
27 50
27 52
27 58
27 61
27 67
27 68
27 74
27 78
27 81
27 84
27 93
27 103
27 111
27 114
27 118
27 119
27 126
27 129
27 131
27 132
27 136
27 138
27 141
27 142
27 145
27 146
27 147
27 156
27 157
27 175
27 177
27 178
27 181
27 183
27 192
27 195
28 1
28 17
28 18
28 27
28 31
28 35
28 42
28 46
28 49
28 57
28 58
28 70
28 75
28 78
28 79
28 84
28 89
28 93
28 96
28 100
28 104
28 105
28 109
28 120
28 123
28 127
28 128
28 130
28 136
28 137
28 143
28 149
28 154
28 157
28 160
28 165
28 172
28 181
28 182
28 184
28 189
28 197
29 6
29 7
29 11
29 16
29 27
29 31
29 37
29 43
29 45
29 51
29 52
29 59
29 61
29 62
29 75
29 76
29 80
29 89
29 90
29 91
29 93
29 96
29 100
29 105
29 115
29 117
29 120
29 122
29 140
29 143
29 145
29 150
29 156
29 159
29 160
29 161
29 163
29 170
29 174
29 177
29 180
29 186
29 189
29 192
29 199
30 14
30 18
30 20
30 23
30 25
30 31
30 32
30 34
30 47
30 54
30 55
30 57
30 70
30 71
30 76
30 78
30 84
30 87
30 89
30 91
30 95
30 103
30 105
30 116
30 120
30 125
30 129
30 130
30 131
30 133
30 134
30 143
30 144
30 146
30 153
30 154
30 156
30 159
30 160
30 165
30 166
30 174
30 175
30 177
30 181
30 189
31 10
31 13
31 28
31 29
31 30
31 41
31 44
31 52
31 53
31 58
31 59
31 68
31 70
31 79
31 82
31 89
31 93
31 100
31 102
31 103
31 107
31 111
31 120
31 122
31 124
31 127
31 134
31 135
31 137
31 139
31 140
31 142
31 147
31 148
31 159
31 160
31 174
31 176
31 182
31 187
31 190
31 199
32 11
32 12
32 13
32 19
32 21
32 30
32 36
32 44
32 49
32 54
32 64
32 66
32 72
32 74
32 86
32 110
32 114
32 117
32 118
32 119
32 121
32 122
32 125
32 126
32 127
32 128
32 138
32 147
32 150
32 151
32 171
32 174
32 186
32 188
32 197
33 1
33 4
33 5
33 13
33 14
33 15
33 27
33 40
33 41
33 42
33 45
33 50
33 55
33 57
33 59
33 67
33 74
33 79
33 82
33 89
33 92
33 93
33 94
33 96
33 98
33 101
33 108
33 111
33 115
33 118
33 131
33 139
33 143
33 144
33 145
33 150
33 152
33 153
33 155
33 158
33 166
33 168
33 171
33 177
33 181
33 182
33 188
33 189
33 192
34 2
34 8
34 11
34 14
34 16
34 19
34 20
34 27
34 30
34 40
34 47
34 48
34 60
34 61
34 69
34 71
34 77
34 89
34 91
34 101
34 111
34 121
34 127
34 137
34 138
34 139
34 140
34 144
34 153
34 154
34 155
34 159
34 160
34 161
34 171
34 199
35 0
35 2
35 3
35 4
35 10
35 15
35 28
35 40
35 42
35 43
35 45
35 48
35 51
35 52
35 60
35 63
35 65
35 66
35 69
35 70
35 73
35 79
35 80
35 87
35 94
35 95
35 98
35 115
35 116
35 118
35 123
35 126
35 128
35 132
35 142
35 145
35 146
35 155
35 159
35 165
35 170
35 174
36 0
36 2
36 3
36 6
36 7
36 20
36 32
36 40
36 41
36 42
36 44
36 45
36 66
36 76
36 83
36 84
36 86
36 95
36 98
36 109
36 114
36 116
36 122
36 124
36 133
36 134
36 137
36 138
36 141
36 144
36 145
36 151
36 152
36 160
36 168
36 175
36 177
36 187
36 193
36 197
36 199
37 7
37 8
37 10
37 11
37 15
37 19
37 21
37 27
37 29
37 44
37 47
37 54
37 67
37 75
37 80
37 95
37 97
37 104
37 109
37 112
37 113
37 124
37 128
37 129
37 131
37 142
37 146
37 147
37 158
37 163
37 166
37 176
37 180
37 189
37 197
38 1
38 9
38 27
38 45
38 50
38 58
38 59
38 75
38 79
38 84
38 105
38 112
38 118
38 119
38 121
38 122
38 124
38 128
38 142
38 145
38 146
38 149
38 153
38 154
38 158
38 167
38 170
38 173
38 181
38 188
38 189
39 0
39 12
39 13
39 27
39 40
39 41
39 51
39 58
39 61
39 65
39 69
39 71
39 72
39 74
39 78
39 86
39 90
39 98
39 100
39 104
39 107
39 121
39 124
39 131
39 133
39 147
39 150
39 154
39 157
39 160
39 161
39 166
39 171
39 172
39 173
39 177
39 178
39 180
39 181
39 184
39 187
39 199
40 5
40 6
40 8
40 12
40 20
40 33
40 34
40 35
40 36
40 39
40 43
40 48
40 49
40 53
40 54
40 62
40 66
40 68
40 70
40 71
40 74
40 79
40 80
40 87
40 96
40 97
40 98
40 100
40 101
40 105
40 106
40 107
40 110
40 113
40 118
40 119
40 130
40 131
40 133
40 145
40 147
40 154
40 160
40 161
40 162
40 170
40 175
40 180
40 196
41 9
41 21
41 31
41 33
41 36
41 39
41 43
41 44
41 47
41 50
41 52
41 57
41 60
41 64
41 75
41 76
41 84
41 85
41 90
41 93
41 95
41 104
41 108
41 109
41 110
41 121
41 126
41 130
41 132
41 135
41 136
41 139
41 140
41 141
41 143
41 145
41 156
41 161
41 163
41 167
41 172
41 177
41 184
41 186
41 191
41 197
41 199
42 3
42 6
42 16
42 19
42 22
42 28
42 33
42 35
42 36
42 46
42 55
42 56
42 57
42 58
42 62
42 64
42 77
42 83
42 86
42 87
42 91
42 93
42 98
42 105
42 111
42 117
42 120
42 121
42 125
42 131
42 135
42 138
42 143
42 147
42 153
42 154
42 159
42 164
42 169
42 177
42 179
42 181
42 185
42 191
42 192
42 194
42 195
42 198
43 8
43 13
43 17
43 19
43 21
43 23
43 29
43 35
43 40
43 41
43 49
43 52
43 55
43 56
43 62
43 64
43 84
43 89
43 94
43 97
43 98
43 99
43 102
43 105
43 115
43 121
43 127
43 129
43 131
43 144
43 146
43 149
43 150
43 151
43 152
43 161
43 170
43 177
43 182
43 183
43 190
43 195
44 5
44 9
44 11
44 16
44 17
44 18
44 27
44 31
44 32
44 36
44 37
44 41
44 51
44 58
44 62
44 65
44 66
44 68
44 70
44 74
44 75
44 77
44 79
44 80
44 94
44 95
44 96
44 97
44 105
44 107
44 114
44 117
44 119
44 123
44 135
44 136
44 144
44 149
44 150
44 165
44 168
44 170
44 172
44 177
44 178
44 179
44 181
44 193
44 197
44 199
45 5
45 8
45 11
45 18
45 19
45 29
45 33
45 35
45 36
45 38
45 46
45 48
45 62
45 65
45 73
45 76
45 77
45 80
45 82
45 83
45 89
45 90
45 96
45 97
45 98
45 107
45 108
45 116
45 117
45 125
45 127
45 129
45 135
45 140
45 142
45 145
45 146
45 150
45 170
45 175
45 177
45 180
45 182
45 185
45 187
46 7
46 18
46 22
46 23
46 26
46 28
46 42
46 45
46 53
46 61
46 63
46 69
46 74
46 78
46 88
46 91
46 94
46 96
46 111
46 118
46 124
46 125
46 142
46 144
46 147
46 155
46 160
46 175
46 182
46 189
46 196
47 0
47 4
47 6
47 10
47 13
47 15
47 16
47 19
47 25
47 26
47 30
47 34
47 37
47 41
47 48
47 55
47 56
47 61
47 63
47 66
47 71
47 72
47 77
47 78
47 87
47 95
47 99
47 105
47 111
47 114
47 115
47 116
47 123
47 129
47 143
47 158
47 162
47 168
47 172
47 177
47 195
48 7
48 12
48 15
48 17
48 19
48 20
48 22
48 34
48 35
48 40
48 45
48 47
48 51
48 53
48 74
48 77
48 92
48 95
48 98
48 101
48 103
48 107
48 124
48 126
48 132
48 138
48 144
48 148
48 149
48 151
48 162
48 163
48 165
48 166
48 169
48 171
48 186
48 193
48 196
49 0
49 2
49 6
49 7
49 13
49 15
49 18
49 20
49 21
49 22
49 26
49 28
49 32
49 40
49 43
49 50
49 58
49 62
49 63
49 66
49 70
49 82
49 84
49 87
49 88
49 99
49 108
49 109
49 125
49 131
49 132
49 133
49 135
49 137
49 139
49 145
49 150
49 162
49 163
49 169
49 185
49 189
49 190
49 194
50 5
50 8
50 14
50 16
50 17
50 18
50 22
50 27
50 33
50 38
50 41
50 49
50 54
50 60
50 61
50 64
50 65
50 67
50 71
50 83
50 89
50 91
50 92
50 93
50 101
50 104
50 106
50 107
50 111
50 118
50 121
50 125
50 128
50 133
50 147
50 148
50 159
50 163
50 165
50 176
50 179
50 185
50 198
51 3
51 12
51 15
51 21
51 26
51 29
51 35
51 39
51 44
51 48
51 64
51 65
51 72
51 82
51 83
51 89
51 104
51 124
51 131
51 132
51 134
51 139
51 140
51 143
51 145
51 148
51 156
51 158
51 159
51 160
51 168
51 172
51 176
51 182
51 183
51 188
51 197
51 198
52 1
52 5
52 9
52 12
52 22
52 25
52 27
52 29
52 31
52 35
52 41
52 43
52 60
52 63
52 64
52 66
52 70
52 84
52 87
52 88
52 89
52 92
52 106
52 108
52 109
52 126
52 127
52 143
52 144
52 150
52 159
52 161
52 165
52 175
52 182
52 183
52 186
52 189
52 193
52 194
52 198
53 5
53 6
53 7
53 8
53 9
53 21
53 31
53 40
53 46
53 48
53 58
53 62
53 66
53 68
53 72
53 85
53 87
53 98
53 100
53 102
53 110
53 115
53 128
53 131
53 133
53 134
53 150
53 151
53 156
53 163
53 173
53 174
53 180
53 192
53 194
53 196
53 198
53 199
54 5
54 7
54 10
54 19
54 24
54 26
54 30
54 32
54 37
54 40
54 50
54 57
54 60
54 61
54 62
54 65
54 66
54 70
54 75
54 76
54 84
54 85
54 93
54 100
54 102
54 112
54 114
54 116
54 126
54 135
54 138
54 143
54 145
54 148
54 154
54 164
54 165
54 172
54 178
54 191
55 0
55 1
55 10
55 13
55 20
55 23
55 30
55 33
55 42
55 43
55 47
55 56
55 64
55 66
55 71
55 72
55 80
55 89
55 91
55 108
55 109
55 121
55 123
55 127
55 133
55 138
55 139
55 141
55 146
55 147
55 164
55 165
55 169
55 172
55 178
55 180
55 182
55 184
55 185
55 197
56 0
56 4
56 5
56 9
56 11
56 15
56 17
56 19
56 21
56 24
56 42
56 43
56 47
56 55
56 62
56 65
56 68
56 71
56 76
56 77
56 78
56 79
56 80
56 83
56 102
56 107
56 115
56 116
56 121
56 128
56 144
56 148
56 150
56 156
56 158
56 160
56 163
56 168
56 189
56 194
57 7
57 11
57 15
57 21
57 25
57 28
57 30
57 33
57 41
57 42
57 54
57 58
57 78
57 79
57 87
57 92
57 94
57 97
57 103
57 107
57 108
57 111
57 116
57 117
57 121
57 123
57 130
57 133
57 136
57 151
57 159
57 160
57 191
58 2
58 6
58 10
58 14
58 23
58 27
58 28
58 31
58 38
58 39
58 42
58 44
58 49
58 53
58 57
58 66
58 72
58 73
58 79
58 81
58 83
58 84
58 85
58 88
58 93
58 94
58 97
58 98
58 100
58 102
58 107
58 110
58 111
58 119
58 120
58 121
58 132
58 139
58 142
58 147
58 149
58 157
58 158
58 162
58 166
58 178
58 180
58 181
58 184
58 187
58 190
58 197
59 0
59 3
59 5
59 6
59 17
59 18
59 19
59 21
59 29
59 31
59 33
59 38
59 60
59 82
59 85
59 87
59 88
59 97
59 101
59 114
59 115
59 116
59 118
59 125
59 127
59 129
59 132
59 137
59 139
59 140
59 144
59 167
59 170
59 171
59 172
59 186
59 190
59 193
60 1
60 10
60 12
60 15
60 19
60 21
60 23
60 24
60 26
60 34
60 35
60 41
60 50
60 52
60 54
60 59
60 67
60 69
60 74
60 82
60 88
60 90
60 93
60 96
60 104
60 105
60 106
60 107
60 111
60 114
60 118
60 119
60 129
60 130
60 132
60 133
60 138
60 142
60 146
60 152
60 156
60 157
60 159
60 163
60 167
60 169
60 176
60 186
60 189
60 193
60 194
60 196
61 4
61 7
61 16
61 21
61 22
61 23
61 25
61 27
61 29
61 34
61 39
61 46
61 47
61 50
61 54
61 66
61 70
61 71
61 72
61 73
61 74
61 76
61 77
61 78
61 79
61 80
61 92
61 96
61 98
61 109
61 115
61 121
61 127
61 135
61 140
61 142
61 143
61 156
61 159
61 168
61 170
61 177
61 180
61 182
61 184
61 190
61 194
62 15
62 17
62 20
62 21
62 22
62 29
62 40
62 42
62 43
62 44
62 45
62 49
62 53
62 54
62 56
62 72
62 80
62 81
62 82
62 84
62 86
62 89
62 92
62 93
62 99
62 102
62 104
62 105
62 110
62 123
62 129
62 143
62 149
62 154
62 159
62 161
62 164
62 165
62 168
62 170
62 178
62 185
62 186
62 196
63 1
63 4
63 5
63 11
63 16
63 19
63 21
63 23
63 35
63 46
63 47
63 49
63 52
63 69
63 79
63 81
63 82
63 89
63 92
63 93
63 108
63 109
63 132
63 135
63 138
63 142
63 145
63 151
63 153
63 154
63 155
63 156
63 159
63 166
63 168
63 169
63 170
63 171
63 172
63 178
63 197
63 198
63 199
64 3
64 8
64 11
64 14
64 22
64 32
64 41
64 42
64 43
64 50
64 51
64 52
64 55
64 65
64 77
64 81
64 83
64 85
64 88
64 107
64 111
64 112
64 117
64 122
64 126
64 128
64 133
64 134
64 138
64 157
64 160
64 168
64 174
64 175
64 184
64 185
64 186
64 195
64 199
65 0
65 1
65 3
65 8
65 9
65 15
65 16
65 19
65 25
65 35
65 39
65 44
65 45
65 50
65 51
65 54
65 56
65 64
65 69
65 71
65 78
65 81
65 82
65 88
65 89
65 91
65 97
65 98
65 112
65 119
65 121
65 122
65 131
65 132
65 135
65 136
65 138
65 143
65 147
65 150
65 156
65 162
65 167
65 178
65 183
65 188
65 189
65 190
66 1
66 4
66 14
66 17
66 24
66 32
66 35
66 36
66 40
66 44
66 47
66 49
66 52
66 53
66 54
66 55
66 58
66 61
66 72
66 81
66 84
66 91
66 101
66 110
66 111
66 112
66 120
66 121
66 130
66 131
66 132
66 133
66 147
66 152
66 161
66 177
66 180
66 183
66 193
67 3
67 13
67 18
67 27
67 33
67 37
67 50
67 60
67 78
67 81
67 82
67 85
67 87
67 95
67 97
67 99
67 100
67 119
67 126
67 129
67 131
67 134
67 135
67 139
67 143
67 145
67 154
67 156
67 159
67 162
67 177
67 178
67 179
67 180
67 181
67 188
67 190
67 199
68 3
68 5
68 9
68 16
68 18
68 23
68 27
68 31
68 40
68 44
68 53
68 56
68 69
68 82
68 86
68 90
68 94
68 107
68 109
68 122
68 139
68 141
68 146
68 152
68 153
68 154
68 155
68 163
68 166
68 169
68 170
68 181
68 183
68 189
68 195
68 199
69 10
69 11
69 12
69 13
69 18
69 25
69 34
69 35
69 39
69 46
69 60
69 63
69 65
69 68
69 80
69 85
69 86
69 89
69 98
69 103
69 109
69 111
69 112
69 121
69 128
69 130
69 142
69 145
69 148
69 149
69 157
69 160
69 163
69 180
69 181
69 182
69 183
69 185
69 191
69 192
69 198
70 4
70 8
70 9
70 17
70 22
70 23
70 25
70 28
70 30
70 31
70 35
70 40
70 44
70 49
70 52
70 54
70 61
70 71
70 72
70 89
70 91
70 92
70 93
70 94
70 100
70 107
70 110
70 111
70 116
70 123
70 134
70 137
70 142
70 144
70 145
70 150
70 154
70 166
70 174
70 176
70 181
70 183
70 186
70 192
71 4
71 7
71 23
71 24
71 30
71 34
71 39
71 40
71 47
71 50
71 55
71 56
71 61
71 65
71 70
71 73
71 74
71 78
71 79
71 92
71 100
71 108
71 111
71 112
71 113
71 115
71 121
71 138
71 140
71 144
71 149
71 150
71 152
71 160
71 163
71 164
71 167
71 173
71 178
71 188
71 191
71 192
72 0
72 2
72 9
72 15
72 16
72 22
72 25
72 32
72 39
72 47
72 51
72 53
72 55
72 58
72 61
72 62
72 66
72 70
72 75
72 80
72 92
72 95
72 97
72 102
72 103
72 106
72 108
72 109
72 116
72 118
72 123
72 125
72 127
72 131
72 136
72 138
72 146
72 151
72 152
72 153
72 154
72 166
72 178
72 185
72 188
72 191
73 4
73 14
73 16
73 25
73 35
73 45
73 58
73 61
73 71
73 81
73 84
73 86
73 90
73 96
73 98
73 109
73 121
73 123
73 127
73 131
73 137
73 144
73 151
73 153
73 155
73 157
73 165
73 168
73 171
73 173
73 175
73 180
74 0
74 9
74 15
74 16
74 18
74 27
74 32
74 33
74 39
74 40
74 44
74 46
74 48
74 60
74 61
74 71
74 76
74 77
74 80
74 94
74 100
74 107
74 110
74 121
74 123
74 127
74 136
74 140
74 143
74 146
74 148
74 150
74 157
74 167
74 168
74 172
74 174
74 182
74 186
74 193
74 198
74 199
75 3
75 4
75 8
75 9
75 25
75 28
75 29
75 37
75 38
75 41
75 44
75 54
75 72
75 86
75 90
75 99
75 108
75 113
75 114
75 118
75 119
75 140
75 146
75 152
75 155
75 158
75 163
75 175
75 176
75 182
75 184
75 186
75 189
76 6
76 11
76 13
76 19
76 20
76 23
76 29
76 30
76 36
76 41
76 45
76 54
76 56
76 61
76 74
76 82
76 92
76 97
76 100
76 106
76 107
76 111
76 112
76 118
76 122
76 127
76 128
76 134
76 141
76 145
76 150
76 160
76 167
76 172
76 174
76 175
76 177
76 179
76 183
76 196
76 198
77 7
77 8
77 10
77 34
77 42
77 44
77 45
77 47
77 48
77 56
77 61
77 64
77 74
77 89
77 93
77 102
77 111
77 114
77 116
77 118
77 123
77 124
77 127
77 128
77 134
77 138
77 139
77 140
77 143
77 144
77 145
77 149
77 151
77 152
77 156
77 158
77 161
77 164
77 187
77 190
77 191
77 195
78 6
78 8
78 10
78 18
78 27
78 28
78 30
78 39
78 46
78 47
78 56
78 57
78 61
78 65
78 67
78 71
78 82
78 88
78 90
78 98
78 100
78 101
78 103
78 106
78 107
78 110
78 119
78 137
78 141
78 147
78 149
78 159
78 166
78 168
78 170
78 174
78 181
78 184
78 190
78 191
79 1
79 8
79 14
79 17
79 18
79 28
79 31
79 33
79 35
79 38
79 40
79 44
79 56
79 57
79 58
79 61
79 63
79 71
79 104
79 110
79 113
79 114
79 131
79 133
79 138
79 139
79 146
79 150
79 154
79 156
79 163
79 164
79 175
79 183
79 199
80 0
80 4
80 5
80 15
80 16
80 21
80 29
80 35
80 37
80 40
80 44
80 45
80 55
80 56
80 61
80 62
80 69
80 72
80 74
80 83
80 88
80 90
80 91
80 95
80 101
80 107
80 110
80 117
80 126
80 132
80 136
80 141
80 148
80 156
80 158
80 161
80 168
80 169
80 175
80 189
80 191
80 198
81 6
81 8
81 15
81 19
81 27
81 58
81 62
81 63
81 64
81 65
81 66
81 67
81 73
81 90
81 92
81 97
81 98
81 104
81 106
81 124
81 125
81 129
81 134
81 136
81 139
81 143
81 154
81 161
81 162
81 166
81 180
81 183
81 191
81 192
81 193
82 1
82 6
82 12
82 15
82 18
82 20
82 23
82 31
82 33
82 45
82 49
82 51
82 59
82 60
82 62
82 63
82 65
82 67
82 68
82 76
82 78
82 87
82 91
82 102
82 103
82 107
82 110
82 119
82 125
82 130
82 133
82 146
82 149
82 154
82 155
82 163
82 165
82 177
82 184
82 185
82 190
82 199
83 0
83 2
83 3
83 9
83 10
83 12
83 20
83 36
83 42
83 45
83 50
83 51
83 56
83 58
83 64
83 80
83 87
83 91
83 94
83 96
83 97
83 103
83 106
83 107
83 117
83 118
83 127
83 128
83 130
83 133
83 137
83 142
83 149
83 158
83 159
83 166
83 172
83 175
83 187
83 189
84 1
84 3
84 6
84 14
84 15
84 23
84 27
84 28
84 30
84 36
84 38
84 41
84 43
84 49
84 52
84 54
84 58
84 62
84 66
84 73
84 85
84 86
84 91
84 94
84 97
84 104
84 114
84 124
84 140
84 147
84 148
84 166
84 168
84 181
84 189
84 195
85 9
85 14
85 17
85 26
85 41
85 53
85 54
85 58
85 59
85 64
85 67
85 69
85 84
85 91
85 93
85 96
85 98
85 102
85 104
85 106
85 110
85 111
85 130
85 131
85 134
85 141
85 143
85 147
85 151
85 153
85 163
85 168
85 172
85 179
85 184
85 189
85 191
86 3
86 6
86 13
86 18
86 21
86 22
86 23
86 24
86 32
86 36
86 39
86 42
86 62
86 68
86 69
86 73
86 75
86 84
86 90
86 97
86 99
86 104
86 107
86 112
86 118
86 122
86 124
86 134
86 136
86 137
86 142
86 152
86 154
86 155
86 167
86 168
86 181
86 183
86 188
86 190
86 196
87 8
87 16
87 24
87 30
87 35
87 40
87 42
87 47
87 49
87 52
87 53
87 57
87 59
87 67
87 82
87 83
87 89
87 92
87 93
87 94
87 100
87 103
87 106
87 117
87 119
87 120
87 121
87 124
87 127
87 128
87 139
87 142
87 146
87 150
87 153
87 154
87 161
87 163
87 184
87 185
87 195
87 198
87 199
88 7
88 8
88 17
88 26
88 46
88 49
88 52
88 58
88 59
88 60
88 64
88 65
88 78
88 80
88 91
88 92
88 94
88 104
88 111
88 119
88 143
88 151
88 153
88 155
88 164
88 168
88 169
88 177
88 178
88 191
89 4
89 5
89 6
89 8
89 9
89 15
89 19
89 20
89 23
89 28
89 29
89 30
89 31
89 33
89 34
89 43
89 45
89 50
89 51
89 52
89 55
89 62
89 63
89 65
89 69
89 70
89 77
89 87
89 99
89 106
89 107
89 108
89 112
89 117
89 119
89 122
89 130
89 136
89 137
89 145
89 148
89 151
89 161
89 165
89 167
89 173
89 181
89 182
89 187
89 191
89 192
89 193
90 2
90 5
90 14
90 18
90 24
90 29
90 39
90 41
90 45
90 60
90 68
90 73
90 75
90 78
90 80
90 81
90 86
90 92
90 97
90 98
90 104
90 106
90 111
90 121
90 125
90 126
90 140
90 142
90 147
90 153
90 158
90 159
90 168
90 178
90 181
90 196
91 0
91 5
91 9
91 22
91 25
91 29
91 30
91 34
91 42
91 46
91 50
91 55
91 65
91 66
91 70
91 80
91 82
91 83
91 84
91 85
91 88
91 95
91 96
91 108
91 118
91 130
91 132
91 135
91 154
91 175
91 179
91 181
91 195
91 199
92 0
92 14
92 21
92 24
92 25
92 33
92 48
92 50
92 52
92 57
92 61
92 62
92 63
92 70
92 71
92 72
92 76
92 81
92 87
92 88
92 90
92 94
92 106
92 113
92 116
92 121
92 128
92 130
92 132
92 136
92 139
92 140
92 142
92 147
92 152
92 153
92 154
92 158
92 160
92 164
92 182
92 187
92 188
92 194
92 197
93 0
93 3
93 5
93 11
93 19
93 25
93 27
93 28
93 29
93 31
93 33
93 41
93 42
93 50
93 54
93 58
93 60
93 62
93 63
93 70
93 77
93 85
93 87
93 120
93 121
93 125
93 130
93 133
93 135
93 136
93 145
93 156
93 159
93 160
93 162
93 168
93 169
93 178
93 186
93 197
93 199
94 25
94 33
94 35
94 43
94 44
94 46
94 57
94 58
94 68
94 70
94 74
94 83
94 84
94 87
94 88
94 92
94 100
94 104
94 105
94 109
94 113
94 123
94 124
94 133
94 134
94 135
94 137
94 142
94 143
94 144
94 148
94 153
94 154
94 162
94 165
94 173
94 174
94 176
94 197
95 8
95 16
95 23
95 24
95 30
95 35
95 36
95 37
95 41
95 44
95 47
95 48
95 67
95 72
95 80
95 91
95 102
95 104
95 106
95 109
95 111
95 112
95 118
95 119
95 127
95 137
95 145
95 148
95 151
95 152
95 164
95 173
95 178
95 183
95 188
95 189
95 190
95 194
96 11
96 12
96 18
96 19
96 24
96 28
96 29
96 33
96 40
96 44
96 45
96 46
96 60
96 61
96 73
96 83
96 85
96 91
96 100
96 110
96 118
96 126
96 137
96 147
96 158
96 180
96 184
96 195
97 5
97 7
97 9
97 15
97 17
97 18
97 22
97 25
97 37
97 40
97 43
97 44
97 45
97 57
97 58
97 59
97 65
97 67
97 72
97 76
97 81
97 83
97 84
97 86
97 90
97 98
97 108
97 112
97 113
97 116
97 119
97 122
97 125
97 128
97 129
97 133
97 137
97 138
97 142
97 143
97 146
97 150
97 155
97 159
97 160
97 168
97 170
97 173
97 176
97 177
97 178
97 179
97 180
97 185
97 189
98 4
98 14
98 33
98 35
98 36
98 39
98 40
98 42
98 43
98 45
98 48
98 53
98 58
98 61
98 65
98 69
98 73
98 78
98 81
98 85
98 90
98 97
98 103
98 108
98 110
98 113
98 118
98 121
98 124
98 126
98 131
98 135
98 136
98 138
98 141
98 149
98 151
98 156
98 157
98 160
98 168
98 172
98 174
98 175
98 177
98 181
98 184
98 192
99 5
99 6
99 13
99 24
99 43
99 47
99 49
99 62
99 67
99 75
99 86
99 89
99 100
99 106
99 107
99 117
99 118
99 119
99 121
99 127
99 130
99 131
99 134
99 135
99 136
99 138
99 143
99 146
99 158
99 159
99 160
99 163
99 179
99 185
99 186
99 193
99 194
99 196
100 0
100 3
100 12
100 15
100 19
100 21
100 28
100 29
100 31
100 39
100 40
100 53
100 54
100 58
100 67
100 70
100 71
100 74
100 76
100 78
100 87
100 94
100 96
100 99
100 107
100 108
100 114
100 118
100 128
100 131
100 132
100 133
100 152
100 153
100 160
100 174
100 175
100 177
100 180
100 182
100 188
100 190
100 192
100 195
100 196
100 199
101 0
101 5
101 9
101 13
101 21
101 24
101 25
101 26
101 33
101 34
101 40
101 48
101 50
101 59
101 66
101 78
101 80
101 121
101 131
101 137
101 139
101 141
101 144
101 154
101 156
101 159
101 160
101 161
101 163
101 164
101 178
101 182
101 191
101 193
102 0
102 1
102 8
102 11
102 15
102 24
102 31
102 43
102 53
102 54
102 56
102 58
102 62
102 72
102 77
102 82
102 85
102 95
102 103
102 104
102 106
102 108
102 127
102 133
102 140
102 142
102 149
102 150
102 153
102 157
102 158
102 159
102 165
102 168
102 169
102 170
102 171
102 172
102 175
102 196
103 18
103 22
103 27
103 30
103 31
103 48
103 57
103 69
103 72
103 78
103 82
103 83
103 87
103 98
103 102
103 113
103 115
103 149
103 153
103 159
103 160
103 165
103 171
103 173
103 175
103 179
103 181
103 184
103 185
103 188
103 189
103 196
103 198
103 199
104 5
104 9
104 28
104 37
104 39
104 41
104 50
104 51
104 60
104 62
104 79
104 81
104 84
104 85
104 86
104 88
104 90
104 94
104 95
104 102
104 106
104 109
104 113
104 114
104 120
104 122
104 124
104 131
104 135
104 136
104 138
104 140
104 143
104 153
104 157
104 160
104 164
104 165
104 171
104 181
104 183
104 185
104 193
104 196
105 4
105 9
105 15
105 22
105 28
105 29
105 30
105 38
105 40
105 42
105 43
105 44
105 47
105 60
105 62
105 94
105 107
105 110
105 116
105 124
105 129
105 134
105 145
105 147
105 149
105 164
105 167
105 169
105 174
105 176
105 179
105 180
105 181
105 183
105 188
105 196
105 198
105 199
106 4
106 8
106 12
106 15
106 19
106 21
106 22
106 24
106 40
106 50
106 52
106 60
106 72
106 76
106 78
106 81
106 83
106 85
106 87
106 89
106 90
106 92
106 95
106 99
106 102
106 104
106 107
106 108
106 110
106 116
106 125
106 130
106 131
106 136
106 145
106 149
106 151
106 153
106 157
106 160
106 161
106 165
106 166
106 177
106 183
106 189
106 196
106 198
107 3
107 10
107 16
107 17
107 24
107 31
107 39
107 40
107 44
107 45
107 48
107 50
107 56
107 57
107 58
107 60
107 64
107 68
107 70
107 74
107 76
107 78
107 80
107 82
107 83
107 86
107 89
107 99
107 100
107 105
107 106
107 115
107 119
107 120
107 123
107 126
107 136
107 137
107 146
107 150
107 158
107 171
107 172
107 186
107 189
107 191
107 192
108 0
108 15
108 17
108 18
108 19
108 20
108 21
108 22
108 33
108 41
108 45
108 49
108 52
108 55
108 57
108 63
108 71
108 72
108 75
108 89
108 91
108 97
108 98
108 100
108 102
108 106
108 116
108 118
108 122
108 123
108 125
108 128
108 137
108 139
108 144
108 149
108 155
108 166
108 174
108 178
108 190
108 193
108 197
108 198
109 2
109 7
109 8
109 17
109 21
109 28
109 36
109 37
109 41
109 49
109 52
109 55
109 61
109 63
109 68
109 69
109 72
109 73
109 94
109 95
109 104
109 113
109 119
109 125
109 138
109 148
109 160
109 161
109 164
109 169
109 172
109 179
109 186
109 187
109 188
109 192
109 198
109 199
110 3
110 4
110 6
110 11
110 25
110 32
110 40
110 41
110 53
110 58
110 62
110 66
110 70
110 74
110 78
110 79
110 80
110 82
110 85
110 96
110 98
110 105
110 106
110 113
110 121
110 124
110 128
110 131
110 132
110 141
110 155
110 171
110 173
110 178
110 187
110 195
110 196
110 199
111 4
111 5
111 6
111 11
111 12
111 13
111 19
111 21
111 23
111 27
111 31
111 33
111 34
111 42
111 46
111 47
111 50
111 57
111 58
111 60
111 64
111 66
111 69
111 70
111 71
111 76
111 77
111 85
111 88
111 90
111 95
111 113
111 115
111 125
111 131
111 133
111 142
111 148
111 151
111 152
111 154
111 163
111 181
111 190
111 196
112 0
112 6
112 11
112 13
112 14
112 19
112 23
112 25
112 37
112 38
112 54
112 64
112 65
112 66
112 69
112 71
112 76
112 86
112 89
112 95
112 97
112 113
112 116
112 118
112 126
112 127
112 128
112 136
112 139
112 146
112 147
112 149
112 158
112 161
112 164
112 168
112 175
113 2
113 17
113 25
113 37
113 40
113 71
113 75
113 79
113 92
113 94
113 97
113 98
113 103
113 104
113 109
113 110
113 111
113 112
113 121
113 124
113 127
113 128
113 131
113 139
113 144
113 145
113 151
113 158
113 159
113 182
113 187
113 195
114 1
114 3
114 7
114 10
114 14
114 17
114 19
114 22
114 25
114 27
114 32
114 36
114 44
114 47
114 54
114 59
114 60
114 75
114 77
114 79
114 84
114 100
114 104
114 121
114 123
114 130
114 132
114 140
114 143
114 147
114 152
114 157
114 158
114 159
114 163
114 165
114 170
114 174
114 182
114 191
115 2
115 6
115 10
115 11
115 14
115 29
115 33
115 35
115 43
115 47
115 53
115 56
115 59
115 61
115 71
115 103
115 107
115 111
115 117
115 122
115 133
115 135
115 148
115 149
115 153
115 160
115 175
115 181
115 187
115 195
115 196
115 198
116 1
116 4
116 23
116 26
116 30
116 35
116 36
116 45
116 47
116 54
116 56
116 57
116 59
116 70
116 72
116 77
116 92
116 97
116 105
116 106
116 108
116 112
116 119
116 122
116 137
116 153
116 156
116 164
116 165
116 179
116 184
116 186
116 198
117 0
117 6
117 7
117 13
117 17
117 26
117 29
117 32
117 42
117 44
117 45
117 57
117 64
117 80
117 83
117 87
117 89
117 99
117 115
117 120
117 132
117 133
117 134
117 151
117 155
117 157
117 162
117 182
117 186
117 189
117 192
118 5
118 8
118 10
118 13
118 15
118 21
118 23
118 27
118 32
118 33
118 35
118 38
118 40
118 46
118 50
118 59
118 60
118 72
118 75
118 76
118 77
118 83
118 86
118 91
118 95
118 96
118 98
118 99
118 100
118 108
118 112
118 121
118 124
118 128
118 138
118 143
118 144
118 146
118 152
118 153
118 158
118 161
118 165
118 168
118 181
118 184
118 185
118 191
118 195
119 10
119 16
119 21
119 22
119 23
119 24
119 27
119 32
119 38
119 40
119 44
119 58
119 60
119 65
119 67
119 75
119 78
119 82
119 87
119 88
119 89
119 95
119 97
119 99
119 107
119 109
119 116
119 120
119 128
119 136
119 137
119 146
119 152
119 153
119 155
119 163
119 165
119 166
119 178
119 179
119 183
119 190
120 0
120 2
120 10
120 24
120 25
120 26
120 28
120 29
120 30
120 31
120 42
120 58
120 66
120 87
120 93
120 104
120 107
120 117
120 119
120 125
120 129
120 130
120 131
120 133
120 140
120 143
120 145
120 149
120 154
120 159
120 166
120 170
120 176
120 177
120 179
120 181
120 184
120 185
120 190
120 199
121 13
121 16
121 32
121 34
121 38
121 39
121 41
121 42
121 43
121 50
121 55
121 56
121 57
121 58
121 61
121 65
121 66
121 69
121 71
121 73
121 74
121 87
121 90
121 92
121 93
121 98
121 99
121 101
121 110
121 113
121 114
121 118
121 123
121 124
121 125
121 131
121 133
121 136
121 137
121 139
121 142
121 144
121 146
121 148
121 160
121 170
121 178
121 179
121 193
122 1
122 3
122 7
122 10
122 11
122 13
122 19
122 29
122 31
122 32
122 36
122 38
122 64
122 65
122 68
122 76
122 86
122 89
122 97
122 104
122 108
122 115
122 116
122 127
122 145
122 146
122 155
122 157
122 159
122 160
122 165
122 175
122 177
122 178
122 179
122 181
122 187
122 189
122 190
122 194
122 197
123 19
123 25
123 26
123 28
123 35
123 44
123 47
123 55
123 57
123 62
123 70
123 72
123 73
123 74
123 77
123 94
123 107
123 108
123 114
123 121
123 124
123 125
123 131
123 137
123 157
123 158
123 159
123 167
123 176
123 189
123 190
123 191
123 199
124 0
124 1
124 4
124 31
124 36
124 37
124 38
124 39
124 46
124 48
124 51
124 77
124 81
124 84
124 86
124 87
124 94
124 98
124 104
124 105
124 110
124 113
124 118
124 121
124 123
124 126
124 129
124 131
124 133
124 135
124 136
124 139
124 140
124 141
124 148
124 150
124 154
124 165
124 171
124 173
124 174
124 175
124 179
124 180
124 184
124 186
124 189
124 195
124 197
124 198
124 199
125 0
125 1
125 9
125 10
125 14
125 30
125 32
125 42
125 45
125 46
125 49
125 50
125 59
125 72
125 81
125 82
125 90
125 93
125 97
125 106
125 108
125 109
125 111
125 120
125 121
125 123
125 129
125 130
125 141
125 143
125 149
125 151
125 152
125 159
125 163
125 166
125 168
125 170
125 172
125 178
125 180
125 185
125 187
125 195
126 8
126 12
126 14
126 15
126 17
126 18
126 21
126 24
126 25
126 27
126 32
126 35
126 41
126 48
126 52
126 54
126 64
126 67
126 80
126 90
126 96
126 98
126 107
126 112
126 124
126 137
126 139
126 141
126 144
126 146
126 147
126 148
126 151
126 153
126 154
126 156
126 166
126 169
126 170
126 172
126 174
126 176
126 179
126 180
126 181
126 182
126 193
127 1
127 5
127 14
127 19
127 23
127 28
127 31
127 32
127 34
127 43
127 45
127 52
127 55
127 59
127 61
127 72
127 73
127 74
127 76
127 77
127 83
127 87
127 95
127 99
127 102
127 112
127 113
127 122
127 150
127 157
127 164
127 179
127 180
127 190
127 194
127 195
127 199
128 0
128 4
128 7
128 9
128 14
128 21
128 23
128 25
128 28
128 32
128 35
128 37
128 38
128 50
128 53
128 56
128 64
128 69
128 76
128 77
128 83
128 87
128 92
128 97
128 100
128 108
128 110
128 112
128 113
128 118
128 119
128 133
128 136
128 147
128 148
128 151
128 153
128 166
128 167
128 171
128 172
128 176
128 181
128 184
128 185
128 189
128 198
129 9
129 12
129 21
129 23
129 24
129 26
129 27
129 30
129 37
129 43
129 45
129 47
129 59
129 60
129 62
129 67
129 81
129 97
129 105
129 120
129 124
129 125
129 131
129 142
129 146
129 150
129 152
129 153
129 155
129 162
129 164
129 171
129 179
129 181
129 182
129 191
129 199
130 7
130 9
130 18
130 28
130 30
130 40
130 41
130 57
130 60
130 66
130 69
130 82
130 83
130 85
130 89
130 91
130 92
130 93
130 99
130 106
130 114
130 120
130 125
130 131
130 138
130 139
130 143
130 148
130 150
130 157
130 159
130 160
130 164
130 166
130 175
130 176
130 183
131 9
131 12
131 25
131 27
131 30
131 33
131 37
131 39
131 40
131 42
131 43
131 49
131 51
131 53
131 65
131 66
131 67
131 72
131 73
131 79
131 85
131 98
131 99
131 100
131 101
131 104
131 106
131 110
131 111
131 113
131 120
131 121
131 123
131 124
131 129
131 130
131 132
131 133
131 134
131 150
131 155
131 156
131 164
131 167
131 168
131 171
131 181
131 182
131 184
131 188
131 192
131 193
131 198
132 1
132 5
132 19
132 27
132 35
132 41
132 48
132 49
132 51
132 58
132 59
132 60
132 63
132 65
132 66
132 80
132 91
132 92
132 100
132 110
132 114
132 117
132 131
132 138
132 139
132 143
132 152
132 156
132 162
132 176
132 179
132 187
132 198
132 199
133 4
133 6
133 10
133 15
133 16
133 18
133 20
133 30
133 36
133 39
133 40
133 49
133 50
133 53
133 55
133 57
133 60
133 64
133 66
133 79
133 82
133 83
133 93
133 94
133 97
133 100
133 102
133 111
133 115
133 117
133 120
133 121
133 124
133 128
133 131
133 135
133 144
133 148
133 151
133 159
133 162
133 172
133 176
133 196
133 198
134 1
134 3
134 4
134 8
134 10
134 12
134 14
134 23
134 25
134 30
134 31
134 36
134 51
134 53
134 64
134 67
134 70
134 76
134 77
134 81
134 85
134 86
134 94
134 99
134 105
134 117
134 131
134 141
134 153
134 158
134 160
134 167
134 169
134 171
134 177
135 6
135 8
135 13
135 18
135 21
135 22
135 26
135 31
135 41
135 42
135 44
135 45
135 49
135 54
135 61
135 63
135 65
135 67
135 91
135 93
135 94
135 98
135 99
135 104
135 115
135 124
135 133
135 138
135 152
135 154
135 161
135 162
135 163
135 166
135 171
135 174
135 193
135 195
135 196
136 0
136 4
136 5
136 6
136 9
136 10
136 27
136 28
136 41
136 44
136 57
136 65
136 72
136 74
136 80
136 81
136 86
136 89
136 92
136 93
136 98
136 99
136 104
136 106
136 107
136 112
136 119
136 121
136 124
136 128
136 149
136 152
136 155
136 157
136 158
136 159
136 166
136 167
136 168
136 172
136 173
136 176
136 179
136 186
136 187
136 194
136 199
137 3
137 15
137 18
137 22
137 24
137 25
137 26
137 28
137 31
137 34
137 36
137 49
137 59
137 70
137 73
137 78
137 83
137 86
137 89
137 94
137 95
137 96
137 97
137 101
137 107
137 108
137 116
137 119
137 121
137 123
137 126
137 139
137 145
137 167
137 172
137 181
137 185
138 0
138 3
138 8
138 12
138 17
138 20
138 22
138 27
138 32
138 34
138 36
138 42
138 48
138 54
138 55
138 60
138 63
138 64
138 65
138 71
138 72
138 77
138 79
138 97
138 98
138 99
138 104
138 109
138 118
138 130
138 132
138 135
138 154
138 157
138 170
138 171
138 175
138 177
138 178
138 183
138 191
138 194
139 2
139 10
139 31
139 33
139 34
139 41
139 49
139 51
139 55
139 58
139 59
139 67
139 68
139 77
139 79
139 81
139 87
139 92
139 101
139 108
139 112
139 113
139 121
139 124
139 126
139 130
139 132
139 137
139 142
139 144
139 149
139 157
139 160
139 162
139 163
139 167
139 168
139 170
139 172
139 178
139 187
139 193
139 197
140 2
140 4
140 6
140 11
140 14
140 15
140 22
140 26
140 29
140 31
140 34
140 41
140 45
140 51
140 59
140 61
140 71
140 74
140 75
140 77
140 84
140 90
140 92
140 102
140 104
140 114
140 120
140 124
140 152
140 153
140 154
140 156
140 164
140 169
140 176
140 182
140 184
140 193
140 197
141 8
141 16
141 26
141 27
141 36
141 41
141 55
141 68
141 76
141 78
141 80
141 85
141 98
141 101
141 110
141 124
141 125
141 126
141 134
141 145
141 149
141 150
141 154
141 158
141 165
141 167
141 169
141 171
141 176
141 185
141 186
141 191
141 197
141 198
142 0
142 1
142 6
142 7
142 9
142 11
142 15
142 17
142 21
142 22
142 27
142 31
142 35
142 37
142 38
142 45
142 46
142 58
142 60
142 61
142 63
142 69
142 70
142 83
142 86
142 87
142 90
142 92
142 94
142 97
142 102
142 111
142 121
142 129
142 139
142 147
142 154
142 157
142 165
142 168
142 183
142 184
142 186
142 191
142 192
142 195
142 196
142 199
143 14
143 18
143 24
143 26
143 28
143 29
143 30
143 33
143 41
143 42
143 47
143 51
143 52
143 54
143 61
143 62
143 65
143 67
143 74
143 77
143 81
143 85
143 88
143 94
143 97
143 99
143 104
143 114
143 118
143 120
143 125
143 130
143 132
143 144
143 153
143 154
143 158
143 163
143 164
143 168
143 174
143 178
143 179
143 188
143 189
144 18
144 19
144 20
144 21
144 30
144 33
144 34
144 36
144 43
144 44
144 46
144 48
144 52
144 56
144 59
144 70
144 71
144 73
144 77
144 94
144 101
144 108
144 113
144 118
144 121
144 126
144 133
144 139
144 143
144 149
144 157
144 158
144 160
144 165
144 169
144 170
144 172
144 175
144 179
144 190
145 0
145 15
145 16
145 17
145 22
145 25
145 27
145 29
145 33
145 35
145 36
145 38
145 40
145 41
145 45
145 49
145 51
145 54
145 63
145 67
145 69
145 70
145 76
145 77
145 89
145 93
145 95
145 105
145 106
145 113
145 120
145 122
145 137
145 141
145 148
145 150
145 157
145 159
145 160
145 164
145 165
145 168
145 172
145 173
145 174
145 184
145 185
145 188
145 192
145 198
146 8
146 11
146 22
146 27
146 30
146 35
146 37
146 38
146 43
146 45
146 55
146 60
146 68
146 72
146 74
146 75
146 79
146 82
146 87
146 97
146 99
146 107
146 112
146 118
146 119
146 121
146 122
146 126
146 129
146 147
146 150
146 153
146 155
146 157
146 162
146 176
146 195
146 197
146 198
147 4
147 7
147 8
147 17
147 20
147 21
147 27
147 31
147 32
147 37
147 39
147 40
147 42
147 46
147 50
147 55
147 58
147 65
147 66
147 78
147 84
147 85
147 90
147 92
147 96
147 105
147 112
147 114
147 126
147 128
147 142
147 146
147 149
147 150
147 160
147 163
147 176
147 178
147 181
147 187
147 192
148 3
148 11
148 13
148 14
148 21
148 22
148 24
148 25
148 31
148 48
148 50
148 51
148 54
148 56
148 69
148 74
148 80
148 84
148 89
148 94
148 95
148 109
148 111
148 115
148 121
148 124
148 126
148 128
148 130
148 133
148 145
148 153
148 163
148 174
148 183
148 186
148 189
148 190
148 193
148 195
148 196
149 6
149 14
149 16
149 18
149 25
149 28
149 38
149 43
149 44
149 48
149 58
149 62
149 69
149 71
149 77
149 78
149 82
149 83
149 98
149 102
149 103
149 105
149 106
149 108
149 112
149 115
149 120
149 125
149 136
149 139
149 141
149 144
149 147
149 152
149 158
149 172
149 173
149 182
149 193
149 196
150 1
150 2
150 3
150 5
150 17
150 18
150 22
150 29
150 32
150 33
150 39
150 43
150 44
150 45
150 49
150 52
150 53
150 56
150 65
150 70
150 71
150 74
150 76
150 79
150 87
150 97
150 102
150 107
150 124
150 127
150 129
150 130
150 131
150 141
150 145
150 146
150 147
150 153
150 164
150 166
150 167
150 171
150 186
150 190
151 1
151 2
151 7
151 8
151 17
151 20
151 21
151 32
151 36
151 43
151 48
151 53
151 57
151 63
151 72
151 73
151 77
151 85
151 88
151 89
151 95
151 98
151 106
151 111
151 113
151 117
151 125
151 126
151 128
151 133
151 155
151 156
151 161
151 164
151 170
151 185
151 186
151 192
151 195
151 197
152 5
152 7
152 9
152 11
152 13
152 17
152 19
152 25
152 33
152 36
152 43
152 60
152 66
152 68
152 71
152 72
152 75
152 77
152 86
152 92
152 95
152 100
152 111
152 114
152 118
152 119
152 125
152 129
152 132
152 135
152 136
152 140
152 149
152 154
152 165
152 168
152 170
152 171
152 172
152 173
152 178
152 182
152 186
152 190
152 195
152 199
153 9
153 13
153 20
153 21
153 24
153 30
153 33
153 34
153 38
153 42
153 63
153 68
153 72
153 73
153 85
153 87
153 88
153 90
153 92
153 94
153 100
153 102
153 103
153 104
153 106
153 115
153 116
153 118
153 119
153 126
153 128
153 129
153 134
153 140
153 143
153 146
153 148
153 150
153 155
153 161
153 165
153 168
153 169
153 174
153 180
153 189
153 191
153 192
153 194
153 197
154 5
154 10
154 18
154 28
154 30
154 34
154 38
154 39
154 40
154 42
154 54
154 62
154 63
154 67
154 68
154 70
154 72
154 79
154 81
154 82
154 86
154 87
154 91
154 92
154 94
154 101
154 111
154 120
154 124
154 126
154 135
154 138
154 140
154 141
154 142
154 143
154 152
154 157
154 169
154 170
154 175
154 183
154 186
154 199
155 0
155 1
155 4
155 6
155 26
155 33
155 34
155 35
155 46
155 63
155 68
155 73
155 75
155 82
155 86
155 88
155 97
155 108
155 110
155 117
155 119
155 122
155 129
155 131
155 136
155 146
155 151
155 153
155 156
155 162
155 169
155 170
155 176
155 177
155 179
155 181
155 184
155 188
156 4
156 12
156 14
156 18
156 20
156 24
156 27
156 29
156 30
156 41
156 51
156 53
156 56
156 60
156 61
156 63
156 65
156 67
156 77
156 79
156 80
156 93
156 98
156 101
156 116
156 126
156 131
156 132
156 140
156 151
156 155
156 163
156 179
156 185
156 190
156 199
157 8
157 18
157 23
157 24
157 25
157 27
157 28
157 39
157 58
157 60
157 64
157 69
157 73
157 74
157 98
157 102
157 104
157 106
157 114
157 117
157 122
157 123
157 127
157 130
157 136
157 138
157 139
157 142
157 144
157 145
157 146
157 154
157 159
157 163
157 172
157 179
157 191
157 193
157 197
158 6
158 13
158 16
158 18
158 23
158 33
158 37
158 38
158 47
158 51
158 56
158 58
158 75
158 77
158 80
158 83
158 90
158 92
158 96
158 99
158 102
158 107
158 112
158 113
158 114
158 118
158 123
158 134
158 136
158 141
158 143
158 144
158 149
158 159
158 160
158 161
158 163
158 168
158 172
158 173
158 175
158 191
158 196
159 4
159 13
159 18
159 29
159 30
159 31
159 34
159 35
159 42
159 50
159 51
159 52
159 57
159 60
159 61
159 62
159 63
159 67
159 78
159 83
159 90
159 93
159 97
159 99
159 101
159 102
159 103
159 113
159 114
159 120
159 122
159 123
159 125
159 130
159 133
159 136
159 145
159 157
159 158
159 163
159 164
159 172
159 175
159 180
159 181
159 184
159 189
159 192
160 7
160 22
160 28
160 29
160 30
160 31
160 34
160 36
160 39
160 40
160 46
160 51
160 56
160 57
160 64
160 69
160 71
160 76
160 92
160 93
160 97
160 98
160 99
160 100
160 101
160 103
160 104
160 106
160 109
160 115
160 121
160 122
160 130
160 134
160 139
160 144
160 145
160 147
160 158
160 163
160 167
160 169
160 170
160 172
160 173
160 176
160 181
160 182
160 197
161 5
161 8
161 10
161 18
161 22
161 24
161 25
161 29
161 34
161 39
161 40
161 41
161 43
161 52
161 62
161 66
161 77
161 80
161 81
161 87
161 89
161 101
161 106
161 109
161 112
161 118
161 135
161 151
161 153
161 158
161 170
161 174
161 175
161 177
161 179
161 186
161 194
161 195
162 12
162 19
162 21
162 24
162 40
162 47
162 48
162 49
162 58
162 65
162 67
162 81
162 93
162 94
162 117
162 129
162 132
162 133
162 135
162 139
162 146
162 155
162 174
162 175
162 186
162 190
163 4
163 5
163 10
163 12
163 15
163 25
163 29
163 37
163 41
163 48
163 49
163 50
163 53
163 56
163 60
163 68
163 69
163 71
163 75
163 79
163 82
163 85
163 87
163 99
163 101
163 111
163 114
163 119
163 125
163 135
163 139
163 143
163 147
163 148
163 156
163 157
163 158
163 159
163 160
163 168
163 169
163 175
163 176
163 189
163 195
163 198
164 4
164 8
164 9
164 11
164 19
164 22
164 23
164 42
164 54
164 55
164 62
164 71
164 77
164 79
164 88
164 92
164 95
164 101
164 104
164 105
164 109
164 112
164 116
164 127
164 129
164 130
164 131
164 140
164 143
164 145
164 150
164 151
164 159
164 167
164 171
164 172
164 182
164 192
165 2
165 7
165 8
165 9
165 14
165 18
165 19
165 22
165 25
165 28
165 30
165 35
165 44
165 48
165 50
165 52
165 54
165 55
165 62
165 73
165 82
165 89
165 94
165 102
165 103
165 104
165 106
165 114
165 116
165 118
165 119
165 122
165 124
165 141
165 142
165 144
165 145
165 152
165 153
165 173
165 174
165 181
165 182
165 185
165 191
165 195
165 197
166 3
166 10
166 13
166 30
166 33
166 37
166 39
166 48
166 58
166 63
166 68
166 70
166 72
166 78
166 81
166 83
166 84
166 106
166 108
166 119
166 120
166 125
166 126
166 128
166 130
166 135
166 136
166 150
166 172
166 177
166 179
166 186
166 192
166 198
167 6
167 12
167 13
167 20
167 25
167 38
167 41
167 59
167 60
167 65
167 71
167 74
167 76
167 86
167 89
167 105
167 123
167 128
167 131
167 134
167 136
167 137
167 139
167 141
167 150
167 160
167 164
167 181
167 183
167 185
167 193
167 197
168 4
168 9
168 20
168 23
168 24
168 33
168 36
168 44
168 47
168 51
168 56
168 61
168 62
168 63
168 64
168 73
168 74
168 78
168 80
168 84
168 85
168 86
168 88
168 90
168 93
168 97
168 98
168 102
168 112
168 118
168 125
168 131
168 136
168 139
168 142
168 143
168 145
168 152
168 153
168 158
168 163
168 170
168 172
168 183
168 185
169 6
169 9
169 13
169 14
169 16
169 17
169 18
169 42
169 48
169 49
169 55
169 60
169 63
169 68
169 80
169 88
169 93
169 102
169 105
169 109
169 126
169 134
169 140
169 141
169 144
169 153
169 154
169 155
169 160
169 163
169 170
169 178
170 2
170 4
170 7
170 11
170 14
170 17
170 18
170 21
170 22
170 23
170 29
170 35
170 38
170 40
170 43
170 44
170 45
170 59
170 61
170 62
170 63
170 68
170 78
170 97
170 102
170 114
170 120
170 121
170 125
170 126
170 138
170 139
170 144
170 151
170 152
170 154
170 155
170 160
170 161
170 168
170 169
170 172
170 179
170 181
170 189
170 190
170 194
171 2
171 6
171 7
171 9
171 11
171 19
171 32
171 33
171 34
171 39
171 48
171 59
171 63
171 73
171 102
171 103
171 104
171 107
171 110
171 124
171 128
171 129
171 131
171 134
171 135
171 138
171 141
171 150
171 152
171 164
171 174
171 175
171 176
171 184
171 192
171 196
172 2
172 10
172 21
172 22
172 28
172 39
172 41
172 44
172 47
172 51
172 54
172 55
172 59
172 63
172 74
172 76
172 83
172 85
172 98
172 102
172 107
172 109
172 125
172 126
172 128
172 133
172 136
172 137
172 139
172 144
172 145
172 149
172 152
172 157
172 158
172 159
172 160
172 164
172 166
172 168
172 170
172 175
172 176
172 178
172 179
172 192
172 197
172 199
173 2
173 5
173 14
173 26
173 38
173 39
173 53
173 71
173 73
173 89
173 94
173 95
173 97
173 103
173 110
173 124
173 136
173 145
173 149
173 152
173 158
173 160
173 165
173 175
173 176
173 184
173 187
173 188
173 199
174 0
174 10
174 14
174 19
174 21
174 22
174 23
174 29
174 30
174 31
174 32
174 35
174 53
174 64
174 70
174 74
174 76
174 78
174 94
174 98
174 100
174 105
174 108
174 114
174 124
174 126
174 135
174 143
174 145
174 148
174 153
174 161
174 162
174 165
174 171
174 179
174 180
174 181
174 189
175 8
175 9
175 13
175 14
175 15
175 27
175 30
175 36
175 40
175 45
175 46
175 52
175 64
175 73
175 75
175 76
175 79
175 80
175 83
175 91
175 98
175 100
175 102
175 103
175 112
175 115
175 122
175 124
175 130
175 138
175 144
175 154
175 158
175 159
175 161
175 162
175 163
175 171
175 172
175 173
175 176
175 177
175 187
175 188
176 10
176 15
176 24
176 31
176 37
176 50
176 51
176 60
176 70
176 75
176 94
176 97
176 105
176 120
176 123
176 126
176 128
176 130
176 132
176 133
176 136
176 140
176 141
176 146
176 147
176 155
176 160
176 163
176 171
176 172
176 173
176 175
176 183
176 185
176 191
177 4
177 5
177 7
177 11
177 13
177 15
177 26
177 27
177 29
177 30
177 33
177 36
177 39
177 41
177 42
177 43
177 44
177 45
177 47
177 61
177 66
177 67
177 76
177 82
177 88
177 97
177 98
177 100
177 106
177 120
177 122
177 134
177 138
177 155
177 161
177 166
177 175
177 179
177 185
177 195
177 199
178 9
178 13
178 17
178 20
178 26
178 27
178 39
178 44
178 54
178 55
178 58
178 62
178 63
178 65
178 67
178 71
178 72
178 88
178 90
178 93
178 95
178 97
178 101
178 108
178 110
178 119
178 121
178 122
178 125
178 138
178 139
178 143
178 147
178 152
178 169
178 172
178 180
178 182
178 183
178 189
178 192
178 198
179 2
179 5
179 12
179 13
179 42
179 44
179 50
179 67
179 76
179 85
179 91
179 97
179 99
179 103
179 105
179 109
179 116
179 119
179 120
179 121
179 122
179 124
179 126
179 127
179 129
179 132
179 136
179 143
179 144
179 155
179 156
179 157
179 161
179 166
179 170
179 172
179 174
179 177
179 182
179 183
179 186
179 190
179 193
179 194
180 4
180 7
180 8
180 10
180 18
180 29
180 37
180 39
180 40
180 45
180 53
180 55
180 58
180 61
180 66
180 67
180 69
180 73
180 81
180 96
180 97
180 100
180 105
180 124
180 125
180 126
180 127
180 153
180 159
180 174
180 178
180 185
180 194
180 198
181 2
181 6
181 7
181 16
181 20
181 22
181 27
181 28
181 30
181 33
181 38
181 39
181 42
181 44
181 58
181 67
181 68
181 69
181 70
181 78
181 84
181 86
181 89
181 90
181 91
181 98
181 103
181 104
181 105
181 111
181 115
181 118
181 120
181 122
181 126
181 128
181 129
181 131
181 137
181 147
181 155
181 159
181 160
181 165
181 167
181 170
181 174
181 182
181 186
181 191
182 4
182 5
182 10
182 11
182 21
182 28
182 31
182 33
182 43
182 45
182 46
182 51
182 52
182 55
182 61
182 69
182 74
182 75
182 89
182 92
182 100
182 101
182 113
182 114
182 117
182 126
182 129
182 131
182 140
182 149
182 152
182 160
182 164
182 165
182 178
182 179
182 181
182 183
182 185
182 189
183 13
183 26
183 27
183 43
183 51
183 52
183 65
183 66
183 68
183 69
183 70
183 76
183 79
183 81
183 86
183 95
183 104
183 105
183 106
183 119
183 130
183 138
183 142
183 148
183 154
183 167
183 168
183 176
183 178
183 179
183 182
183 189
183 194
183 199
184 1
184 9
184 10
184 13
184 19
184 25
184 28
184 39
184 41
184 55
184 58
184 61
184 64
184 75
184 78
184 82
184 85
184 87
184 96
184 98
184 103
184 116
184 118
184 120
184 124
184 128
184 131
184 140
184 142
184 145
184 155
184 159
184 171
184 173
184 187
184 190
184 191
184 198
185 1
185 7
185 9
185 10
185 22
185 42
185 45
185 49
185 50
185 55
185 62
185 64
185 69
185 72
185 82
185 87
185 97
185 99
185 103
185 104
185 118
185 120
185 125
185 128
185 137
185 141
185 145
185 151
185 156
185 165
185 167
185 168
185 176
185 177
185 180
185 182
185 188
185 189
185 195
185 198
186 5
186 15
186 17
186 18
186 21
186 22
186 29
186 32
186 41
186 48
186 52
186 59
186 60
186 62
186 64
186 70
186 74
186 75
186 93
186 99
186 107
186 109
186 116
186 117
186 124
186 136
186 141
186 142
186 148
186 150
186 151
186 152
186 154
186 161
186 162
186 166
186 179
186 181
186 192
186 193
187 1
187 13
187 14
187 17
187 18
187 20
187 22
187 23
187 31
187 36
187 39
187 45
187 58
187 77
187 83
187 89
187 92
187 109
187 110
187 113
187 115
187 122
187 125
187 132
187 136
187 139
187 147
187 173
187 175
187 184
187 190
187 195
188 2
188 4
188 7
188 14
188 20
188 26
188 32
188 33
188 38
188 51
188 65
188 67
188 71
188 72
188 86
188 92
188 95
188 100
188 103
188 105
188 109
188 131
188 143
188 145
188 155
188 173
188 175
188 185
188 189
188 197
188 199
189 2
189 3
189 4
189 10
189 20
189 21
189 28
189 29
189 30
189 33
189 37
189 38
189 46
189 49
189 52
189 56
189 60
189 65
189 68
189 75
189 80
189 83
189 84
189 85
189 95
189 97
189 103
189 106
189 107
189 117
189 122
189 123
189 124
189 128
189 143
189 148
189 153
189 159
189 163
189 170
189 174
189 178
189 182
189 183
189 185
189 188
189 193
189 194
190 5
190 8
190 11
190 15
190 21
190 26
190 31
190 43
190 49
190 58
190 59
190 61
190 65
190 67
190 77
190 78
190 82
190 86
190 95
190 100
190 108
190 111
190 119
190 120
190 122
190 123
190 127
190 144
190 148
190 150
190 152
190 156
190 162
190 170
190 179
190 184
190 187
190 194
190 196
191 5
191 8
191 14
191 18
191 26
191 41
191 42
191 54
191 57
191 69
191 71
191 72
191 77
191 78
191 80
191 81
191 85
191 88
191 89
191 101
191 107
191 114
191 118
191 123
191 129
191 138
191 141
191 142
191 153
191 157
191 158
191 165
191 176
191 181
191 184
191 193
192 2
192 5
192 9
192 14
192 20
192 23
192 26
192 27
192 29
192 33
192 42
192 53
192 69
192 70
192 71
192 81
192 89
192 98
192 100
192 107
192 109
192 117
192 131
192 142
192 145
192 147
192 151
192 153
192 159
192 164
192 166
192 171
192 172
192 178
192 186
192 197
193 0
193 10
193 11
193 12
193 14
193 15
193 19
193 20
193 22
193 26
193 36
193 44
193 48
193 52
193 59
193 60
193 66
193 74
193 81
193 89
193 99
193 101
193 104
193 108
193 121
193 126
193 131
193 135
193 139
193 140
193 148
193 149
193 157
193 167
193 179
193 186
193 189
193 191
193 194
194 1
194 2
194 3
194 7
194 8
194 11
194 15
194 20
194 22
194 42
194 49
194 52
194 53
194 56
194 60
194 61
194 92
194 95
194 99
194 122
194 127
194 136
194 138
194 153
194 161
194 170
194 179
194 180
194 183
194 189
194 190
194 193
194 195
195 1
195 2
195 6
195 11
195 19
195 24
195 27
195 42
195 43
195 47
195 64
195 68
195 77
195 84
195 87
195 91
195 96
195 100
195 110
195 113
195 115
195 118
195 124
195 125
195 127
195 135
195 142
195 146
195 148
195 151
195 152
195 161
195 163
195 165
195 177
195 185
195 187
195 194
195 197
196 1
196 6
196 7
196 16
196 25
196 40
196 46
196 48
196 53
196 60
196 62
196 76
196 86
196 90
196 99
196 100
196 102
196 103
196 104
196 105
196 106
196 110
196 111
196 115
196 133
196 135
196 142
196 148
196 149
196 158
196 171
196 190
196 199
197 0
197 3
197 7
197 9
197 12
197 14
197 21
197 23
197 28
197 32
197 36
197 37
197 41
197 44
197 51
197 55
197 58
197 63
197 92
197 93
197 94
197 108
197 122
197 124
197 139
197 140
197 141
197 146
197 151
197 153
197 157
197 160
197 165
197 167
197 172
197 188
197 192
197 195
197 199
198 3
198 5
198 18
198 21
198 26
198 42
198 50
198 51
198 52
198 53
198 63
198 69
198 74
198 76
198 80
198 87
198 103
198 105
198 106
198 108
198 109
198 115
198 116
198 124
198 128
198 131
198 132
198 133
198 141
198 145
198 146
198 163
198 166
198 178
198 180
198 184
198 185
199 17
199 22
199 25
199 29
199 31
199 34
199 36
199 39
199 41
199 44
199 53
199 63
199 64
199 67
199 68
199 74
199 79
199 82
199 87
199 91
199 93
199 100
199 103
199 105
199 109
199 110
199 120
199 123
199 124
199 127
199 129
199 132
199 136
199 142
199 152
199 154
199 156
199 172
199 173
199 177
199 183
199 188
199 196
199 197