200 1068
0 36
0 41
0 113
0 118
0 125
0 126
0 133
0 142
0 170
0 173
0 187
1 2
1 28
1 51
1 52
1 58
1 69
1 76
1 85
1 113
1 136
1 163
1 174
1 176
1 177
2 1
2 8
2 24
2 35
2 38
2 72
2 96
2 99
2 106
2 108
2 118
2 120
2 148
2 150
2 189
2 192
3 12
3 23
3 63
3 66
3 73
3 74
3 104
3 131
3 133
3 149
3 150
3 163
3 168
3 183
4 38
4 62
4 78
4 92
4 94
4 95
4 117
4 121
4 131
4 147
4 149
4 172
4 174
4 198
5 14
5 16
5 63
5 94
5 95
5 103
5 109
5 112
5 115
5 119
5 138
5 140
5 160
5 163
5 190
5 192
6 20
6 30
6 47
6 51
6 66
6 77
6 79
6 83
6 86
6 93
6 117
6 121
6 127
6 129
7 14
7 29
7 54
7 93
7 104
7 168
7 176
7 178
7 185
8 2
8 43
8 45
8 65
8 97
8 128
8 135
8 145
8 153
8 176
8 184
8 197
9 49
9 68
9 77
9 102
9 121
9 149
9 165
9 176
10 39
10 47
10 49
10 63
10 80
10 127
10 128
10 141
10 144
10 166
10 171
11 30
11 43
11 51
11 61
11 116
11 155
11 185
11 197
12 3
12 14
12 17
12 60
12 95
12 104
12 124
12 141
12 166
12 184
13 22
13 61
13 72
13 77
13 112
13 145
13 174
13 179
13 188
13 193
14 5
14 7
14 12
14 19
14 23
14 32
14 61
14 75
14 86
14 95
14 109
14 114
14 115
14 143
14 163
14 195
15 19
15 24
15 43
15 62
15 74
15 90
15 107
15 120
15 132
15 163
16 5
16 121
16 135
16 138
16 140
16 159
17 12
17 32
17 82
17 97
17 109
17 142
17 170
17 194
17 195
18 31
18 44
18 53
18 54
18 81
18 114
18 124
18 153
18 155
18 196
19 14
19 15
19 50
19 66
19 93
19 98
19 101
19 116
19 122
19 142
19 147
19 154
19 194
20 6
20 75
20 80
20 96
20 105
20 111
20 116
20 132
20 140
20 148
20 198
21 49
21 57
21 65
21 101
21 149
21 152
21 166
21 186
22 13
22 28
22 78
22 82
22 85
22 86
22 95
22 103
22 108
22 142
22 194
22 198
23 3
23 14
23 38
23 47
23 49
23 53
23 84
23 170
23 173
23 184
24 2
24 15
24 28
24 42
24 112
24 118
24 122
24 145
24 151
24 179
24 181
24 189
25 101
25 139
25 142
25 154
25 155
25 177
25 191
25 197
26 62
26 66
26 94
26 120
26 138
26 196
27 50
27 85
27 102
27 118
27 128
27 140
27 152
27 175
27 199
28 1
28 22
28 24
28 30
28 31
28 45
28 46
28 52
28 60
28 129
28 133
28 159
28 160
28 163
28 172
28 178
28 185
28 191
29 7
29 31
29 45
29 80
29 122
29 132
29 199
30 6
30 11
30 28
30 66
30 103
30 141
30 197
31 18
31 28
31 29
31 48
31 83
31 86
31 97
31 124
31 140
31 149
31 151
31 164
31 165
31 187
31 189
31 194
32 14
32 17
32 38
32 67
32 71
32 113
32 162
32 171
32 173
33 54
33 64
33 76
33 77
33 80
33 104
33 118
33 188
33 192
34 60
34 63
34 122
34 154
34 161
34 180
34 184
35 2
35 40
35 43
35 44
35 47
35 63
35 82
35 123
35 125
35 131
35 137
35 140
36 0
36 49
36 97
36 155
36 157
36 169
36 181
37 57
37 60
37 84
37 168
37 184
38 2
38 4
38 23
38 32
38 44
38 53
38 59
38 74
38 80
38 85
38 107
38 114
38 119
38 147
38 163
38 187
39 10
39 58
39 67
39 85
39 118
39 123
39 136
39 169
39 176
39 189
39 190
39 194
40 35
40 41
40 55
40 65
40 88
40 141
40 145
40 160
40 179
40 189
41 0
41 40
41 45
41 58
41 68
41 93
41 145
41 149
41 189
41 190
42 24
42 63
42 116
42 144
42 149
42 164
42 165
42 199
43 8
43 11
43 15
43 35
43 56
43 67
43 97
43 115
43 123
43 150
43 177
43 191
44 18
44 35
44 38
44 87
44 108
44 147
44 172
44 176
44 182
44 195
45 8
45 28
45 29
45 41
45 102
45 130
45 147
45 158
45 189
46 28
46 51
46 56
46 57
46 101
46 110
46 121
46 134
47 6
47 10
47 23
47 35
47 53
47 103
47 128
47 145
47 165
47 166
48 31
48 64
48 70
48 149
48 167
48 168
48 184
49 9
49 10
49 21
49 23
49 36
49 90
49 105
49 159
50 19
50 27
50 63
50 66
50 74
50 82
50 85
50 87
50 112
50 125
50 126
50 156
50 162
50 199
51 1
51 6
51 11
51 46
51 67
51 81
51 107
51 116
51 130
51 167
51 190
51 196
52 1
52 28
52 75
53 18
53 23
53 38
53 47
53 78
53 85
53 86
53 105
53 126
53 159
53 186
53 193
54 7
54 18
54 33
54 55
54 68
54 81
54 108
54 115
54 120
54 131
54 133
54 137
54 138
54 153
54 154
54 164
54 181
55 40
55 54
55 78
55 102
55 132
55 143
55 151
55 172
55 176
56 43
56 46
56 57
56 90
56 121
56 135
56 168
56 169
56 182
56 183
57 21
57 37
57 46
57 56
57 58
57 66
57 71
57 73
57 97
57 103
57 113
57 145
57 152
57 158
57 170
57 181
58 1
58 39
58 41
58 57
58 61
58 71
58 75
58 86
58 104
58 105
58 119
58 154
58 160
58 199
59 38
59 75
59 77
59 101
59 102
59 111
59 147
59 169
59 173
59 177
59 189
59 193
60 12
60 28
60 34
60 37
60 78
60 81
60 89
60 92
60 97
60 101
60 110
60 116
60 142
60 169
60 179
61 11
61 13
61 14
61 58
61 63
61 96
61 132
61 152
61 159
61 170
61 180
61 184
62 4
62 15
62 26
62 101
62 105
62 108
62 121
62 169
62 171
63 3
63 5
63 10
63 34
63 35
63 42
63 50
63 61
63 65
63 77
63 79
63 92
63 103
63 139
63 147
63 154
63 159
63 169
63 190
63 193
63 197
64 33
64 48
64 102
64 110
64 123
64 153
64 158
64 176
65 8
65 21
65 40
65 63
65 108
65 112
65 138
66 3
66 6
66 19
66 26
66 30
66 50
66 57
66 69
66 74
66 85
66 197
67 32
67 39
67 43
67 51
67 97
67 112
67 131
67 143
68 9
68 41
68 54
68 80
68 97
68 98
68 99
68 121
68 156
69 1
69 66
69 77
69 115
69 135
69 168
69 171
69 176
69 185
70 48
70 82
70 88
70 101
70 106
70 130
70 132
70 138
70 154
70 159
70 161
70 179
70 180
71 32
71 57
71 58
71 84
71 103
71 108
71 116
71 123
71 124
71 193
72 2
72 13
72 76
72 82
72 93
72 117
72 154
72 162
72 168
72 170
72 178
72 196
73 3
73 57
73 79
73 83
73 88
73 100
73 157
73 159
73 160
73 166
73 173
74 3
74 15
74 38
74 50
74 66
74 78
74 85
74 94
74 129
74 147
74 155
74 199
75 14
75 20
75 52
75 58
75 59
75 105
75 106
75 169
76 1
76 33
76 72
76 110
76 112
76 122
76 172
77 6
77 9
77 13
77 33
77 59
77 63
77 69
77 78
77 101
77 140
77 151
77 177
77 185
77 192
78 4
78 22
78 53
78 55
78 60
78 74
78 77
78 105
78 123
78 125
78 127
78 157
78 160
78 192
79 6
79 63
79 73
79 114
79 120
79 190
79 195
79 198
80 10
80 20
80 29
80 33
80 38
80 68
80 82
80 106
80 121
80 125
80 139
80 175
81 18
81 51
81 54
81 60
81 91
81 104
81 116
81 136
81 173
82 17
82 22
82 35
82 50
82 70
82 72
82 80
82 97
82 115
82 197
83 6
83 31
83 73
83 91
83 97
83 99
83 101
83 122
83 148
83 163
83 190
84 23
84 37
84 71
84 93
84 94
84 128
84 136
84 155
84 173
84 174
84 184
84 192
85 1
85 22
85 27
85 38
85 39
85 50
85 53
85 66
85 74
85 110
85 115
85 130
85 192
85 194
86 6
86 14
86 22
86 31
86 53
86 58
86 110
86 116
86 159
86 175
86 185
86 187
86 192
87 44
87 50
87 90
87 101
87 117
87 139
87 152
87 169
87 173
87 192
87 193
88 40
88 70
88 73
88 93
88 98
88 105
88 113
88 126
88 155
88 161
88 163
88 167
88 182
88 188
89 60
89 114
89 159
89 193
90 15
90 49
90 56
90 87
90 102
90 105
90 120
90 143
90 151
90 158
90 169
90 179
91 81
91 83
91 105
91 183
91 186
91 189
91 196
92 4
92 60
92 63
92 110
92 134
92 139
92 144
92 154
92 156
92 159
93 6
93 7
93 19
93 41
93 72
93 84
93 88
93 99
93 109
93 115
93 116
93 127
93 130
93 131
93 139
93 170
93 173
94 4
94 5
94 26
94 74
94 84
94 117
94 135
94 167
94 176
94 177
94 184
94 193
94 195
94 198
95 4
95 5
95 12
95 14
95 22
95 125
95 134
95 152
95 159
95 192
96 2
96 20
96 61
96 102
96 109
96 133
96 137
96 153
96 162
96 180
96 190
96 196
97 8
97 17
97 31
97 36
97 43
97 57
97 60
97 67
97 68
97 82
97 83
97 98
97 111
97 113
97 157
97 198
98 19
98 68
98 88
98 97
98 110
98 121
98 124
98 142
98 148
98 151
98 152
98 169
98 186
99 2
99 68
99 83
99 93
99 188
100 73
100 129
100 139
100 171
101 19
101 21
101 25
101 46
101 59
101 60
101 62
101 70
101 77
101 83
101 87
102 9
102 27
102 45
102 55
102 59
102 64
102 90
102 96
102 156
102 177
102 189
102 190
102 199
103 5
103 22
103 30
103 47
103 57
103 63
103 71
103 130
103 150
103 154
103 164
103 177
104 3
104 7
104 12
104 33
104 58
104 81
104 112
104 115
104 159
104 163
104 197
105 20
105 49
105 53
105 58
105 62
105 75
105 78
105 88
105 90
105 91
105 107
105 124
105 136
105 164
105 194
106 2
106 70
106 75
106 80
106 126
106 194
107 15
107 38
107 51
107 105
107 110
107 125
107 127
107 144
108 2
108 22
108 44
108 54
108 62
108 65
108 71
108 135
108 147
108 158
108 168
108 183
108 192
109 5
109 14
109 17
109 93
109 96
109 112
109 131
109 166
109 171
109 187
110 46
110 60
110 64
110 76
110 85
110 86
110 92
110 98
110 107
110 124
110 131
110 158
110 159
110 165
110 185
110 197
111 20
111 59
111 97
111 158
111 161
111 177
111 198
112 5
112 13
112 24
112 50
112 65
112 67
112 76
112 104
112 109
112 141
112 161
112 169
113 0
113 1
113 32
113 57
113 88
113 97
113 134
113 135
113 141
113 199
114 14
114 18
114 38
114 79
114 89
114 129
114 133
114 147
114 156
114 167
115 5
115 14
115 43
115 54
115 69
115 82
115 85
115 93
115 104
115 130
115 151
115 154
115 155
115 164
115 175
115 189
115 192
116 11
116 19
116 20
116 42
116 51
116 60
116 71
116 81
116 86
116 93
116 118
116 136
116 142
116 153
116 167
116 190
117 4
117 6
117 72
117 87
117 94
117 124
117 140
117 156
117 163
117 179
117 185
117 193
118 0
118 2
118 24
118 27
118 33
118 39
118 116
118 144
118 151
118 157
118 191
119 5
119 38
119 58
119 141
119 151
119 178
120 2
120 15
120 26
120 54
120 79
120 90
120 141
120 152
120 154
120 157
120 160
120 163
120 174
120 186
121 4
121 6
121 9
121 16
121 46
121 56
121 62
121 68
121 80
121 98
121 147
122 19
122 24
122 29
122 34
122 76
122 83
122 173
123 35
123 39
123 43
123 64
123 71
123 78
123 151
123 166
123 199
124 12
124 18
124 31
124 71
124 98
124 105
124 110
124 117
124 150
124 152
124 170
125 0
125 35
125 50
125 78
125 80
125 95
125 107
125 180
125 182
126 0
126 50
126 53
126 88
126 106
126 150
126 156
126 160
127 6
127 10
127 78
127 93
127 107
127 129
127 174
127 198
128 8
128 10
128 27
128 47
128 84
128 150
128 157
128 159
128 197
129 6
129 28
129 74
129 100
129 114
129 127
130 45
130 51
130 70
130 85
130 93
130 103
130 115
130 131
130 144
130 153
131 3
131 4
131 35
131 54
131 67
131 93
131 109
131 110
131 130
131 137
131 142
131 161
131 173
131 174
131 180
131 199
132 15
132 20
132 29
132 55
132 61
132 70
132 152
132 162
132 163
132 167
132 178
132 186
133 0
133 3
133 28
133 54
133 96
133 114
133 163
134 46
134 92
134 95
134 113
134 137
134 153
134 158
134 188
135 8
135 16
135 56
135 69
135 94
135 108
135 113
135 148
136 1
136 39
136 81
136 84
136 105
136 116
136 146
136 177
136 178
136 180
137 35
137 54
137 96
137 131
137 134
137 186
137 192
138 5
138 16
138 26
138 54
138 65
138 70
138 154
138 165
138 175
138 176
138 192
139 25
139 63
139 80
139 87
139 92
139 93
139 100
139 150
139 151
139 157
139 167
139 170
139 186
140 5
140 16
140 20
140 27
140 31
140 35
140 77
140 117
140 153
140 165
140 184
140 187
141 10
141 12
141 30
141 40
141 112
141 113
141 119
141 120
141 197
142 0
142 17
142 19
142 22
142 25
142 60
142 98
142 116
142 131
142 190
143 14
143 55
143 67
143 90
143 179
143 196
144 10
144 42
144 92
144 107
144 118
144 130
144 164
144 196
145 8
145 13
145 24
145 40
145 41
145 47
145 57
145 165
145 187
146 136
146 159
146 185
146 186
146 188
147 4
147 19
147 38
147 44
147 45
147 59
147 63
147 74
147 108
147 114
147 121
147 179
147 197
148 2
148 20
148 83
148 98
148 135
148 155
148 182
149 3
149 4
149 9
149 21
149 31
149 41
149 42
149 48
149 171
149 174
149 183
150 2
150 3
150 43
150 103
150 124
150 126
150 128
150 139
150 184
151 24
151 31
151 55
151 77
151 90
151 98
151 115
151 118
151 119
151 123
151 139
151 156
151 162
152 21
152 27
152 57
152 61
152 87
152 95
152 98
152 120
152 124
152 132
152 161
152 162
152 191
152 192
153 8
153 18
153 54
153 64
153 96
153 116
153 130
153 134
153 140
153 155
153 163
154 19
154 25
154 34
154 54
154 58
154 63
154 70
154 72
154 92
154 103
154 115
154 120
154 138
154 171
154 179
154 190
154 195
155 11
155 18
155 25
155 36
155 74
155 84
155 88
155 115
155 148
155 153
156 50
156 68
156 92
156 102
156 114
156 117
156 126
156 151
156 189
157 36
157 73
157 78
157 97
157 118
157 120
157 128
157 139
157 181
157 189
157 192
158 45
158 57
158 64
158 90
158 108
158 110
158 111
158 134
158 165
158 197
159 16
159 28
159 49
159 53
159 61
159 63
159 70
159 73
159 86
159 89
159 92
159 95
159 104
159 110
159 128
159 146
160 5
160 28
160 40
160 58
160 73
160 78
160 120
160 126
160 175
160 179
160 181
160 193
161 34
161 70
161 88
161 111
161 112
161 131
161 152
162 32
162 50
162 72
162 96
162 132
162 151
162 152
162 166
162 172
162 176
163 1
163 3
163 5
163 14
163 15
163 28
163 38
163 83
163 88
163 104
163 117
163 120
163 132
163 133
163 153
163 182
164 31
164 42
164 54
164 103
164 105
164 115
164 144
164 172
164 174
164 190
164 195
164 199
165 9
165 31
165 42
165 47
165 110
165 138
165 140
165 145
165 158
165 175
165 188
165 194
166 10
166 12
166 21
166 47
166 73
166 109
166 123
166 162
166 190
167 48
167 51
167 88
167 94
167 114
167 116
167 132
167 139
168 3
168 7
168 37
168 48
168 56
168 69
168 72
168 108
168 190
169 36
169 39
169 56
169 59
169 60
169 62
169 63
169 75
169 87
169 90
169 98
169 112
169 182
169 188
169 195
170 0
170 17
170 23
170 57
170 61
170 72
170 93
170 124
170 139
170 175
170 187
171 10
171 32
171 62
171 69
171 100
171 109
171 149
171 154
171 179
171 188
171 195
172 4
172 28
172 44
172 55
172 76
172 162
172 164
173 0
173 23
173 32
173 59
173 73
173 81
173 84
173 87
173 93
173 122
173 131
173 193
174 1
174 4
174 13
174 84
174 120
174 127
174 131
174 149
174 164
174 193
175 27
175 80
175 86
175 115
175 138
175 160
175 165
175 170
176 1
176 7
176 8
176 9
176 39
176 44
176 55
176 64
176 69
176 94
176 138
176 162
177 1
177 25
177 43
177 59
177 77
177 94
177 102
177 103
177 111
177 136
178 7
178 28
178 72
178 119
178 132
178 136
178 180
178 183
178 187
179 13
179 24
179 40
179 60
179 70
179 90
179 117
179 143
179 147
179 154
179 160
179 171
179 182
179 196
180 34
180 61
180 70
180 96
180 125
180 131
180 136
180 178
180 196
181 24
181 36
181 54
181 57
181 157
181 160
182 44
182 56
182 88
182 125
182 148
182 163
182 169
182 179
182 188
183 3
183 56
183 91
183 108
183 149
183 178
184 8
184 12
184 23
184 34
184 37
184 48
184 61
184 84
184 94
184 140
184 150
184 191
184 196
185 7
185 11
185 28
185 69
185 77
185 86
185 110
185 117
185 146
185 193
186 21
186 53
186 91
186 98
186 120
186 132
186 137
186 139
186 146
187 0
187 31
187 38
187 86
187 109
187 140
187 145
187 170
187 178
187 191
188 13
188 33
188 88
188 99
188 134
188 146
188 165
188 169
188 171
188 182
188 199
189 2
189 24
189 31
189 39
189 40
189 41
189 45
189 59
189 91
189 102
189 115
189 156
189 157
190 5
190 39
190 41
190 51
190 63
190 79
190 83
190 96
190 102
190 116
190 142
190 154
190 164
190 166
190 168
190 196
191 25
191 28
191 43
191 118
191 152
191 184
191 187
192 2
192 5
192 33
192 77
192 78
192 84
192 85
192 86
192 87
192 95
192 108
192 115
192 137
192 138
192 152
192 157
193 13
193 53
193 59
193 63
193 71
193 87
193 89
193 94
193 117
193 160
193 173
193 174
193 185
194 17
194 19
194 22
194 31
194 39
194 85
194 105
194 106
194 165
195 14
195 17
195 44
195 79
195 94
195 154
195 164
195 169
195 171
196 18
196 26
196 51
196 72
196 91
196 96
196 143
196 144
196 179
196 180
196 184
196 190
197 8
197 11
197 25
197 30
197 63
197 66
197 82
197 104
197 110
197 128
197 141
197 147
197 158
198 4
198 20
198 22
198 79
198 94
198 97
198 111
198 127
199 27
199 29
199 42
199 50
199 58
199 74
199 102
199 113
199 123
199 131
199 164
199 188