500 6260
0 5
0 11
0 41
0 50
0 53
0 77
0 90
0 101
0 125
0 150
0 157
0 167
0 194
0 207
0 211
0 239
0 291
0 303
0 305
0 325
0 327
0 344
0 391
0 396
0 423
0 430
0 443
0 446
0 447
0 467
0 491
0 499
1 3
1 45
1 53
1 80
1 116
1 172
1 182
1 185
1 187
1 204
1 215
1 267
1 268
1 283
1 297
1 311
1 357
1 377
1 381
1 386
1 407
1 420
1 425
1 431
1 432
1 439
1 455
1 477
1 490
2 32
2 41
2 48
2 57
2 89
2 131
2 141
2 148
2 161
2 192
2 226
2 228
2 233
2 234
2 327
2 355
2 356
2 389
2 400
2 414
2 436
2 453
2 463
2 493
3 1
3 54
3 63
3 91
3 123
3 151
3 175
3 181
3 191
3 194
3 202
3 239
3 322
3 335
3 343
3 349
3 355
3 411
3 420
3 432
3 437
3 468
3 493
3 499
4 36
4 42
4 43
4 48
4 55
4 57
4 127
4 149
4 154
4 167
4 182
4 192
4 247
4 249
4 298
4 340
4 357
4 360
4 365
4 378
4 384
4 393
4 401
4 410
4 422
4 424
4 440
4 470
4 475
4 476
4 494
5 0
5 11
5 18
5 20
5 21
5 31
5 45
5 53
5 72
5 81
5 97
5 104
5 129
5 163
5 196
5 212
5 235
5 241
5 243
5 263
5 329
5 350
5 361
5 367
5 412
5 415
5 438
5 439
5 453
5 466
5 477
5 492
5 496
6 21
6 100
6 112
6 133
6 155
6 195
6 241
6 242
6 250
6 277
6 293
6 312
6 351
6 352
6 356
6 358
6 371
6 436
6 452
6 454
6 457
6 458
6 460
6 468
6 477
6 487
6 491
6 499
7 33
7 97
7 104
7 106
7 138
7 153
7 204
7 217
7 232
7 252
7 273
7 296
7 316
7 323
7 329
7 352
7 357
7 366
7 368
7 391
7 393
7 398
7 404
7 414
7 488
7 489
7 498
8 33
8 41
8 90
8 114
8 142
8 151
8 184
8 185
8 211
8 218
8 220
8 232
8 240
8 248
8 293
8 302
8 341
8 351
8 371
8 374
8 413
8 420
8 432
8 436
8 448
8 456
8 458
8 476
9 22
9 64
9 74
9 82
9 100
9 118
9 130
9 133
9 166
9 213
9 230
9 267
9 309
9 314
9 344
9 360
9 387
9 390
9 456
9 478
10 16
10 19
10 26
10 27
10 41
10 44
10 75
10 94
10 134
10 162
10 188
10 189
10 206
10 223
10 273
10 299
10 347
10 348
10 358
10 363
10 368
10 417
10 439
10 460
10 472
10 474
11 0
11 5
11 32
11 48
11 72
11 77
11 91
11 102
11 125
11 160
11 166
11 169
11 199
11 206
11 222
11 228
11 229
11 237
11 238
11 281
11 294
11 311
11 327
11 335
11 347
11 373
11 391
11 410
11 418
11 428
11 433
11 478
11 498
12 70
12 101
12 132
12 155
12 187
12 196
12 219
12 224
12 253
12 256
12 265
12 276
12 293
12 294
12 303
12 331
12 333
12 343
12 382
12 387
12 412
12 416
12 449
12 458
12 465
12 468
12 480
13 28
13 59
13 79
13 92
13 98
13 102
13 108
13 137
13 213
13 218
13 225
13 227
13 232
13 251
13 257
13 276
13 299
13 304
13 307
13 337
13 352
13 379
13 383
13 385
13 441
13 446
13 492
14 17
14 26
14 31
14 62
14 132
14 158
14 173
14 189
14 211
14 235
14 273
14 278
14 298
14 349
14 356
14 357
14 376
14 382
14 392
14 394
14 431
14 449
14 473
14 479
14 481
15 51
15 59
15 66
15 69
15 70
15 83
15 84
15 126
15 134
15 160
15 170
15 180
15 196
15 197
15 247
15 272
15 297
15 304
15 348
15 374
15 399
15 416
15 420
15 438
15 446
15 453
15 477
16 10
16 20
16 28
16 38
16 95
16 113
16 129
16 133
16 171
16 184
16 187
16 188
16 196
16 260
16 261
16 281
16 298
16 304
16 409
16 412
16 439
16 464
16 466
16 486
17 14
17 33
17 41
17 60
17 92
17 128
17 159
17 175
17 245
17 260
17 275
17 285
17 366
17 420
17 427
17 432
17 435
17 450
17 452
17 464
17 481
17 497
18 5
18 34
18 56
18 57
18 65
18 88
18 132
18 194
18 196
18 291
18 321
18 341
18 356
18 360
18 435
18 437
18 451
19 10
19 23
19 67
19 115
19 168
19 191
19 208
19 227
19 229
19 303
19 325
19 338
19 347
19 394
19 399
19 411
19 421
19 433
20 5
20 16
20 38
20 50
20 109
20 178
20 186
20 188
20 208
20 285
20 300
20 318
20 320
20 326
20 329
20 333
20 366
20 378
20 389
20 396
20 426
20 428
20 436
20 439
20 448
20 452
20 463
20 471
20 475
21 5
21 6
21 51
21 152
21 170
21 186
21 236
21 243
21 258
21 269
21 275
21 286
21 296
21 310
21 312
21 313
21 315
21 324
21 367
21 372
21 375
21 384
21 395
21 405
21 412
21 417
21 436
21 439
21 441
21 448
21 452
21 472
22 9
22 23
22 28
22 32
22 40
22 41
22 89
22 92
22 97
22 100
22 127
22 150
22 154
22 197
22 206
22 242
22 243
22 256
22 265
22 312
22 317
22 320
22 328
22 350
22 359
22 364
22 375
22 391
22 398
22 428
22 434
22 451
22 452
22 453
22 485
23 19
23 22
23 25
23 32
23 43
23 44
23 50
23 52
23 90
23 104
23 147
23 150
23 163
23 181
23 245
23 259
23 262
23 265
23 270
23 288
23 335
23 341
23 345
23 354
23 378
23 384
23 391
23 459
23 461
23 473
23 482
24 25
24 63
24 100
24 127
24 128
24 129
24 132
24 139
24 165
24 168
24 225
24 228
24 262
24 277
24 278
24 285
24 286
24 302
24 345
24 396
24 397
24 430
24 439
24 457
25 23
25 24
25 26
25 32
25 72
25 91
25 99
25 106
25 116
25 134
25 139
25 200
25 221
25 270
25 386
25 388
25 419
25 450
25 473
25 495
26 10
26 14
26 25
26 42
26 58
26 102
26 160
26 170
26 201
26 236
26 242
26 258
26 262
26 275
26 307
26 398
26 411
26 415
26 416
26 438
26 446
26 452
26 458
26 470
27 10
27 31
27 53
27 110
27 116
27 142
27 144
27 164
27 165
27 171
27 207
27 208
27 246
27 247
27 265
27 271
27 273
27 276
27 313
27 317
27 333
27 366
27 394
27 415
27 420
27 429
27 449
27 450
27 463
27 491
28 13
28 16
28 22
28 34
28 38
28 47
28 69
28 74
28 120
28 136
28 162
28 173
28 249
28 261
28 273
28 322
28 412
28 462
28 463
28 484
29 40
29 46
29 57
29 61
29 112
29 127
29 162
29 167
29 177
29 198
29 274
29 284
29 285
29 287
29 298
29 329
29 350
29 407
29 413
29 457
29 492
29 497
30 32
30 46
30 70
30 100
30 127
30 166
30 174
30 182
30 224
30 227
30 234
30 243
30 244
30 301
30 305
30 313
30 330
30 339
30 362
30 383
30 402
30 411
30 457
30 462
30 473
30 488
30 499
31 5
31 14
31 27
31 34
31 63
31 76
31 96
31 123
31 163
31 165
31 179
31 214
31 218
31 242
31 264
31 345
31 374
31 395
31 425
31 429
31 472
32 2
32 11
32 22
32 23
32 25
32 30
32 33
32 48
32 54
32 66
32 123
32 132
32 159
32 171
32 178
32 191
32 203
32 227
32 252
32 253
32 286
32 303
32 316
32 338
32 362
32 403
32 458
32 467
32 481
32 485
33 7
33 8
33 17
33 32
33 46
33 48
33 118
33 124
33 129
33 143
33 179
33 180
33 181
33 191
33 212
33 236
33 239
33 244
33 265
33 303
33 376
33 385
33 397
33 405
33 445
33 462
33 464
33 466
34 18
34 28
34 31
34 78
34 90
34 118
34 139
34 158
34 181
34 191
34 198
34 227
34 262
34 293
34 300
34 326
34 330
34 349
34 379
34 394
34 429
34 446
34 451
34 478
34 482
35 60
35 69
35 107
35 139
35 149
35 159
35 160
35 181
35 189
35 224
35 228
35 237
35 243
35 310
35 315
35 386
35 412
35 451
35 463
35 493
36 4
36 63
36 70
36 120
36 122
36 165
36 234
36 274
36 300
36 308
36 319
36 320
36 321
36 330
36 385
36 386
36 453
36 469
36 497
37 42
37 113
37 132
37 145
37 166
37 182
37 223
37 286
37 300
37 327
37 352
37 357
37 359
37 369
37 430
37 443
37 444
37 454
37 456
37 472
37 474
37 477
38 16
38 20
38 28
38 39
38 60
38 73
38 74
38 104
38 110
38 112
38 126
38 128
38 139
38 180
38 222
38 272
38 311
38 322
38 328
38 340
38 341
38 398
38 451
38 455
39 38
39 46
39 101
39 113
39 115
39 138
39 141
39 170
39 192
39 226
39 237
39 242
39 282
39 302
39 323
39 327
39 332
39 349
39 407
39 429
39 470
40 22
40 29
40 77
40 78
40 92
40 100
40 123
40 176
40 213
40 222
40 234
40 251
40 289
40 309
40 324
40 360
40 366
40 450
40 452
40 454
40 460
40 464
40 493
41 0
41 2
41 8
41 10
41 17
41 22
41 78
41 111
41 142
41 148
41 152
41 173
41 188
41 194
41 212
41 220
41 237
41 239
41 249
41 262
41 274
41 286
41 338
41 360
41 392
41 422
41 433
41 457
41 458
42 4
42 26
42 37
42 56
42 57
42 77
42 89
42 101
42 110
42 184
42 187
42 202
42 233
42 238
42 261
42 286
42 292
42 319
42 375
42 392
42 403
42 415
42 419
42 424
42 458
42 487
42 494
42 498
43 4
43 23
43 48
43 62
43 79
43 83
43 91
43 101
43 120
43 121
43 127
43 131
43 146
43 155
43 183
43 197
43 207
43 222
43 241
43 259
43 265
43 294
43 331
43 364
43 385
43 392
43 427
43 440
44 10
44 23
44 54
44 85
44 111
44 118
44 158
44 171
44 203
44 223
44 226
44 239
44 260
44 274
44 276
44 299
44 302
44 328
44 344
44 371
44 395
44 400
44 401
44 442
44 493
44 498
45 1
45 5
45 70
45 113
45 116
45 179
45 187
45 191
45 196
45 226
45 243
45 313
45 333
45 353
45 354
45 377
45 417
45 459
45 484
45 496
46 29
46 30
46 33
46 39
46 49
46 77
46 80
46 145
46 172
46 174
46 210
46 213
46 233
46 263
46 264
46 290
46 317
46 323
46 361
46 362
46 366
46 367
46 371
46 408
46 413
46 416
46 427
46 452
46 497
47 28
47 59
47 73
47 74
47 82
47 96
47 109
47 149
47 166
47 209
47 220
47 258
47 287
47 298
47 316
47 319
47 325
47 352
47 364
47 382
47 387
47 396
47 492
48 2
48 4
48 11
48 32
48 33
48 43
48 69
48 98
48 135
48 166
48 235
48 247
48 285
48 332
48 333
48 350
48 399
48 413
48 425
48 430
48 468
48 482
48 492
49 46
49 72
49 78
49 98
49 101
49 112
49 120
49 132
49 154
49 169
49 171
49 253
49 273
49 289
49 314
49 335
49 341
49 342
49 356
49 364
49 373
49 381
49 389
49 396
49 408
49 423
49 457
49 493
49 499
50 0
50 20
50 23
50 53
50 60
50 120
50 146
50 156
50 163
50 189
50 288
50 297
50 310
50 384
50 427
50 428
50 457
50 484
51 15
51 21
51 85
51 87
51 108
51 116
51 148
51 160
51 205
51 219
51 227
51 228
51 248
51 259
51 319
51 325
51 334
51 337
51 339
51 361
51 378
51 406
51 409
51 498
52 23
52 56
52 84
52 135
52 141
52 174
52 187
52 193
52 204
52 205
52 225
52 242
52 245
52 254
52 268
52 282
52 312
52 344
52 392
52 395
52 425
52 430
52 461
53 0
53 1
53 5
53 27
53 50
53 74
53 103
53 125
53 138
53 145
53 179
53 250
53 254
53 276
53 350
53 385
53 475
54 3
54 32
54 44
54 91
54 113
54 128
54 141
54 182
54 216
54 250
54 254
54 263
54 311
54 316
54 344
54 348
54 349
54 405
54 413
54 419
54 429
54 432
54 447
54 465
54 476
55 4
55 105
55 114
55 119
55 155
55 158
55 180
55 208
55 227
55 241
55 263
55 322
55 338
55 341
55 349
55 371
55 381
55 420
55 425
55 436
55 439
55 444
55 457
55 460
55 467
56 18
56 42
56 52
56 94
56 107
56 164
56 166
56 173
56 183
56 225
56 253
56 276
56 279
56 310
56 321
56 325
56 345
56 355
56 376
56 398
56 478
56 496
57 2
57 4
57 18
57 29
57 42
57 72
57 87
57 89
57 121
57 139
57 186
57 195
57 220
57 269
57 274
57 318
57 319
57 323
57 331
57 466
57 471
58 26
58 109
58 125
58 127
58 145
58 188
58 216
58 221
58 223
58 225
58 226
58 248
58 256
58 265
58 268
58 338
58 353
58 393
58 394
58 396
58 425
58 465
58 498
59 13
59 15
59 47
59 80
59 124
59 135
59 175
59 195
59 226
59 272
59 295
59 316
59 324
59 339
59 352
59 409
59 419
59 469
59 486
59 497
59 498
60 17
60 35
60 38
60 50
60 89
60 104
60 132
60 156
60 166
60 168
60 169
60 177
60 187
60 200
60 234
60 248
60 267
60 292
60 306
60 338
60 457
60 459
60 462
60 473
61 29
61 70
61 129
61 148
61 184
61 185
61 186
61 192
61 193
61 208
61 218
61 224
61 231
61 232
61 233
61 251
61 257
61 298
61 303
61 315
61 318
61 324
61 340
61 390
61 392
61 427
61 436
61 441
61 444
61 457
61 463
61 475
62 14
62 43
62 68
62 76
62 99
62 107
62 110
62 114
62 123
62 125
62 165
62 185
62 198
62 214
62 216
62 232
62 257
62 268
62 287
62 308
62 314
62 336
62 356
62 361
62 372
62 386
62 408
62 437
62 441
62 455
62 459
62 464
62 489
63 3
63 24
63 31
63 36
63 79
63 82
63 91
63 105
63 111
63 115
63 136
63 164
63 195
63 202
63 225
63 231
63 242
63 257
63 263
63 297
63 312
63 349
63 362
63 404
63 418
63 420
63 430
63 460
63 492
64 9
64 111
64 117
64 136
64 157
64 159
64 190
64 194
64 207
64 222
64 239
64 258
64 266
64 274
64 298
64 299
64 330
64 365
64 368
64 372
64 377
64 471
64 486
64 487
64 492
64 498
65 18
65 81
65 92
65 157
65 183
65 184
65 246
65 278
65 294
65 295
65 314
65 348
65 370
65 384
65 402
65 405
65 426
65 430
65 447
66 15
66 32
66 72
66 73
66 106
66 125
66 134
66 167
66 185
66 187
66 201
66 218
66 237
66 284
66 287
66 295
66 297
66 329
66 332
66 361
66 378
66 398
66 451
66 477
66 490
67 19
67 74
67 118
67 120
67 121
67 123
67 135
67 157
67 162
67 197
67 396
67 413
67 428
67 462
67 488
67 493
68 62
68 72
68 73
68 86
68 114
68 137
68 157
68 206
68 207
68 209
68 241
68 279
68 286
68 294
68 308
68 354
68 364
68 368
68 400
68 401
68 439
68 440
68 442
68 446
68 449
68 450
69 15
69 28
69 35
69 48
69 114
69 127
69 138
69 141
69 170
69 229
69 252
69 253
69 305
69 313
69 329
69 334
69 398
69 429
69 439
69 444
70 12
70 15
70 30
70 36
70 45
70 61
70 78
70 112
70 127
70 178
70 235
70 243
70 262
70 289
70 291
70 306
70 320
70 322
70 331
70 354
70 377
70 388
70 403
70 406
70 429
70 457
70 493
70 495
71 93
71 98
71 123
71 125
71 141
71 149
71 150
71 172
71 185
71 200
71 210
71 233
71 289
71 309
71 313
71 392
71 413
71 415
71 427
71 429
71 430
71 453
71 455
71 478
71 491
72 5
72 11
72 25
72 49
72 57
72 66
72 68
72 110
72 111
72 118
72 184
72 200
72 202
72 218
72 228
72 229
72 252
72 256
72 268
72 270
72 274
72 281
72 307
72 320
72 361
72 375
72 380
72 395
72 442
72 445
72 450
72 465
72 494
73 38
73 47
73 66
73 68
73 77
73 80
73 85
73 114
73 123
73 173
73 208
73 234
73 243
73 261
73 345
73 349
73 467
73 472
73 486
73 493
73 499
74 9
74 28
74 38
74 47
74 53
74 67
74 122
74 131
74 191
74 245
74 246
74 280
74 292
74 306
74 307
74 351
74 356
74 404
74 421
74 431
74 433
74 440
74 468
74 469
74 470
75 10
75 78
75 121
75 144
75 156
75 158
75 166
75 183
75 206
75 227
75 251
75 265
75 279
75 294
75 337
75 364
75 420
75 437
75 449
75 478
76 31
76 62
76 103
76 112
76 114
76 125
76 155
76 161
76 202
76 270
76 284
76 329
76 364
76 368
76 371
76 380
76 403
76 404
76 422
76 425
76 436
76 441
76 450
76 490
77 0
77 11
77 40
77 42
77 46
77 73
77 98
77 104
77 118
77 135
77 163
77 167
77 195
77 210
77 217
77 225
77 234
77 247
77 259
77 272
77 293
77 297
77 299
77 310
77 323
77 337
77 343
77 347
77 383
77 397
77 421
77 429
77 493
78 34
78 40
78 41
78 49
78 70
78 75
78 115
78 159
78 189
78 227
78 228
78 237
78 242
78 250
78 271
78 277
78 292
78 311
78 354
78 388
78 389
78 390
78 445
78 464
78 478
78 491
79 13
79 43
79 63
79 102
79 112
79 128
79 135
79 160
79 211
79 213
79 221
79 226
79 237
79 320
79 325
79 333
79 347
79 392
79 463
79 472
79 478
80 1
80 46
80 59
80 73
80 97
80 120
80 138
80 146
80 168
80 224
80 225
80 229
80 235
80 246
80 265
80 272
80 281
80 309
80 313
80 329
80 337
80 340
80 359
80 384
80 392
80 417
80 418
80 434
80 436
80 440
80 445
80 460
81 5
81 65
81 110
81 113
81 115
81 148
81 163
81 181
81 192
81 200
81 222
81 224
81 250
81 255
81 268
81 302
81 303
81 335
81 345
81 350
81 370
81 374
81 421
81 477
82 9
82 47
82 63
82 126
82 137
82 165
82 204
82 217
82 227
82 256
82 263
82 266
82 280
82 346
82 357
82 360
82 400
82 442
82 448
82 457
82 459
82 480
82 481
82 497
83 15
83 43
83 92
83 97
83 113
83 118
83 120
83 159
83 166
83 186
83 198
83 230
83 236
83 241
83 254
83 279
83 301
83 312
83 314
83 347
83 356
83 433
83 434
83 461
83 463
83 494
84 15
84 52
84 117
84 138
84 146
84 161
84 205
84 215
84 235
84 264
84 313
84 319
84 328
84 342
84 361
84 385
84 394
84 417
84 445
84 447
85 44
85 51
85 73
85 90
85 119
85 130
85 157
85 168
85 182
85 188
85 207
85 215
85 218
85 236
85 261
85 275
85 284
85 315
85 328
85 425
85 432
85 436
85 453
85 463
85 469
85 483
85 492
86 68
86 89
86 95
86 147
86 162
86 164
86 216
86 227
86 233
86 245
86 248
86 251
86 270
86 310
86 320
86 375
86 390
86 397
86 402
86 404
86 449
86 471
86 487
86 495
87 51
87 57
87 89
87 120
87 141
87 149
87 254
87 257
87 307
87 328
87 349
87 378
87 391
87 413
87 420
87 433
87 438
87 445
87 459
87 463
88 18
88 89
88 131
88 141
88 151
88 155
88 163
88 169
88 184
88 189
88 242
88 307
88 358
88 384
88 386
88 388
88 391
88 410
88 430
88 452
88 485
88 487
89 2
89 22
89 42
89 57
89 60
89 86
89 87
89 88
89 92
89 93
89 124
89 128
89 141
89 160
89 248
89 255
89 265
89 323
89 333
89 342
89 348
89 353
89 382
89 452
89 457
90 0
90 8
90 23
90 34
90 85
90 110
90 111
90 118
90 143
90 146
90 162
90 166
90 227
90 229
90 238
90 269
90 310
90 350
90 352
90 376
90 396
90 412
91 3
91 11
91 25
91 43
91 54
91 63
91 121
91 132
91 144
91 161
91 163
91 198
91 252
91 259
91 268
91 270
91 280
91 288
91 307
91 332
91 376
91 401
91 404
91 447
91 451
91 454
91 458
91 461
91 493
91 495
92 13
92 17
92 22
92 40
92 65
92 83
92 89
92 116
92 127
92 147
92 161
92 199
92 239
92 245
92 249
92 254
92 263
92 281
92 305
92 307
92 353
92 384
92 399
92 416
92 437
92 442
92 473
92 490
93 71
93 89
93 106
93 199
93 202
93 206
93 245
93 247
93 284
93 285
93 289
93 310
93 314
93 329
93 343
93 364
93 373
93 410
93 421
93 450
93 452
93 459
93 467
93 468
93 477
93 487
94 10
94 56
94 111
94 139
94 145
94 168
94 182
94 222
94 232
94 289
94 400
94 403
94 408
94 439
94 444
94 456
94 458
94 466
94 476
95 16
95 86
95 107
95 120
95 123
95 126
95 134
95 150
95 152
95 158
95 188
95 191
95 194
95 300
95 311
95 313
95 327
95 382
95 388
95 400
95 435
95 455
95 456
95 462
95 489
96 31
96 47
96 98
96 103
96 104
96 137
96 163
96 177
96 192
96 229
96 246
96 285
96 290
96 314
96 331
96 367
96 368
96 371
96 383
96 416
97 5
97 7
97 22
97 80
97 83
97 110
97 120
97 146
97 170
97 194
97 211
97 221
97 279
97 301
97 308
97 309
97 311
97 332
97 349
97 368
97 375
97 380
97 417
97 444
97 448
97 460
97 469
97 477
97 487
97 488
98 13
98 48
98 49
98 71
98 77
98 96
98 126
98 238
98 258
98 281
98 294
98 326
98 330
98 343
98 352
98 382
98 425
98 464
98 487
99 25
99 62
99 114
99 125
99 135
99 181
99 196
99 214
99 229
99 233
99 238
99 241
99 274
99 281
99 282
99 330
99 340
99 342
99 357
99 387
99 418
99 456
99 461
99 464
99 469
99 480
99 483
100 6
100 9
100 22
100 24
100 30
100 40
100 126
100 143
100 188
100 216
100 225
100 232
100 280
100 339
100 380
100 400
100 408
100 448
100 461
100 491
101 0
101 12
101 39
101 42
101 43
101 49
101 104
101 117
101 134
101 151
101 158
101 183
101 218
101 224
101 251
101 277
101 295
101 317
101 366
101 367
101 378
101 392
101 423
101 430
101 437
101 449
101 464
101 489
101 498
102 11
102 13
102 26
102 79
102 189
102 234
102 239
102 245
102 258
102 262
102 311
102 331
102 399
102 410
102 420
102 443
102 445
102 455
102 486
103 53
103 76
103 96
103 135
103 156
103 157
103 165
103 168
103 240
103 246
103 262
103 281
103 291
103 327
103 340
103 381
103 391
103 405
103 435
103 451
103 469
103 472
103 487
103 488
104 5
104 7
104 23
104 38
104 60
104 77
104 96
104 101
104 140
104 145
104 147
104 155
104 166
104 175
104 177
104 201
104 231
104 246
104 282
104 285
104 291
104 293
104 314
104 322
104 336
104 343
104 350
104 352
104 354
104 356
104 362
104 432
104 472
104 479
104 493
105 55
105 63
105 117
105 156
105 168
105 173
105 182
105 201
105 215
105 297
105 305
105 313
105 342
105 387
105 414
105 415
105 443
105 445
105 453
106 7
106 25
106 66
106 93
106 128
106 129
106 141
106 165
106 174
106 212
106 213
106 215
106 224
106 288
106 304
106 325
106 336
106 360
106 387
106 416
106 429
106 464
107 35
107 56
107 62
107 95
107 131
107 156
107 161
107 173
107 208
107 225
107 233
107 239
107 247
107 261
107 263
107 280
107 288
107 312
107 363
107 399
107 409
107 426
107 430
107 449
107 450
107 451
108 13
108 51
108 114
108 117
108 120
108 138
108 151
108 154
108 170
108 204
108 214
108 235
108 277
108 285
108 293
108 295
108 302
108 343
108 345
108 379
108 400
108 408
108 418
108 448
108 452
108 481
108 486
108 488
109 20
109 47
109 58
109 117
109 152
109 158
109 216
109 272
109 323
109 346
109 374
109 378
109 379
109 386
109 390
109 417
109 447
109 467
109 473
110 27
110 38
110 42
110 62
110 72
110 81
110 90
110 97
110 114
110 122
110 128
110 139
110 183
110 196
110 203
110 215
110 222
110 240
110 249
110 262
110 263
110 264
110 271
110 338
110 349
110 355
110 395
110 417
110 426
110 432
110 434
110 460
110 482
110 492
111 41
111 44
111 63
111 64
111 72
111 90
111 94
111 115
111 130
111 134
111 139
111 140
111 158
111 190
111 191
111 201
111 243
111 251
111 257
111 274
111 327
111 339
111 409
111 414
111 419
111 437
111 438
111 444
111 456
111 497
112 6
112 29
112 38
112 49
112 70
112 76
112 79
112 121
112 141
112 152
112 181
112 197
112 251
112 264
112 270
112 273
112 287
112 294
112 297
112 323
112 350
112 351
112 372
112 440
112 466
112 498
113 16
113 37
113 39
113 45
113 54
113 81
113 83
113 134
113 135
113 146
113 153
113 207
113 236
113 251
113 282
113 293
113 349
113 411
113 416
113 457
113 462
114 8
114 55
114 62
114 68
114 69
114 73
114 76
114 99
114 108
114 110
114 116
114 117
114 126
114 130
114 135
114 187
114 189
114 204
114 209
114 255
114 267
114 276
114 327
114 345
114 396
114 404
114 427
114 461
114 477
114 480
114 484
114 487
115 19
115 39
115 63
115 78
115 81
115 111
115 132
115 141
115 150
115 154
115 172
115 184
115 191
115 208
115 218
115 227
115 230
115 234
115 242
115 248
115 294
115 313
115 317
115 330
115 331
115 334
115 337
115 365
115 368
115 371
115 376
115 393
115 437
115 451
115 456
115 484
116 1
116 25
116 27
116 45
116 51
116 92
116 114
116 133
116 169
116 176
116 177
116 209
116 214
116 220
116 250
116 288
116 289
116 296
116 310
116 316
116 353
116 376
116 378
116 411
116 428
116 442
116 446
117 64
117 84
117 101
117 105
117 108
117 109
117 114
117 132
117 155
117 164
117 168
117 185
117 219
117 258
117 303
117 308
117 322
117 353
117 379
117 381
117 400
117 451
117 453
117 479
117 485
118 9
118 33
118 34
118 44
118 67
118 72
118 77
118 83
118 90
118 136
118 151
118 165
118 167
118 215
118 248
118 332
118 361
118 391
118 393
118 411
118 438
118 439
118 445
118 452
119 55
119 85
119 124
119 171
119 184
119 194
119 198
119 209
119 226
119 238
119 275
119 280
119 285
119 296
119 306
119 314
119 326
119 345
119 370
119 375
119 383
119 420
119 458
119 494
119 495
119 498
120 28
120 36
120 43
120 49
120 50
120 67
120 80
120 83
120 87
120 95
120 97
120 108
120 157
120 170
120 173
120 181
120 194
120 197
120 241
120 269
120 278
120 330
120 352
120 362
120 369
120 429
120 435
120 460
120 491
120 495
121 43
121 57
121 67
121 75
121 91
121 112
121 126
121 148
121 163
121 181
121 207
121 228
121 229
121 259
121 324
121 327
121 412
121 441
121 454
121 470
121 489
121 496
122 36
122 74
122 110
122 131
122 147
122 149
122 150
122 196
122 203
122 261
122 271
122 272
122 309
122 321
122 339
122 353
122 410
122 452
122 459
122 482
122 486
123 3
123 31
123 32
123 40
123 62
123 67
123 71
123 73
123 95
123 138
123 147
123 187
123 201
123 212
123 214
123 220
123 252
123 328
123 360
123 383
123 399
123 410
123 419
123 438
123 442
123 461
123 470
123 486
123 491
124 33
124 59
124 89
124 119
124 143
124 159
124 188
124 201
124 224
124 244
124 258
124 277
124 286
124 297
124 325
124 340
124 341
124 351
124 374
124 436
124 453
124 477
124 487
124 499
125 0
125 11
125 53
125 58
125 62
125 66
125 71
125 76
125 99
125 150
125 151
125 178
125 179
125 185
125 249
125 297
125 313
125 320
125 325
125 335
125 352
125 359
125 425
125 429
125 465
125 475
125 480
125 487
125 493
126 15
126 38
126 82
126 95
126 98
126 100
126 114
126 121
126 136
126 219
126 279
126 285
126 294
126 335
126 336
126 379
126 413
126 431
126 442
126 445
126 465
126 483
126 494
127 4
127 22
127 24
127 29
127 30
127 43
127 58
127 69
127 70
127 92
127 139
127 151
127 188
127 202
127 208
127 228
127 235
127 240
127 243
127 262
127 269
127 300
127 314
127 321
127 354
127 389
127 404
127 418
127 427
128 17
128 24
128 38
128 54
128 79
128 89
128 106
128 110
128 186
128 216
128 245
128 252
128 259
128 265
128 281
128 293
128 322
128 336
128 344
128 370
128 373
128 381
128 412
128 456
128 458
128 470
129 5
129 16
129 24
129 33
129 61
129 106
129 139
129 178
129 182
129 202
129 213
129 234
129 277
129 294
129 305
129 315
129 368
129 440
129 481
129 497
129 498
129 499
130 9
130 85
130 111
130 114
130 217
130 249
130 263
130 265
130 266
130 288
130 315
130 319
130 322
130 385
130 394
130 401
130 458
130 469
130 470
130 474
131 2
131 43
131 74
131 88
131 107
131 122
131 194
131 197
131 215
131 228
131 249
131 288
131 368
131 407
131 412
131 430
131 445
131 480
131 481
131 497
132 12
132 14
132 18
132 24
132 32
132 37
132 49
132 60
132 91
132 115
132 117
132 159
132 162
132 181
132 184
132 197
132 207
132 222
132 245
132 253
132 264
132 285
132 293
132 297
132 306
132 323
132 367
132 379
132 383
132 405
132 406
132 430
132 446
132 462
132 470
132 477
132 480
132 485
132 488
133 6
133 9
133 16
133 116
133 146
133 160
133 165
133 187
133 207
133 243
133 245
133 260
133 266
133 294
133 295
133 307
133 340
133 369
133 387
133 401
133 457
133 469
133 482
134 10
134 15
134 25
134 66
134 95
134 101
134 111
134 113
134 137
134 157
134 204
134 205
134 213
134 246
134 254
134 263
134 286
134 288
134 294
134 299
134 301
134 302
134 308
134 314
134 316
134 366
134 372
134 398
134 414
134 419
134 428
134 430
134 461
134 474
134 476
135 48
135 52
135 59
135 67
135 77
135 79
135 99
135 103
135 113
135 114
135 209
135 233
135 247
135 250
135 253
135 255
135 289
135 343
135 354
135 367
135 388
135 427
135 447
135 490
135 492
135 494
136 28
136 63
136 64
136 118
136 126
136 151
136 176
136 178
136 219
136 240
136 258
136 267
136 275
136 290
136 294
136 358
136 372
136 373
136 383
136 384
136 394
136 397
136 460
136 489
136 491
137 13
137 68
137 82
137 96
137 134
137 149
137 163
137 185
137 208
137 209
137 247
137 263
137 272
137 286
137 289
137 300
137 305
137 321
137 392
137 399
137 435
137 437
137 453
137 469
137 473
137 499
138 7
138 39
138 53
138 69
138 80
138 84
138 108
138 123
138 168
138 172
138 177
138 188
138 204
138 212
138 214
138 218
138 220
138 228
138 278
138 288
138 289
138 315
138 335
138 342
138 352
138 375
138 388
138 394
138 414
138 419
138 469
138 479
138 485
139 24
139 25
139 34
139 35
139 38
139 57
139 94
139 110
139 111
139 127
139 129
139 158
139 165
139 175
139 185
139 188
139 216
139 243
139 266
139 299
139 308
139 327
139 342
139 358
139 365
139 425
139 433
139 482
140 104
140 111
140 152
140 153
140 155
140 165
140 175
140 209
140 215
140 221
140 270
140 277
140 284
140 308
140 323
140 355
140 409
140 421
140 427
140 433
140 452
140 486
141 2
141 39
141 52
141 54
141 69
141 71
141 87
141 88
141 89
141 106
141 112
141 115
141 207
141 229
141 231
141 243
141 257
141 259
141 280
141 304
141 306
141 317
141 344
141 346
141 350
141 421
141 429
142 8
142 27
142 41
142 152
142 168
142 170
142 237
142 291
142 298
142 328
142 333
142 367
142 392
142 396
142 401
142 440
143 33
143 90
143 100
143 124
143 145
143 191
143 246
143 269
143 271
143 285
143 295
143 348
143 360
143 408
143 422
143 423
143 438
143 439
143 461
143 469
143 476
144 27
144 75
144 91
144 146
144 149
144 203
144 216
144 226
144 251
144 254
144 270
144 281
144 291
144 293
144 300
144 335
144 336
144 338
144 355
144 477
145 37
145 46
145 53
145 58
145 94
145 104
145 143
145 148
145 172
145 180
145 191
145 210
145 221
145 223
145 230
145 234
145 240
145 253
145 290
145 409
145 444
145 456
146 43
146 50
146 80
146 84
146 90
146 97
146 113
146 133
146 144
146 188
146 194
146 222
146 233
146 242
146 243
146 275
146 316
146 328
146 473
146 487
147 23
147 86
147 92
147 104
147 122
147 123
147 156
147 190
147 196
147 198
147 294
147 325
147 331
147 383
147 390
147 393
147 429
147 465
147 472
147 497
148 2
148 41
148 51
148 61
148 81
148 121
148 145
148 159
148 167
148 168
148 179
148 190
148 198
148 212
148 225
148 255
148 291
148 336
148 339
148 348
148 365
148 370
148 372
148 388
148 414
148 421
148 427
148 431
148 436
148 464
148 470
149 4
149 35
149 47
149 71
149 87
149 122
149 137
149 144
149 163
149 166
149 169
149 172
149 192
149 195
149 225
149 262
149 341
149 354
149 417
149 433
149 434
149 451
149 466
149 470
149 489
150 0
150 22
150 23
150 71
150 95
150 115
150 122
150 125
150 219
150 236
150 252
150 267
150 283
150 295
150 325
150 327
150 405
150 408
150 414
150 421
150 454
150 468
150 493
151 3
151 8
151 88
151 101
151 108
151 118
151 125
151 127
151 136
151 160
151 162
151 168
151 187
151 223
151 224
151 229
151 241
151 243
151 249
151 254
151 263
151 271
151 277
151 284
151 293
151 303
151 316
151 365
151 424
151 431
151 467
151 469
152 21
152 41
152 95
152 109
152 112
152 140
152 142
152 168
152 189
152 199
152 230
152 250
152 251
152 286
152 296
152 321
152 338
152 380
152 396
152 472
152 482
152 494
153 7
153 113
153 140
153 166
153 172
153 179
153 217
153 220
153 242
153 261
153 264
153 267
153 291
153 311
153 341
153 387
153 456
153 459
153 464
153 480
153 499
154 4
154 22
154 49
154 108
154 115
154 175
154 181
154 201
154 209
154 210
154 238
154 281
154 302
154 318
154 319
154 332
154 354
154 371
154 396
154 417
154 423
154 431
154 441
154 446
154 463
154 477
154 483
154 487
154 493
155 6
155 12
155 43
155 55
155 76
155 88
155 104
155 117
155 140
155 180
155 182
155 186
155 195
155 206
155 232
155 251
155 284
155 288
155 334
155 356
155 380
155 388
155 452
155 470
155 487
156 50
156 60
156 75
156 103
156 105
156 107
156 147
156 177
156 216
156 244
156 249
156 260
156 265
156 313
156 325
156 347
156 357
156 402
156 420
156 422
156 427
156 431
156 445
156 452
156 485
157 0
157 64
157 65
157 67
157 68
157 85
157 103
157 120
157 134
157 160
157 182
157 207
157 217
157 226
157 255
157 275
157 277
157 309
157 328
157 368
157 369
157 377
157 391
157 392
157 404
157 414
157 419
157 431
157 434
157 437
157 443
157 457
157 464
157 465
157 485
158 14
158 34
158 44
158 55
158 75
158 95
158 101
158 109
158 111
158 139
158 166
158 206
158 237
158 242
158 249
158 256
158 261
158 272
158 309
158 374
158 415
158 423
158 441
158 473
158 483
158 492
158 496
159 17
159 32
159 35
159 64
159 78
159 83
159 124
159 132
159 148
159 161
159 167
159 182
159 196
159 214
159 223
159 225
159 268
159 278
159 312
159 320
159 349
159 359
159 368
159 469
159 474
159 484
159 485
160 11
160 15
160 26
160 35
160 51
160 79
160 89
160 133
160 151
160 157
160 187
160 193
160 230
160 236
160 247
160 299
160 333
160 353
160 380
160 383
160 385
160 421
160 423
160 427
160 446
161 2
161 76
161 84
161 91
161 92
161 107
161 159
161 176
161 186
161 194
161 202
161 227
161 231
161 271
161 276
161 351
161 424
161 429
161 461
161 482
162 10
162 28
162 29
162 67
162 86
162 90
162 132
162 151
162 170
162 208
162 272
162 277
162 278
162 301
162 315
162 325
162 345
162 368
162 384
162 385
162 394
162 410
162 464
162 472
162 487
163 5
163 23
163 31
163 50
163 77
163 81
163 88
163 91
163 96
163 121
163 137
163 149
163 176
163 179
163 196
163 226
163 230
163 248
163 280
163 283
163 284
163 293
163 314
163 342
163 348
163 420
163 449
163 454
163 478
163 485
163 486
164 27
164 56
164 63
164 86
164 117
164 192
164 257
164 271
164 301
164 314
164 362
164 365
164 427
164 447
164 452
164 475
164 495
165 24
165 27
165 31
165 36
165 62
165 82
165 103
165 106
165 118
165 133
165 139
165 140
165 167
165 172
165 176
165 200
165 229
165 272
165 278
165 312
165 313
165 315
165 346
165 369
165 379
165 385
165 433
165 438
165 442
166 9
166 11
166 30
166 37
166 47
166 48
166 56
166 60
166 75
166 83
166 90
166 104
166 149
166 153
166 158
166 206
166 297
166 387
166 396
166 427
166 436
166 438
166 467
166 470
166 475
166 481
167 0
167 4
167 29
167 66
167 77
167 118
167 148
167 159
167 165
167 198
167 201
167 242
167 250
167 254
167 272
167 309
167 329
167 337
167 400
167 406
167 426
167 469
167 488
167 492
168 19
168 24
168 60
168 80
168 85
168 94
168 103
168 105
168 117
168 138
168 142
168 148
168 151
168 152
168 182
168 184
168 190
168 201
168 213
168 253
168 268
168 273
168 288
168 335
168 352
168 359
168 385
168 398
168 438
168 445
168 469
169 11
169 49
169 60
169 88
169 116
169 149
169 191
169 215
169 219
169 225
169 231
169 237
169 263
169 277
169 350
169 353
169 385
169 478
169 495
169 497
170 15
170 21
170 26
170 39
170 69
170 97
170 108
170 120
170 142
170 162
170 181
170 202
170 220
170 270
170 272
170 358
170 378
170 412
170 431
170 461
170 467
170 472
170 495
170 496
171 16
171 27
171 32
171 44
171 49
171 119
171 172
171 209
171 255
171 259
171 261
171 264
171 293
171 301
171 303
171 330
171 346
171 400
171 407
171 413
171 446
171 473
171 491
171 497
172 1
172 46
172 71
172 115
172 138
172 145
172 149
172 153
172 165
172 171
172 232
172 237
172 250
172 262
172 263
172 293
172 329
172 342
172 343
172 344
172 347
172 358
172 407
172 423
172 454
172 455
172 476
173 14
173 28
173 41
173 56
173 73
173 105
173 107
173 120
173 212
173 215
173 223
173 227
173 285
173 298
173 300
173 320
173 330
173 332
173 337
173 346
173 351
173 381
173 416
173 426
173 443
173 469
173 479
174 30
174 46
174 52
174 106
174 187
174 200
174 236
174 277
174 310
174 328
174 342
174 350
174 354
174 358
174 363
174 377
174 391
174 394
174 428
174 460
174 465
174 470
175 3
175 17
175 59
175 104
175 139
175 140
175 154
175 182
175 194
175 239
175 274
175 275
175 307
175 313
175 319
175 324
175 325
175 361
175 379
175 396
175 411
175 431
175 444
175 456
175 472
175 497
176 40
176 116
176 136
176 161
176 163
176 165
176 182
176 203
176 214
176 248
176 256
176 268
176 285
176 299
176 320
176 321
176 336
176 377
176 388
176 407
176 434
176 455
176 466
176 477
177 29
177 60
177 96
177 104
177 116
177 138
177 156
177 183
177 212
177 220
177 249
177 254
177 280
177 292
177 306
177 322
177 334
177 340
177 341
177 381
177 384
177 468
177 472
177 484
177 487
177 488
178 20
178 32
178 70
178 125
178 129
178 136
178 288
178 303
178 309
178 315
178 322
178 342
178 398
178 436
178 442
178 444
178 449
178 461
178 464
178 483
178 493
178 499
179 31
179 33
179 45
179 53
179 125
179 148
179 153
179 163
179 222
179 229
179 231
179 237
179 285
179 288
179 307
179 326
179 346
179 350
179 387
179 388
179 396
179 399
179 442
179 470
180 15
180 33
180 38
180 55
180 145
180 155
180 250
180 252
180 253
180 329
180 332
180 340
180 343
180 348
180 354
180 381
180 388
180 410
180 452
180 475
181 3
181 23
181 33
181 34
181 35
181 81
181 99
181 112
181 120
181 121
181 132
181 154
181 170
181 185
181 232
181 233
181 237
181 280
181 292
181 344
181 354
181 364
181 368
181 467
181 488
181 490
181 494
182 1
182 4
182 30
182 37
182 54
182 85
182 94
182 105
182 129
182 155
182 157
182 159
182 168
182 175
182 176
182 197
182 222
182 233
182 240
182 276
182 290
182 294
182 301
182 306
182 316
182 330
182 390
182 457
182 497
183 43
183 56
183 65
183 75
183 101
183 110
183 177
183 186
183 209
183 260
183 284
183 302
183 320
183 341
183 342
183 357
183 378
183 469
183 478
183 483
183 485
184 8
184 16
184 42
184 61
184 65
184 72
184 88
184 115
184 119
184 132
184 168
184 215
184 246
184 304
184 305
184 314
184 374
184 415
184 444
184 484
185 1
185 8
185 61
185 62
185 66
185 71
185 117
185 125
185 137
185 139
185 181
185 204
185 239
185 285
185 309
185 360
185 404
185 484
185 488
185 494
186 20
186 21
186 57
186 61
186 83
186 128
186 155
186 161
186 183
186 218
186 220
186 222
186 228
186 229
186 241
186 242
186 257
186 273
186 337
186 352
186 363
186 374
186 419
186 433
186 437
186 480
186 488
186 494
187 1
187 12
187 16
187 42
187 45
187 52
187 60
187 66
187 114
187 123
187 133
187 151
187 160
187 174
187 217
187 233
187 237
187 242
187 250
187 254
187 255
187 273
187 278
187 302
187 319
187 322
187 331
187 352
187 356
187 367
187 378
187 427
187 439
187 447
187 461
187 474
187 478
188 10
188 16
188 20
188 41
188 58
188 85
188 95
188 100
188 124
188 127
188 138
188 139
188 146
188 223
188 229
188 253
188 259
188 267
188 268
188 325
188 374
188 380
188 397
188 399
188 416
188 438
188 475
188 484
189 10
189 14
189 35
189 50
189 78
189 88
189 102
189 114
189 152
189 190
189 196
189 197
189 202
189 238
189 245
189 254
189 266
189 300
189 318
189 323
189 337
189 347
189 364
189 378
189 384
189 386
189 399
189 411
189 424
189 425
189 440
189 445
189 484
189 492
189 493
190 64
190 111
190 147
190 148
190 168
190 189
190 215
190 224
190 238
190 239
190 247
190 248
190 285
190 295
190 307
190 315
190 319
190 336
190 364
190 380
190 386
190 402
190 416
190 478
191 3
191 19
191 32
191 33
191 34
191 45
191 74
191 95
191 111
191 115
191 143
191 145
191 169
191 220
191 251
191 303
191 321
191 331
191 340
191 350
191 377
191 386
191 410
191 438
191 440
191 447
191 452
191 494
192 2
192 4
192 39
192 61
192 81
192 96
192 149
192 164
192 213
192 226
192 238
192 251
192 265
192 270
192 293
192 300
192 307
192 309
192 319
192 337
192 355
192 362
192 385
192 396
192 406
192 410
192 487
193 52
193 61
193 160
193 222
193 253
193 259
193 261
193 275
193 298
193 350
193 378
193 424
193 432
193 461
194 0
194 3
194 18
194 41
194 64
194 95
194 97
194 119
194 120
194 131
194 146
194 161
194 175
194 218
194 223
194 242
194 243
194 259
194 274
194 289
194 296
194 326
194 329
194 334
194 335
194 342
194 352
194 361
194 368
194 373
194 396
194 401
194 402
194 404
194 416
194 428
194 435
194 436
194 439
194 451
194 464
194 465
195 6
195 57
195 59
195 63
195 77
195 149
195 155
195 196
195 204
195 217
195 221
195 224
195 238
195 272
195 276
195 303
195 310
195 318
195 320
195 323
195 355
195 376
195 381
195 397
195 416
195 432
195 452
196 5
196 12
196 15
196 16
196 18
196 45
196 99
196 110
196 122
196 147
196 159
196 163
196 189
196 195
196 203
196 230
196 240
196 250
196 259
196 263
196 278
196 304
196 383
196 394
196 416
196 444
196 451
196 494
197 15
197 22
197 43
197 67
197 112
197 120
197 131
197 132
197 182
197 189
197 226
197 229
197 231
197 247
197 253
197 268
197 322
197 336
197 361
197 368
197 431
197 443
197 460
197 483
197 492
198 29
198 34
198 62
198 83
198 91
198 119
198 147
198 148
198 167
198 209
198 225
198 226
198 229
198 244
198 257
198 263
198 275
198 283
198 285
198 290
198 328
198 335
198 354
198 370
198 394
198 417
198 419
198 420
198 443
198 451
198 453
198 464
198 475
198 484
198 491
199 11
199 92
199 93
199 152
199 202
199 218
199 236
199 285
199 286
199 301
199 321
199 373
199 388
199 392
199 436
199 440
199 493
200 25
200 60
200 71
200 72
200 81
200 165
200 174
200 208
200 209
200 249
200 261
200 287
200 314
200 324
200 344
200 349
200 352
200 369
200 375
200 396
200 417
200 475
201 26
201 66
201 104
201 105
201 111
201 123
201 124
201 154
201 167
201 168
201 210
201 211
201 240
201 243
201 250
201 257
201 258
201 261
201 275
201 315
201 371
201 382
201 399
201 412
201 415
201 442
201 468
202 3
202 42
202 63
202 72
202 76
202 93
202 127
202 129
202 161
202 170
202 189
202 199
202 210
202 221
202 247
202 294
202 315
202 347
202 350
202 357
202 387
202 459
202 461
202 464
202 472
202 490
202 494
203 32
203 44
203 110
203 122
203 144
203 176
203 196
203 204
203 222
203 226
203 244
203 257
203 261
203 265
203 278
203 287
203 316
203 324
203 326
203 338
203 348
203 351
203 369
203 392
203 417
203 424
203 438
203 480
203 485
204 1
204 7
204 52
204 82
204 108
204 114
204 134
204 138
204 185
204 195
204 203
204 209
204 215
204 249
204 254
204 271
204 274
204 306
204 308
204 347
204 378
204 381
204 399
204 409
204 413
204 415
204 456
204 475
204 490
205 51
205 52
205 84
205 134
205 258
205 267
205 282
205 288
205 310
205 312
205 343
205 350
205 364
205 380
205 394
205 431
205 485
206 10
206 11
206 22
206 68
206 75
206 93
206 155
206 158
206 166
206 233
206 295
206 360
206 371
206 394
206 400
206 441
206 455
206 462
206 475
206 477
206 485
207 0
207 27
207 43
207 64
207 68
207 85
207 113
207 121
207 132
207 133
207 141
207 157
207 218
207 308
207 326
207 353
207 379
207 390
207 400
207 418
207 462
207 467
208 19
208 20
208 27
208 55
208 61
208 73
208 107
208 115
208 127
208 137
208 162
208 200
208 236
208 247
208 260
208 285
208 292
208 304
208 332
208 367
208 378
208 385
208 389
208 396
208 404
208 409
208 418
208 426
208 435
208 454
208 481
208 488
208 492
209 47
209 68
209 114
209 116
209 119
209 135
209 137
209 140
209 154
209 171
209 183
209 198
209 200
209 204
209 255
209 267
209 274
209 276
209 305
209 307
209 312
209 333
209 387
209 408
209 429
209 456
209 460
209 464
209 493
210 46
210 71
210 77
210 145
210 154
210 201
210 202
210 217
210 268
210 279
210 290
210 328
210 329
210 343
210 349
210 363
210 366
210 370
210 384
210 401
210 413
210 415
210 425
210 426
210 439
210 477
210 483
210 490
210 492
211 0
211 8
211 14
211 79
211 97
211 201
211 218
211 251
211 302
211 306
211 365
211 378
211 381
211 402
211 460
211 476
212 5
212 33
212 41
212 106
212 123
212 138
212 148
212 173
212 177
212 239
212 243
212 250
212 279
212 309
212 317
212 338
212 347
212 368
212 370
212 377
212 391
212 424
212 450
212 493
212 494
213 9
213 13
213 40
213 46
213 79
213 106
213 129
213 134
213 168
213 192
213 215
213 221
213 230
213 232
213 239
213 293
213 307
213 341
213 385
213 404
213 405
213 435
214 31
214 62
214 99
214 108
214 116
214 123
214 138
214 159
214 176
214 244
214 263
214 265
214 271
214 290
214 333
214 377
214 389
214 396
214 401
214 434
214 463
215 1
215 84
215 85
215 105
215 106
215 110
215 118
215 131
215 140
215 169
215 173
215 184
215 190
215 204
215 213
215 244
215 246
215 250
215 289
215 332
215 335
215 360
215 406
215 435
215 436
215 443
215 447
215 491
216 54
216 58
216 62
216 86
216 100
216 109
216 128
216 139
216 144
216 156
216 236
216 262
216 295
216 345
216 348
216 375
216 378
216 384
216 394
216 404
216 405
216 413
216 450
216 477
216 497
217 7
217 77
217 82
217 130
217 153
217 157
217 187
217 195
217 210
217 222
217 245
217 330
217 341
217 372
217 385
217 388
217 399
217 404
217 444
217 462
217 491
217 493
218 8
218 13
218 31
218 61
218 66
218 72
218 85
218 101
218 115
218 138
218 186
218 194
218 199
218 207
218 211
218 275
218 292
218 293
218 304
218 350
218 392
218 397
218 417
218 464
218 492
219 12
219 51
219 117
219 126
219 136
219 150
219 169
219 229
219 250
219 293
219 304
219 316
219 335
219 353
219 380
219 382
219 391
219 394
219 416
219 424
220 8
220 41
220 47
220 57
220 116
220 123
220 138
220 153
220 170
220 177
220 186
220 191
220 244
220 247
220 278
220 287
220 290
220 294
220 299
220 319
220 335
220 344
220 347
220 370
220 411
220 418
220 420
220 426
220 462
220 485
221 25
221 58
221 79
221 97
221 140
221 145
221 195
221 202
221 213
221 227
221 234
221 249
221 253
221 257
221 274
221 281
221 292
221 297
221 308
221 314
221 317
221 333
221 338
221 339
221 354
221 368
221 383
221 388
221 389
221 407
221 415
221 435
221 450
221 458
221 493
221 496
222 11
222 38
222 40
222 43
222 64
222 81
222 94
222 110
222 132
222 146
222 179
222 182
222 186
222 193
222 203
222 217
222 241
222 244
222 285
222 286
222 320
222 343
222 346
222 354
222 362
222 382
222 418
222 445
222 466
223 10
223 37
223 44
223 58
223 145
223 151
223 159
223 173
223 188
223 194
223 247
223 260
223 285
223 308
223 314
223 347
223 353
223 363
223 399
223 418
223 419
223 426
223 428
223 431
223 437
223 442
223 468
223 487
224 12
224 30
224 35
224 61
224 80
224 81
224 101
224 106
224 124
224 151
224 190
224 195
224 227
224 250
224 289
224 297
224 301
224 302
224 337
224 350
224 358
224 360
224 367
224 385
224 393
224 407
224 424
224 449
224 451
224 497
225 13
225 24
225 52
225 56
225 58
225 63
225 77
225 80
225 100
225 107
225 148
225 149
225 159
225 169
225 198
225 265
225 273
225 279
225 281
225 301
225 307
225 320
225 330
225 336
225 360
225 368
225 377
225 387
225 391
225 403
225 413
225 430
225 449
225 471
225 493
226 2
226 39
226 44
226 45
226 58
226 59
226 79
226 119
226 144
226 157
226 163
226 192
226 197
226 198
226 203
226 234
226 250
226 279
226 367
226 388
226 391
226 424
226 429
226 464
226 467
227 13
227 19
227 30
227 32
227 34
227 51
227 55
227 75
227 78
227 82
227 86
227 90
227 115
227 161
227 173
227 221
227 224
227 254
227 263
227 266
227 270
227 273
227 283
227 313
227 334
227 375
227 418
227 426
227 434
227 445
227 462
228 2
228 11
228 24
228 35
228 51
228 72
228 78
228 121
228 127
228 131
228 138
228 186
228 233
228 254
228 281
228 303
228 312
228 334
228 347
228 376
228 377
228 392
228 403
228 406
228 415
228 461
228 476
228 480
228 481
229 11
229 19
229 69
229 72
229 80
229 90
229 96
229 99
229 121
229 141
229 151
229 165
229 179
229 186
229 188
229 197
229 198
229 219
229 269
229 284
229 290
229 307
229 318
229 326
229 344
229 353
229 365
229 381
229 393
229 425
229 484
229 496
230 9
230 83
230 115
230 145
230 152
230 160
230 163
230 196
230 213
230 250
230 286
230 292
230 311
230 312
230 317
230 323
230 392
230 424
230 439
230 451
230 470
230 471
230 491
231 61
231 63
231 104
231 141
231 161
231 169
231 179
231 197
231 237
231 276
231 294
231 296
231 303
231 315
231 330
231 347
231 399
231 410
231 432
231 473
231 479
231 486
232 7
232 8
232 13
232 61
232 62
232 94
232 100
232 155
232 172
232 181
232 213
232 321
232 342
232 351
232 358
232 362
232 376
232 381
232 407
232 411
232 427
232 439
232 459
232 465
233 2
233 42
233 46
233 61
233 71
233 86
233 99
233 107
233 135
233 146
233 181
233 182
233 187
233 206
233 228
233 250
233 257
233 271
233 273
233 279
233 292
233 296
233 297
233 338
233 339
233 361
233 363
233 372
233 376
233 386
233 414
233 419
233 422
233 469
234 2
234 30
234 36
234 40
234 60
234 73
234 77
234 102
234 115
234 129
234 145
234 221
234 226
234 243
234 255
234 258
234 263
234 268
234 270
234 288
234 335
234 357
234 377
234 381
234 392
234 394
234 424
234 431
234 460
234 473
234 489
234 493
235 5
235 14
235 48
235 70
235 80
235 84
235 108
235 127
235 274
235 308
235 313
235 316
235 399
235 424
235 427
235 428
235 435
235 437
235 468
236 21
236 26
236 33
236 83
236 85
236 113
236 150
236 160
236 174
236 199
236 208
236 216
236 247
236 250
236 253
236 311
236 315
236 334
236 337
236 342
236 357
236 382
236 390
236 395
236 397
236 433
237 11
237 35
237 39
237 41
237 66
237 78
237 79
237 142
237 158
237 169
237 172
237 179
237 181
237 187
237 231
237 275
237 291
237 305
237 361
237 411
237 477
237 496
238 11
238 42
238 90
238 98
238 99
238 119
238 154
238 189
238 190
238 192
238 195
238 249
238 262
238 265
238 281
238 296
238 307
238 321
238 334
238 336
238 338
238 348
238 359
238 368
238 391
238 423
238 438
238 470
238 483
238 492
238 498
239 0
239 3
239 33
239 41
239 44
239 64
239 92
239 102
239 107
239 175
239 185
239 190
239 212
239 213
239 286
239 287
239 332
239 340
239 372
239 388
239 404
239 415
239 425
239 427
239 432
239 473
239 483
239 499
240 8
240 103
240 110
240 127
240 136
240 145
240 182
240 196
240 201
240 257
240 264
240 285
240 292
240 300
240 303
240 310
240 337
240 361
240 377
240 407
240 425
240 437
240 485
240 498
241 5
241 6
241 43
241 55
241 68
241 83
241 99
241 120
241 151
241 186
241 222
241 246
241 253
241 272
241 276
241 314
241 323
241 331
241 356
241 377
241 384
241 404
241 415
241 420
241 443
241 473
241 475
241 478
241 492
242 6
242 22
242 26
242 31
242 39
242 52
242 63
242 78
242 88
242 115
242 146
242 153
242 158
242 167
242 186
242 187
242 194
242 257
242 268
242 286
242 300
242 326
242 330
242 350
242 370
242 429
242 466
243 5
243 21
243 22
243 30
243 35
243 45
243 70
243 73
243 111
243 127
243 133
243 139
243 141
243 146
243 151
243 194
243 201
243 212
243 234
243 256
243 291
243 302
243 333
243 337
243 356
243 384
243 413
243 457
243 471
244 30
244 33
244 124
244 156
244 198
244 203
244 214
244 215
244 220
244 222
244 288
244 292
244 313
244 347
244 361
244 379
244 384
244 390
244 432
244 455
244 459
244 460
244 469
244 473
244 494
245 17
245 23
245 52
245 74
245 86
245 92
245 93
245 102
245 128
245 132
245 133
245 189
245 217
245 273
245 282
245 294
245 302
245 325
245 372
245 385
245 392
245 398
245 412
245 422
245 424
245 431
245 447
245 461
245 477
245 498
246 27
246 65
246 74
246 80
246 96
246 103
246 104
246 134
246 143
246 184
246 215
246 241
246 292
246 342
246 349
246 360
246 366
246 371
246 374
246 390
246 419
246 459
246 474
247 4
247 15
247 27
247 48
247 77
247 93
247 107
247 135
247 137
247 160
247 190
247 197
247 202
247 208
247 220
247 223
247 236
247 272
247 352
247 371
247 382
247 412
247 421
247 453
247 461
247 471
247 479
247 481
247 482
248 8
248 51
248 58
248 60
248 86
248 89
248 115
248 118
248 163
248 176
248 190
248 284
248 321
248 349
248 359
248 379
248 393
248 423
248 425
248 436
248 446
248 454
248 476
249 4
249 28
249 41
249 92
249 110
249 125
249 130
249 131
249 151
249 156
249 158
249 177
249 200
249 204
249 221
249 238
249 253
249 256
249 258
249 302
249 307
249 379
249 419
249 427
249 475
249 486
249 491
249 497
250 6
250 53
250 54
250 78
250 81
250 116
250 135
250 152
250 167
250 172
250 180
250 187
250 196
250 201
250 212
250 215
250 219
250 224
250 226
250 230
250 233
250 236
250 275
250 310
250 311
250 336
250 354
250 367
250 370
250 424
250 426
250 438
250 447
251 13
251 40
251 61
251 75
251 86
251 101
251 111
251 112
251 113
251 144
251 152
251 155
251 191
251 192
251 211
251 270
251 286
251 309
251 345
251 413
251 479
252 7
252 32
252 69
252 72
252 91
252 123
252 128
252 150
252 180
252 262
252 351
252 357
252 372
252 397
252 414
252 441
252 442
252 479
253 12
253 32
253 49
253 56
253 69
253 132
253 135
253 145
253 168
253 180
253 188
253 193
253 197
253 221
253 236
253 241
253 249
253 293
253 295
253 317
253 347
253 354
253 358
253 410
253 417
253 434
253 471
253 476
253 488
254 52
254 53
254 54
254 83
254 87
254 92
254 134
254 144
254 151
254 167
254 177
254 187
254 189
254 204
254 227
254 228
254 264
254 297
254 315
254 376
254 377
254 379
254 382
254 397
254 405
254 414
254 455
254 464
254 476
254 488
254 491
254 493
254 495
255 81
255 89
255 114
255 135
255 148
255 157
255 171
255 187
255 209
255 234
255 268
255 274
255 289
255 290
255 310
255 341
255 359
255 383
255 412
255 434
255 445
255 492
256 12
256 22
256 58
256 72
256 82
256 158
256 176
256 243
256 249
256 260
256 299
256 334
256 350
256 374
256 429
256 439
256 446
256 494
257 13
257 61
257 62
257 63
257 87
257 111
257 141
257 164
257 186
257 198
257 201
257 203
257 221
257 233
257 240
257 242
257 275
257 303
257 306
257 327
257 365
257 391
257 395
257 418
257 433
257 467
258 21
258 26
258 47
258 64
258 98
258 102
258 117
258 124
258 136
258 201
258 205
258 234
258 249
258 274
258 321
258 339
258 388
258 401
258 417
258 419
258 428
258 429
258 430
258 445
258 446
258 460
258 472
258 492
259 23
259 43
259 51
259 77
259 91
259 121
259 128
259 141
259 171
259 188
259 193
259 194
259 196
259 270
259 319
259 326
259 329
259 336
259 344
259 357
259 360
259 386
259 387
259 495
260 16
260 17
260 44
260 133
260 156
260 183
260 208
260 223
260 256
260 262
260 266
260 300
260 313
260 360
260 369
260 373
260 392
260 397
260 400
260 434
261 16
261 28
261 42
261 73
261 85
261 107
261 122
261 153
261 158
261 171
261 193
261 200
261 201
261 203
261 287
261 306
261 385
261 488
261 491
262 23
262 24
262 26
262 34
262 41
262 70
262 102
262 103
262 110
262 127
262 149
262 172
262 216
262 238
262 252
262 260
262 308
262 355
262 357
262 372
262 405
262 434
262 448
262 474
262 497
263 5
263 46
263 54
263 55
263 63
263 82
263 92
263 107
263 110
263 130
263 134
263 137
263 151
263 169
263 172
263 196
263 198
263 214
263 227
263 234
263 272
263 279
263 296
263 306
263 312
263 314
263 343
263 348
263 349
263 364
263 374
263 399
264 31
264 46
264 84
264 110
264 112
264 132
264 153
264 171
264 240
264 254
264 288
264 296
264 334
264 348
264 431
264 433
264 439
264 452
264 460
264 482
265 12
265 22
265 23
265 27
265 33
265 43
265 58
265 75
265 80
265 89
265 128
265 130
265 156
265 192
265 203
265 214
265 225
265 238
265 271
265 273
265 282
265 289
265 293
265 307
265 308
265 318
265 353
265 354
265 357
265 358
265 369
265 373
265 400
265 414
265 449
265 457
265 466
265 482
266 64
266 82
266 130
266 133
266 139
266 189
266 227
266 260
266 267
266 278
266 319
266 335
266 365
266 413
266 420
266 435
266 472
266 486
267 1
267 9
267 60
267 114
267 136
267 150
267 153
267 188
267 205
267 209
267 266
267 273
267 278
267 296
267 309
267 321
267 335
267 337
267 342
267 363
267 402
267 414
267 430
267 467
267 493
268 1
268 52
268 58
268 62
268 72
268 81
268 91
268 159
268 168
268 176
268 188
268 197
268 210
268 234
268 242
268 255
268 281
268 325
268 328
268 353
268 363
268 398
268 411
268 421
268 425
268 429
268 448
268 466
268 483
269 21
269 57
269 90
269 120
269 127
269 143
269 229
269 277
269 281
269 320
269 334
269 374
269 376
269 382
269 421
269 431
269 444
269 472
269 487
270 23
270 25
270 72
270 76
270 86
270 91
270 112
270 140
270 144
270 170
270 192
270 227
270 234
270 251
270 259
270 282
270 293
270 331
270 341
270 360
270 362
270 368
270 374
270 415
270 426
270 443
270 445
270 457
270 462
271 27
271 78
271 110
271 122
271 143
271 151
271 161
271 164
271 204
271 214
271 233
271 265
271 274
271 324
271 385
271 411
271 412
271 430
271 461
271 462
271 470
271 481
271 487
272 15
272 38
272 59
272 77
272 80
272 109
272 122
272 137
272 158
272 162
272 165
272 167
272 170
272 195
272 241
272 247
272 263
272 273
272 296
272 363
272 422
272 428
272 437
272 449
272 475
273 7
273 10
273 14
273 27
273 28
273 49
273 112
273 168
273 186
273 187
273 225
273 227
273 233
273 245
273 265
273 267
273 272
273 328
273 333
273 346
273 359
273 388
273 390
273 442
273 461
273 484
274 29
274 36
274 41
274 44
274 57
274 64
274 72
274 99
274 111
274 175
274 194
274 204
274 209
274 221
274 235
274 255
274 258
274 271
274 284
274 337
274 352
274 363
274 402
274 413
274 414
274 415
274 458
274 461
274 465
274 468
274 490
275 17
275 21
275 26
275 85
275 119
275 136
275 146
275 157
275 175
275 193
275 198
275 201
275 218
275 237
275 250
275 257
275 289
275 352
275 380
275 389
275 391
275 392
275 401
275 402
275 406
275 419
275 477
275 487
276 12
276 13
276 27
276 44
276 53
276 56
276 114
276 161
276 182
276 195
276 209
276 231
276 241
276 323
276 331
276 346
276 348
276 351
276 360
276 401
276 442
276 448
276 491
277 6
277 24
277 78
277 101
277 108
277 124
277 129
277 140
277 151
277 157
277 162
277 169
277 174
277 269
277 315
277 383
277 409
277 458
277 467
277 475
277 482
278 14
278 24
278 65
278 120
278 138
278 159
278 162
278 165
278 187
278 196
278 203
278 220
278 266
278 267
278 324
278 347
278 355
278 365
278 397
278 409
278 426
278 443
278 450
278 454
278 490
278 496
279 56
279 68
279 75
279 83
279 97
279 126
279 210
279 212
279 225
279 226
279 233
279 263
279 336
279 346
279 373
279 400
279 463
279 465
280 74
280 82
280 91
280 100
280 107
280 119
280 141
280 163
280 177
280 181
280 285
280 290
280 293
280 331
280 370
280 393
280 400
280 441
280 443
280 466
280 470
280 493
280 495
281 11
281 16
281 72
281 80
281 92
281 98
281 99
281 103
281 128
281 144
281 154
281 221
281 225
281 228
281 238
281 268
281 269
281 323
281 330
281 380
281 397
281 416
281 447
281 448
281 451
281 465
281 495
282 39
282 52
282 99
282 104
282 113
282 205
282 245
282 265
282 270
282 350
282 359
282 387
282 396
282 411
282 453
282 494
283 1
283 150
283 163
283 198
283 227
283 293
283 298
283 306
283 308
283 367
283 400
283 406
283 427
283 436
283 440
283 466
283 478
284 29
284 66
284 76
284 85
284 93
284 140
284 151
284 155
284 163
284 183
284 229
284 248
284 274
284 295
284 302
284 336
284 350
284 371
284 376
284 399
284 407
284 412
284 419
284 455
284 456
284 462
285 17
285 20
285 24
285 29
285 48
285 93
285 96
285 104
285 108
285 119
285 126
285 132
285 143
285 173
285 176
285 179
285 185
285 190
285 198
285 199
285 208
285 222
285 223
285 240
285 280
285 291
285 372
285 394
285 399
285 402
285 419
285 420
285 479
286 21
286 24
286 32
286 37
286 41
286 42
286 68
286 124
286 134
286 137
286 152
286 199
286 222
286 230
286 239
286 242
286 251
286 313
286 314
286 327
286 394
286 414
286 460
286 477
286 484
287 29
287 47
287 62
287 66
287 112
287 200
287 203
287 220
287 239
287 261
287 310
287 333
287 394
287 422
287 436
287 448
287 488
288 23
288 50
288 91
288 106
288 107
288 116
288 130
288 131
288 134
288 138
288 155
288 168
288 178
288 179
288 205
288 234
288 244
288 264
288 295
288 319
288 369
288 372
288 378
288 379
288 382
288 387
288 413
288 415
288 427
288 431
288 436
288 464
288 465
288 473
288 481
288 487
289 40
289 49
289 70
289 71
289 93
289 94
289 116
289 135
289 137
289 138
289 194
289 215
289 224
289 255
289 265
289 275
289 314
289 330
289 347
289 383
289 399
289 461
289 476
289 482
289 488
289 494
290 46
290 96
290 136
290 145
290 182
290 198
290 210
290 214
290 220
290 229
290 255
290 280
290 315
290 329
290 386
290 397
290 433
290 438
290 473
290 476
290 493
291 0
291 18
291 70
291 103
291 104
291 142
291 144
291 148
291 153
291 237
291 243
291 285
291 302
291 328
291 355
291 389
291 439
291 452
291 474
291 479
291 493
292 42
292 60
292 74
292 78
292 177
292 181
292 208
292 218
292 221
292 230
292 233
292 240
292 244
292 246
292 307
292 310
292 329
292 335
292 349
292 390
292 402
292 439
292 474
292 494
293 6
293 8
293 12
293 34
293 77
293 104
293 108
293 113
293 128
293 132
293 144
293 151
293 163
293 171
293 172
293 192
293 213
293 218
293 219
293 253
293 265
293 270
293 280
293 283
293 315
293 321
293 329
293 457
293 462
293 470
293 472
293 482
293 498
294 11
294 12
294 43
294 65
294 68
294 75
294 98
294 112
294 115
294 126
294 129
294 133
294 134
294 136
294 147
294 182
294 202
294 220
294 231
294 245
294 353
294 362
294 369
294 372
294 382
294 409
294 423
294 450
294 454
294 462
294 472
294 480
295 59
295 65
295 66
295 101
295 108
295 133
295 143
295 150
295 190
295 206
295 216
295 253
295 284
295 288
295 315
295 338
295 364
295 371
295 390
295 401
295 424
295 440
295 448
295 469
295 477
295 486
296 7
296 21
296 116
296 119
296 152
296 194
296 231
296 233
296 238
296 263
296 264
296 267
296 272
296 298
296 353
296 361
296 364
296 436
296 455
296 468
296 485
297 1
297 15
297 50
297 63
297 66
297 77
297 105
297 112
297 124
297 125
297 132
297 166
297 221
297 224
297 233
297 254
297 327
297 361
297 378
297 392
297 402
297 406
297 413
297 432
297 445
297 450
297 458
297 460
297 471
297 491
298 4
298 14
298 16
298 29
298 47
298 61
298 64
298 142
298 173
298 193
298 283
298 296
298 330
298 347
298 370
298 375
298 391
298 424
298 442
298 460
298 469
298 475
298 490
299 10
299 13
299 44
299 64
299 77
299 134
299 139
299 160
299 176
299 220
299 256
299 337
299 354
299 355
299 373
299 382
299 424
299 466
300 20
300 34
300 36
300 37
300 95
300 127
300 137
300 144
300 173
300 189
300 192
300 240
300 242
300 260
300 371
300 389
300 458
300 481
300 484
300 493
301 30
301 83
301 97
301 134
301 162
301 164
301 171
301 182
301 199
301 224
301 225
301 344
301 362
301 364
301 378
301 402
301 413
301 416
301 418
301 438
301 445
301 461
301 470
301 476
301 488
301 496
302 8
302 24
302 39
302 44
302 81
302 108
302 134
302 154
302 183
302 187
302 211
302 224
302 243
302 245
302 249
302 284
302 291
302 347
302 349
302 383
302 397
302 407
302 408
302 431
302 438
303 0
303 12
303 19
303 32
303 33
303 61
303 81
303 117
303 151
303 171
303 178
303 191
303 195
303 228
303 231
303 240
303 257
303 336
303 426
303 469
303 475
303 493
304 13
304 15
304 16
304 106
304 141
304 184
304 196
304 208
304 218
304 219
304 360
304 369
304 417
304 451
304 483
304 486
305 0
305 30
305 69
305 92
305 105
305 129
305 137
305 184
305 209
305 237
305 307
305 308
305 390
305 427
305 438
305 440
305 471
305 484
306 60
306 70
306 74
306 119
306 132
306 141
306 177
306 182
306 204
306 211
306 257
306 261
306 263
306 283
306 307
306 315
306 324
306 326
306 327
306 338
306 343
306 346
306 353
306 414
306 439
306 453
306 465
306 476
306 487
307 13
307 26
307 72
307 74
307 87
307 88
307 91
307 92
307 133
307 175
307 179
307 190
307 192
307 209
307 213
307 225
307 229
307 238
307 249
307 265
307 292
307 305
307 306
307 353
307 366
307 368
307 401
307 436
307 449
307 468
307 472
308 36
308 62
308 68
308 97
308 117
308 134
308 139
308 140
308 204
308 207
308 221
308 223
308 235
308 262
308 265
308 283
308 305
308 331
308 340
308 350
308 364
308 374
308 375
308 379
308 409
308 413
308 446
308 450
308 464
308 474
308 490
309 9
309 40
309 71
309 80
309 97
309 122
309 157
309 158
309 167
309 178
309 185
309 192
309 212
309 251
309 267
309 318
309 338
309 350
309 355
309 384
309 422
309 433
310 21
310 35
310 50
310 56
310 77
310 86
310 90
310 93
310 116
310 174
310 195
310 205
310 240
310 250
310 255
310 287
310 292
310 329
310 339
310 343
310 353
310 377
310 386
310 437
310 466
310 479
310 485
310 498
311 1
311 11
311 38
311 54
311 78
311 95
311 97
311 102
311 153
311 230
311 236
311 250
311 340
311 348
311 402
311 404
311 429
311 448
311 486
311 498
312 6
312 21
312 22
312 52
312 63
312 83
312 107
312 159
312 165
312 205
312 209
312 228
312 230
312 263
312 313
312 340
312 346
312 370
312 376
312 392
312 393
312 401
312 415
312 423
312 473
313 21
313 27
313 30
313 45
313 69
313 71
313 80
313 84
313 95
313 105
313 115
313 125
313 156
313 165
313 175
313 227
313 235
313 244
313 260
313 286
313 312
313 322
313 337
313 368
313 412
313 435
313 452
313 456
313 478
314 9
314 49
314 62
314 65
314 83
314 93
314 96
314 104
314 119
314 127
314 134
314 163
314 164
314 184
314 200
314 221
314 223
314 241
314 263
314 286
314 289
314 346
314 374
314 382
314 433
314 454
315 21
315 35
315 61
315 85
315 129
315 130
315 138
315 162
315 165
315 178
315 190
315 201
315 202
315 231
315 236
315 254
315 277
315 290
315 293
315 295
315 306
315 328
315 332
315 338
315 347
315 371
315 402
315 407
315 415
315 470
315 474
315 475
315 483
316 7
316 32
316 47
316 54
316 59
316 116
316 134
316 146
316 151
316 182
316 203
316 219
316 235
316 324
316 361
316 376
316 403
316 420
316 433
316 448
316 455
316 460
316 479
316 497
317 22
317 27
317 46
317 101
317 115
317 141
317 212
317 221
317 230
317 253
317 326
317 342
317 356
317 446
317 471
317 478
317 479
318 20
318 57
318 61
318 154
318 189
318 195
318 229
318 265
318 309
318 327
318 336
318 374
318 388
318 402
318 472
318 474
318 486
318 488
319 36
319 42
319 47
319 51
319 57
319 84
319 130
319 154
319 175
319 187
319 190
319 192
319 220
319 259
319 266
319 288
319 328
319 381
319 420
319 425
319 432
319 439
319 449
319 499
320 20
320 22
320 36
320 70
320 72
320 79
320 86
320 125
320 159
320 173
320 176
320 183
320 195
320 222
320 225
320 269
320 321
320 389
320 421
320 426
320 447
320 461
320 483
321 18
321 36
321 56
321 122
321 127
321 137
321 152
321 176
321 191
321 199
321 232
321 238
321 248
321 258
321 267
321 293
321 320
321 341
321 344
321 383
321 408
321 460
321 485
321 490
322 3
322 28
322 38
322 55
322 70
322 104
322 117
322 128
322 130
322 177
322 178
322 187
322 197
322 313
322 348
322 351
322 397
322 401
322 411
322 452
323 7
323 39
323 46
323 57
323 77
323 89
323 109
323 112
323 132
323 140
323 189
323 195
323 230
323 241
323 276
323 281
323 325
323 445
323 454
323 459
323 473
324 21
324 40
324 59
324 61
324 121
324 175
324 200
324 203
324 271
324 278
324 306
324 316
324 338
324 430
324 450
324 480
325 0
325 19
325 47
325 51
325 56
325 79
325 106
325 124
325 125
325 147
325 150
325 156
325 162
325 175
325 188
325 245
325 268
325 323
325 328
325 349
325 359
325 392
325 417
325 443
325 447
325 474
326 20
326 34
326 98
326 119
326 179
326 194
326 203
326 207
326 229
326 242
326 259
326 306
326 317
326 401
326 446
326 448
326 472
326 485
326 499
327 0
327 2
327 11
327 37
327 39
327 95
327 103
327 111
327 114
327 121
327 139
327 150
327 257
327 286
327 297
327 306
327 318
327 377
327 380
327 390
327 418
327 432
327 440
327 461
327 462
327 473
327 486
328 22
328 38
328 44
328 84
328 85
328 87
328 123
328 142
328 146
328 157
328 174
328 198
328 210
328 268
328 273
328 291
328 315
328 319
328 325
328 336
328 348
328 355
328 365
328 384
328 413
328 450
328 480
328 481
329 5
329 7
329 20
329 29
329 66
329 69
329 76
329 80
329 93
329 167
329 172
329 180
329 194
329 210
329 259
329 290
329 292
329 293
329 310
329 343
329 359
329 362
329 409
329 436
329 454
329 456
329 475
330 30
330 34
330 36
330 64
330 98
330 99
330 115
330 120
330 171
330 173
330 182
330 217
330 225
330 231
330 242
330 281
330 289
330 298
330 350
330 359
330 379
330 443
330 452
330 463
330 472
330 486
330 492
331 12
331 43
331 57
331 70
331 96
331 102
331 115
331 147
331 187
331 191
331 241
331 270
331 276
331 280
331 308
331 332
331 342
331 343
331 360
331 391
331 399
331 404
331 410
331 476
332 39
332 48
332 66
332 91
332 97
332 118
332 154
332 173
332 180
332 208
332 215
332 239
332 315
332 331
332 379
332 468
333 12
333 20
333 27
333 45
333 48
333 79
333 89
333 142
333 160
333 209
333 214
333 221
333 243
333 273
333 287
333 334
333 392
333 396
333 404
333 405
333 410
333 461
333 462
333 464
333 470
334 51
334 69
334 115
334 155
334 177
334 194
334 227
334 228
334 236
334 238
334 256
334 264
334 269
334 333
334 355
334 369
334 388
334 423
334 429
334 492
335 3
335 11
335 23
335 49
335 81
335 125
335 126
335 138
335 144
335 168
335 194
335 198
335 215
335 219
335 220
335 234
335 266
335 267
335 292
335 400
335 401
335 442
335 455
336 62
336 104
336 106
336 126
336 128
336 144
336 148
336 176
336 190
336 197
336 225
336 238
336 250
336 259
336 279
336 284
336 303
336 318
336 328
336 337
336 379
336 380
336 383
336 389
336 476
336 485
337 13
337 51
337 75
337 77
337 80
337 115
337 167
337 173
337 186
337 189
337 192
337 224
337 236
337 240
337 243
337 267
337 274
337 299
337 313
337 336
337 347
337 400
337 410
337 446
337 482
337 483
338 19
338 32
338 41
338 55
338 58
338 60
338 110
338 144
338 152
338 203
338 212
338 221
338 233
338 238
338 295
338 306
338 309
338 315
338 324
338 377
338 388
338 393
338 400
338 423
338 429
338 448
338 462
339 30
339 51
339 59
339 100
339 111
339 122
339 148
339 221
339 233
339 258
339 310
339 342
339 344
339 372
339 386
339 388
339 413
339 421
339 496
340 4
340 38
340 61
340 80
340 99
340 103
340 124
340 133
340 177
340 180
340 191
340 239
340 308
340 311
340 312
340 402
340 417
340 426
340 441
340 443
340 456
340 457
340 480
341 8
341 18
341 23
341 38
341 49
341 55
341 124
341 149
341 153
341 177
341 183
341 213
341 217
341 255
341 270
341 321
341 346
341 354
341 370
341 371
341 372
341 380
341 382
341 447
341 498
342 49
342 84
342 89
342 99
342 105
342 138
342 139
342 163
342 172
342 174
342 178
342 183
342 194
342 232
342 236
342 246
342 267
342 317
342 331
342 339
342 353
342 361
342 364
342 375
342 387
342 400
342 401
342 403
342 413
342 462
342 494
342 495
342 498
343 3
343 12
343 77
343 93
343 98
343 104
343 108
343 135
343 172
343 180
343 205
343 210
343 222
343 263
343 306
343 310
343 329
343 331
343 345
343 419
343 448
343 453
344 0
344 9
344 44
344 52
344 54
344 128
344 141
344 172
344 181
344 200
344 220
344 229
344 259
344 301
344 321
344 339
344 370
344 414
344 437
344 444
344 452
344 460
344 464
344 485
345 23
345 24
345 31
345 56
345 73
345 81
345 108
345 114
345 119
345 162
345 216
345 251
345 343
345 413
345 441
345 461
345 485
346 82
346 109
346 141
346 165
346 171
346 173
346 179
346 222
346 273
346 276
346 279
346 306
346 312
346 314
346 341
346 380
346 393
346 402
346 432
346 435
346 474
346 480
346 486
346 487
346 490
347 10
347 11
347 19
347 77
347 79
347 83
347 156
347 172
347 189
347 202
347 204
347 212
347 220
347 223
347 228
347 231
347 244
347 253
347 278
347 289
347 298
347 302
347 315
347 337
347 376
347 378
347 391
347 393
347 434
347 473
348 10
348 15
348 54
348 65
348 89
348 143
348 148
348 163
348 180
348 203
348 216
348 238
348 263
348 264
348 276
348 311
348 322
348 328
348 353
348 362
348 386
348 387
348 398
348 419
348 422
348 441
348 444
348 458
349 3
349 14
349 34
349 39
349 54
349 55
349 63
349 73
349 87
349 97
349 110
349 113
349 159
349 200
349 210
349 246
349 248
349 263
349 292
349 302
349 325
349 374
349 378
349 389
349 391
349 398
349 421
349 433
349 444
349 449
349 453
349 466
349 484
349 493
349 497
350 5
350 22
350 29
350 48
350 53
350 81
350 90
350 104
350 112
350 141
350 169
350 174
350 179
350 191
350 193
350 202
350 205
350 218
350 224
350 242
350 256
350 282
350 284
350 308
350 309
350 330
350 366
350 381
350 392
350 478
350 491
351 6
351 8
351 74
351 112
351 124
351 161
351 173
351 203
351 232
351 252
351 276
351 322
351 408
351 435
351 460
351 489
352 6
352 7
352 13
352 37
352 47
352 59
352 90
352 98
352 104
352 120
352 125
352 138
352 168
352 186
352 187
352 194
352 200
352 247
352 274
352 275
352 363
352 372
352 375
352 398
352 403
352 421
352 450
353 45
353 58
353 89
353 92
353 116
353 117
353 122
353 160
353 169
353 207
353 219
353 223
353 229
353 265
353 268
353 294
353 296
353 306
353 307
353 310
353 342
353 348
353 388
353 412
353 473
353 497
354 23
354 45
354 68
354 70
354 78
354 104
354 127
354 135
354 149
354 154
354 174
354 180
354 181
354 198
354 221
354 222
354 250
354 253
354 265
354 299
354 341
354 373
354 387
354 398
354 453
354 464
354 490
354 495
354 497
355 2
355 3
355 56
355 110
355 140
355 144
355 192
355 195
355 262
355 278
355 291
355 299
355 309
355 328
355 334
355 409
355 425
355 444
355 448
355 451
355 484
356 2
356 6
356 14
356 18
356 49
356 62
356 74
356 83
356 104
356 155
356 187
356 241
356 243
356 317
356 383
356 409
356 424
356 428
356 470
356 497
356 498
357 1
357 4
357 7
357 14
357 37
357 82
357 99
357 156
357 183
357 202
357 234
357 236
357 252
357 259
357 262
357 265
357 369
357 376
357 388
357 394
357 396
357 423
358 6
358 10
358 88
358 136
358 139
358 170
358 172
358 174
358 224
358 232
358 253
358 265
358 373
358 378
358 382
358 406
358 410
358 434
358 453
358 474
358 487
359 22
359 37
359 80
359 125
359 159
359 168
359 238
359 248
359 255
359 273
359 282
359 325
359 329
359 330
359 367
359 382
359 392
359 400
359 413
359 459
359 478
360 4
360 9
360 18
360 40
360 41
360 82
360 106
360 123
360 143
360 185
360 206
360 215
360 224
360 225
360 246
360 259
360 260
360 270
360 276
360 304
360 331
360 369
360 373
360 389
360 441
360 456
360 461
360 479
360 498
361 5
361 46
361 51
361 62
361 66
361 72
361 84
361 118
361 175
361 194
361 197
361 233
361 237
361 240
361 244
361 296
361 297
361 316
361 342
361 390
361 416
361 420
361 430
361 434
361 453
361 473
361 495
362 30
362 32
362 46
362 63
362 104
362 120
362 164
362 192
362 222
362 232
362 270
362 294
362 301
362 329
362 348
362 481
363 10
363 107
363 174
363 186
363 210
363 223
363 233
363 267
363 268
363 272
363 274
363 352
363 424
363 433
363 456
363 476
363 480
363 484
363 487
363 493
364 22
364 43
364 47
364 49
364 68
364 75
364 76
364 93
364 181
364 189
364 190
364 205
364 263
364 295
364 296
364 301
364 308
364 342
364 385
364 424
364 450
364 458
364 459
365 4
365 64
365 115
365 139
365 148
365 151
365 164
365 211
365 229
365 257
365 266
365 278
365 328
365 374
365 401
365 431
365 442
365 476
365 492
366 7
366 17
366 20
366 27
366 40
366 46
366 101
366 134
366 210
366 246
366 307
366 350
366 371
366 406
366 420
366 434
366 456
366 498
367 5
367 21
367 46
367 96
367 101
367 132
367 135
367 142
367 187
367 208
367 224
367 226
367 250
367 283
367 359
367 393
367 441
367 490
367 498
368 7
368 10
368 64
368 68
368 76
368 96
368 97
368 115
368 129
368 131
368 157
368 159
368 162
368 181
368 194
368 197
368 212
368 221
368 225
368 238
368 270
368 307
368 313
368 384
368 398
368 427
368 431
368 469
368 477
368 481
368 498
369 37
369 120
369 133
369 157
369 165
369 200
369 203
369 260
369 265
369 288
369 294
369 304
369 334
369 357
369 360
369 378
369 396
369 402
369 450
369 473
369 493
370 65
370 81
370 119
370 128
370 148
370 198
370 210
370 212
370 220
370 242
370 250
370 280
370 298
370 312
370 341
370 344
370 449
370 452
370 457
371 6
371 8
371 44
371 46
371 55
371 76
371 96
371 115
371 154
371 201
371 206
371 246
371 247
371 284
371 295
371 300
371 315
371 341
371 366
371 376
371 385
371 427
371 435
371 441
371 446
371 454
372 21
372 62
372 64
372 112
372 134
372 136
372 148
372 217
372 233
372 239
372 245
372 252
372 262
372 285
372 288
372 294
372 339
372 341
372 352
372 428
372 461
372 495
373 11
373 49
373 93
373 128
373 136
373 194
373 199
373 260
373 265
373 279
373 299
373 354
373 358
373 360
373 393
373 409
373 425
374 8
374 15
374 31
374 81
374 109
374 124
374 158
374 184
374 186
374 188
374 246
374 256
374 263
374 269
374 270
374 308
374 314
374 318
374 349
374 365
374 395
374 435
374 493
375 21
375 22
375 42
375 72
375 86
375 97
375 119
375 138
375 200
375 216
375 227
375 298
375 308
375 342
375 352
375 380
375 398
375 404
375 439
375 464
375 472
376 14
376 33
376 56
376 90
376 91
376 115
376 116
376 195
376 228
376 232
376 233
376 254
376 269
376 284
376 312
376 316
376 347
376 357
376 371
376 439
376 445
376 485
376 488
377 1
377 45
377 64
377 70
377 157
377 174
377 176
377 191
377 212
377 214
377 225
377 228
377 234
377 240
377 241
377 254
377 310
377 327
377 338
377 406
377 465
377 493
378 4
378 20
378 23
378 51
378 66
378 87
378 101
378 109
378 116
378 170
378 183
378 187
378 189
378 193
378 204
378 208
378 211
378 216
378 288
378 297
378 301
378 347
378 349
378 358
378 369
378 423
378 425
378 431
378 453
378 471
378 480
378 488
378 494
379 13
379 34
379 108
379 109
379 117
379 126
379 132
379 165
379 175
379 207
379 244
379 248
379 249
379 254
379 288
379 308
379 330
379 332
379 336
379 401
379 419
379 451
379 463
379 466
379 474
379 481
380 72
380 76
380 97
380 100
380 152
380 155
380 160
380 188
380 190
380 205
380 219
380 275
380 281
380 327
380 336
380 341
380 346
380 375
380 394
380 421
380 433
380 439
380 470
380 471
380 491
381 1
381 49
381 55
381 103
381 117
381 128
381 173
381 177
381 180
381 195
381 204
381 211
381 229
381 232
381 234
381 319
381 350
381 388
381 413
381 414
382 12
382 14
382 47
382 89
382 95
382 98
382 201
382 219
382 222
382 236
382 247
382 254
382 269
382 288
382 294
382 299
382 314
382 341
382 358
382 359
382 383
382 400
382 418
382 440
382 441
382 462
382 464
382 494
382 499
383 13
383 30
383 77
383 96
383 119
383 123
383 132
383 136
383 147
383 160
383 196
383 221
383 255
383 277
383 289
383 302
383 321
383 336
383 356
383 382
383 390
383 462
383 467
383 472
383 490
384 4
384 21
384 23
384 50
384 65
384 80
384 88
384 92
384 136
384 162
384 177
384 189
384 210
384 216
384 241
384 243
384 244
384 309
384 328
384 368
384 397
384 401
384 405
384 424
384 438
384 447
384 482
385 13
385 33
385 36
385 43
385 53
385 84
385 130
385 160
385 162
385 165
385 168
385 169
385 192
385 208
385 213
385 217
385 224
385 245
385 261
385 271
385 364
385 371
385 406
385 414
385 425
385 431
385 458
385 470
385 478
386 1
386 25
386 35
386 36
386 62
386 88
386 109
386 189
386 190
386 191
386 233
386 259
386 290
386 310
386 339
386 348
386 414
386 421
386 454
386 476
386 492
387 9
387 12
387 47
387 99
387 105
387 106
387 133
387 153
387 166
387 179
387 202
387 209
387 225
387 259
387 282
387 288
387 342
387 348
387 354
387 403
387 413
387 416
387 436
387 443
387 466
388 25
388 70
388 78
388 88
388 95
388 135
388 138
388 148
388 155
388 176
388 179
388 180
388 199
388 217
388 221
388 226
388 239
388 258
388 273
388 318
388 334
388 338
388 339
388 353
388 357
388 381
388 403
388 417
388 494
389 2
389 20
389 49
389 78
389 127
389 208
389 214
389 221
389 275
389 291
389 300
389 320
389 336
389 349
389 360
389 410
389 446
390 9
390 61
390 78
390 86
390 109
390 147
390 182
390 207
390 236
390 244
390 246
390 273
390 292
390 295
390 305
390 327
390 361
390 383
390 462
391 0
391 7
391 11
391 22
391 23
391 87
391 88
391 103
391 118
391 157
391 174
391 212
391 219
391 225
391 226
391 238
391 257
391 275
391 298
391 331
391 347
391 349
391 462
391 463
391 483
391 486
392 14
392 41
392 42
392 43
392 52
392 61
392 71
392 79
392 80
392 101
392 137
392 142
392 157
392 199
392 203
392 218
392 228
392 230
392 234
392 245
392 260
392 275
392 297
392 312
392 325
392 333
392 350
392 359
392 428
393 4
393 7
393 58
393 115
393 118
393 147
393 224
393 229
393 248
393 280
393 312
393 338
393 346
393 347
393 367
393 373
393 426
393 480
394 14
394 19
394 27
394 34
394 58
394 84
394 130
394 136
394 138
394 162
394 174
394 196
394 198
394 205
394 206
394 216
394 219
394 234
394 285
394 286
394 287
394 357
394 380
394 466
394 471
394 482
394 495
395 21
395 31
395 44
395 52
395 72
395 110
395 236
395 257
395 374
395 423
395 466
395 485
395 492
396 0
396 20
396 24
396 47
396 49
396 58
396 67
396 90
396 114
396 142
396 152
396 154
396 166
396 175
396 179
396 192
396 194
396 200
396 208
396 214
396 282
396 333
396 357
396 369
396 422
396 430
396 441
397 24
397 33
397 77
397 86
397 136
397 188
397 195
397 218
397 236
397 252
397 254
397 260
397 278
397 281
397 290
397 302
397 322
397 384
397 491
397 492
398 7
398 22
398 26
398 38
398 56
398 66
398 69
398 134
398 168
398 178
398 245
398 268
398 348
398 349
398 352
398 354
398 368
398 375
398 400
398 407
399 15
399 19
399 48
399 92
399 102
399 107
399 123
399 137
399 179
399 188
399 189
399 201
399 204
399 217
399 223
399 231
399 235
399 263
399 284
399 285
399 289
399 331
399 420
399 441
399 481
399 485
400 2
400 44
400 68
400 82
400 94
400 95
400 100
400 108
400 117
400 167
400 171
400 206
400 207
400 260
400 265
400 279
400 280
400 283
400 335
400 337
400 338
400 342
400 359
400 382
400 398
400 418
400 422
400 440
400 441
400 453
400 465
400 478
400 488
401 4
401 44
401 68
401 91
401 130
401 133
401 142
401 194
401 210
401 214
401 258
401 275
401 276
401 295
401 307
401 312
401 322
401 326
401 335
401 342
401 365
401 379
401 384
401 434
401 440
401 445
401 493
402 30
402 65
402 86
402 156
402 190
402 194
402 211
402 267
402 274
402 275
402 285
402 292
402 297
402 301
402 311
402 315
402 318
402 340
402 346
402 369
402 405
402 429
402 443
402 454
402 464
402 469
402 475
402 477
403 32
403 42
403 70
403 76
403 94
403 225
403 228
403 316
403 342
403 352
403 387
403 388
403 426
403 435
403 439
403 473
404 7
404 63
404 74
404 76
404 86
404 91
404 114
404 127
404 157
404 185
404 194
404 208
404 213
404 216
404 217
404 239
404 241
404 311
404 331
404 333
404 375
404 414
404 420
404 459
404 483
404 491
405 21
405 33
405 54
405 65
405 103
405 132
405 150
405 213
405 216
405 254
405 262
405 333
405 384
405 402
405 421
405 427
405 469
405 478
406 51
406 70
406 132
406 167
406 192
406 215
406 228
406 275
406 283
406 297
406 358
406 366
406 377
406 385
406 407
406 413
406 465
406 475
406 483
407 1
407 29
407 39
407 131
407 171
407 172
407 176
407 221
407 224
407 232
407 240
407 284
407 302
407 315
407 398
407 406
407 433
407 451
407 474
408 46
408 49
408 62
408 94
408 100
408 108
408 143
408 150
408 209
408 302
408 321
408 351
408 425
408 474
408 492
409 16
409 51
409 59
409 107
409 111
409 140
409 145
409 204
409 208
409 277
409 278
409 294
409 308
409 329
409 355
409 356
409 373
409 420
409 428
410 4
410 11
410 88
410 93
410 102
410 122
410 123
410 162
410 180
410 191
410 192
410 231
410 253
410 331
410 333
410 337
410 358
410 389
410 417
410 433
410 461
410 468
410 473
411 3
411 19
411 26
411 30
411 113
411 116
411 118
411 175
411 189
411 220
411 232
411 237
411 268
411 271
411 282
411 322
411 432
411 457
411 463
411 496
412 5
412 12
412 16
412 21
412 28
412 35
412 90
412 121
412 128
412 131
412 170
412 201
412 245
412 247
412 255
412 271
412 284
412 313
412 353
412 419
412 438
412 439
412 461
412 471
413 8
413 29
413 46
413 48
413 54
413 67
413 71
413 87
413 126
413 171
413 204
413 210
413 216
413 225
413 243
413 251
413 266
413 274
413 288
413 297
413 301
413 308
413 328
413 339
413 342
413 345
413 359
413 381
413 387
413 406
413 423
413 435
413 450
414 2
414 7
414 105
414 111
414 134
414 138
414 148
414 150
414 157
414 233
414 252
414 254
414 265
414 267
414 274
414 286
414 306
414 344
414 381
414 385
414 386
414 404
414 442
415 5
415 26
415 27
415 42
415 71
415 105
415 158
415 184
415 201
415 204
415 210
415 221
415 228
415 239
415 241
415 270
415 274
415 288
415 312
415 315
415 475
415 494
416 12
416 15
416 26
416 46
416 92
416 96
416 106
416 113
416 173
416 188
416 190
416 194
416 195
416 196
416 219
416 281
416 301
416 361
416 387
416 465
417 10
417 21
417 45
417 80
417 84
417 97
417 109
417 110
417 149
417 154
417 198
417 200
417 203
417 218
417 253
417 258
417 304
417 325
417 340
417 388
417 410
417 467
417 479
417 480
417 482
418 11
418 63
418 80
418 99
418 108
418 127
418 207
418 208
418 220
418 222
418 223
418 227
418 257
418 301
418 327
418 382
418 400
418 429
418 498
419 25
419 42
419 54
419 59
419 111
419 123
419 134
419 138
419 157
419 186
419 198
419 223
419 233
419 246
419 249
419 258
419 275
419 284
419 285
419 343
419 348
419 379
419 412
419 422
419 438
419 479
420 1
420 3
420 8
420 15
420 17
420 27
420 55
420 63
420 75
420 87
420 102
420 119
420 156
420 163
420 198
420 220
420 241
420 266
420 285
420 316
420 319
420 361
420 366
420 399
420 404
420 409
420 438
420 448
420 454
420 468
420 478
420 485
420 490
421 19
421 74
421 77
421 81
421 93
421 140
421 141
421 148
421 150
421 160
421 247
421 268
421 269
421 320
421 339
421 349
421 352
421 380
421 386
421 405
421 427
421 432
421 452
421 465
421 492
421 495
421 499
422 4
422 41
422 76
422 143
422 156
422 233
422 245
422 272
422 287
422 309
422 348
422 396
422 400
422 419
422 432
422 437
422 468
422 472
422 474
423 0
423 49
423 101
423 143
423 154
423 158
423 160
423 172
423 238
423 248
423 294
423 312
423 334
423 338
423 357
423 378
423 395
423 413
423 435
424 4
424 42
424 151
424 161
424 189
424 193
424 203
424 212
424 219
424 224
424 226
424 230
424 234
424 235
424 245
424 250
424 295
424 298
424 299
424 356
424 363
424 364
424 384
424 431
424 439
424 446
424 452
424 492
425 1
425 31
425 48
425 52
425 55
425 58
425 76
425 85
425 98
425 125
425 139
425 189
425 210
425 229
425 239
425 240
425 248
425 268
425 319
425 355
425 373
425 378
425 385
425 408
425 433
425 435
425 452
425 457
425 463
425 471
425 482
425 484
426 20
426 65
426 107
426 110
426 167
426 173
426 208
426 210
426 220
426 223
426 227
426 250
426 270
426 278
426 303
426 320
426 340
426 393
426 403
426 440
427 17
427 43
427 46
427 50
427 61
427 71
427 114
427 127
427 135
427 140
427 148
427 156
427 160
427 164
427 166
427 187
427 232
427 235
427 239
427 249
427 283
427 288
427 305
427 368
427 371
427 405
427 421
427 442
427 457
427 477
428 11
428 20
428 22
428 50
428 67
428 116
428 134
428 174
428 194
428 223
428 235
428 258
428 272
428 356
428 372
428 392
428 409
428 461
428 462
428 491
429 27
429 31
429 34
429 39
429 54
429 69
429 70
429 71
429 77
429 106
429 120
429 125
429 141
429 147
429 161
429 209
429 226
429 242
429 256
429 258
429 268
429 311
429 334
429 338
429 402
429 418
429 432
429 438
429 449
429 454
430 0
430 24
430 37
430 48
430 52
430 63
430 65
430 71
430 88
430 101
430 107
430 131
430 132
430 134
430 225
430 258
430 267
430 271
430 324
430 361
430 396
430 432
430 455
430 469
430 480
431 1
431 14
431 74
431 126
431 148
431 151
431 154
431 156
431 157
431 170
431 175
431 197
431 205
431 223
431 234
431 245
431 264
431 269
431 288
431 302
431 365
431 368
431 378
431 385
431 424
431 455
431 472
431 484
431 492
431 499
432 1
432 3
432 8
432 17
432 54
432 85
432 104
432 110
432 193
432 195
432 231
432 239
432 244
432 297
432 319
432 327
432 346
432 411
432 421
432 422
432 429
432 430
432 489
433 11
433 19
433 41
433 74
433 83
433 87
433 139
433 140
433 149
433 165
433 186
433 236
433 257
433 264
433 290
433 309
433 314
433 316
433 349
433 363
433 380
433 407
433 410
433 425
433 436
433 444
434 22
434 80
434 83
434 110
434 149
434 157
434 176
434 214
434 227
434 253
434 255
434 260
434 262
434 347
434 358
434 361
434 366
434 401
434 436
434 447
434 463
435 17
435 18
435 95
435 103
435 120
435 137
435 194
435 208
435 213
435 215
435 221
435 235
435 266
435 313
435 346
435 351
435 371
435 374
435 403
435 413
435 423
435 425
435 472
435 484
435 492
435 493
435 496
435 497
436 2
436 6
436 8
436 20
436 21
436 55
436 61
436 76
436 80
436 85
436 124
436 148
436 166
436 178
436 194
436 199
436 215
436 248
436 283
436 287
436 288
436 296
436 307
436 329
436 387
436 433
436 434
436 451
436 456
436 478
437 3
437 18
437 62
437 75
437 92
437 101
437 111
437 115
437 137
437 157
437 186
437 223
437 235
437 240
437 272
437 310
437 344
437 422
437 445
437 447
437 473
437 490
437 498
438 5
438 15
438 26
438 87
438 111
438 118
438 123
438 143
438 165
438 166
438 168
438 188
438 191
438 203
438 238
438 250
438 290
438 301
438 302
438 305
438 384
438 412
438 419
438 420
438 429
438 450
438 452
438 472
438 492
438 497
439 1
439 5
439 10
439 16
439 20
439 21
439 24
439 55
439 68
439 69
439 94
439 118
439 143
439 187
439 194
439 210
439 230
439 232
439 256
439 264
439 291
439 292
439 306
439 319
439 375
439 376
439 380
439 403
439 412
439 424
439 440
439 445
439 492
440 4
440 43
440 68
440 74
440 80
440 112
440 129
440 142
440 189
440 191
440 199
440 283
440 295
440 305
440 327
440 382
440 400
440 401
440 426
440 439
441 13
441 21
441 61
441 62
441 76
441 121
441 154
441 158
441 206
441 252
441 280
441 340
441 345
441 348
441 360
441 367
441 371
441 382
441 396
441 399
441 400
441 453
441 459
441 483
442 44
442 68
442 72
442 82
442 92
442 116
442 123
442 126
442 165
442 178
442 179
442 201
442 223
442 252
442 273
442 276
442 298
442 335
442 365
442 414
442 427
442 449
442 453
442 456
442 457
442 462
442 463
442 464
443 0
443 37
443 102
443 105
443 157
443 173
443 197
443 198
443 215
443 241
443 270
443 278
443 280
443 325
443 330
443 340
443 387
443 402
443 449
443 457
443 485
443 494
443 495
444 37
444 55
444 61
444 69
444 94
444 97
444 111
444 145
444 175
444 178
444 184
444 196
444 217
444 269
444 344
444 348
444 349
444 355
444 433
444 491
445 33
445 72
445 78
445 80
445 84
445 87
445 102
445 105
445 118
445 126
445 131
445 156
445 168
445 189
445 222
445 227
445 255
445 258
445 270
445 297
445 301
445 323
445 376
445 401
445 437
445 439
445 471
445 489
445 494
446 0
446 13
446 15
446 26
446 34
446 68
446 116
446 132
446 154
446 160
446 171
446 248
446 256
446 258
446 308
446 317
446 326
446 337
446 371
446 389
446 424
446 474
446 475
447 0
447 54
447 65
447 84
447 91
447 109
447 135
447 164
447 187
447 191
447 215
447 245
447 250
447 281
447 320
447 325
447 341
447 384
447 434
447 437
447 475
447 480
447 483
448 8
448 20
448 21
448 82
448 97
448 100
448 108
448 262
448 268
448 276
448 281
448 287
448 295
448 311
448 316
448 326
448 338
448 343
448 355
448 420
448 450
448 452
448 463
448 470
449 12
449 14
449 27
449 68
449 75
449 86
449 101
449 107
449 163
449 178
449 224
449 225
449 265
449 272
449 307
449 319
449 349
449 370
449 429
449 442
449 443
449 463
449 468
449 474
449 486
449 491
449 497
450 17
450 25
450 27
450 40
450 68
450 72
450 76
450 93
450 107
450 212
450 216
450 221
450 278
450 294
450 297
450 308
450 324
450 328
450 352
450 364
450 369
450 413
450 438
450 448
451 18
451 22
451 34
451 35
451 38
451 66
451 91
451 103
451 107
451 115
451 117
451 149
451 194
451 196
451 198
451 224
451 230
451 281
451 304
451 355
451 379
451 407
451 436
451 497
452 6
452 17
452 20
452 21
452 22
452 26
452 40
452 46
452 88
452 89
452 93
452 108
452 118
452 122
452 140
452 155
452 156
452 164
452 180
452 191
452 195
452 264
452 291
452 313
452 322
452 330
452 344
452 370
452 421
452 424
452 425
452 438
452 448
452 490
452 498
453 2
453 5
453 15
453 22
453 36
453 71
453 85
453 105
453 117
453 124
453 137
453 198
453 247
453 282
453 306
453 343
453 349
453 354
453 358
453 361
453 378
453 400
453 441
453 442
453 458
453 466
454 6
454 37
454 40
454 91
454 121
454 150
454 163
454 172
454 208
454 248
454 278
454 294
454 314
454 323
454 329
454 371
454 386
454 402
454 420
454 429
455 1
455 38
455 62
455 71
455 95
455 102
455 172
455 176
455 206
455 244
455 254
455 284
455 296
455 316
455 335
455 430
455 431
455 456
456 8
456 9
456 37
456 94
456 95
456 99
456 111
456 115
456 128
456 145
456 153
456 175
456 204
456 209
456 284
456 313
456 329
456 340
456 360
456 363
456 366
456 436
456 442
456 455
456 482
457 6
457 24
457 29
457 30
457 41
457 49
457 50
457 55
457 60
457 61
457 70
457 82
457 89
457 113
457 133
457 157
457 182
457 243
457 265
457 270
457 293
457 340
457 370
457 411
457 425
457 427
457 442
457 443
457 499
458 6
458 8
458 12
458 26
458 32
458 41
458 42
458 91
458 94
458 119
458 128
458 130
458 221
458 274
458 277
458 297
458 300
458 348
458 364
458 385
458 453
458 470
458 480
458 483
459 23
459 45
459 60
459 62
459 82
459 87
459 93
459 122
459 153
459 202
459 232
459 244
459 246
459 323
459 359
459 364
459 404
459 441
459 488
460 6
460 10
460 40
460 55
460 63
460 80
460 97
460 110
460 120
460 136
460 174
460 197
460 209
460 211
460 234
460 244
460 258
460 264
460 286
460 297
460 298
460 316
460 321
460 344
460 351
460 472
460 478
460 491
460 497
461 23
461 52
461 83
461 91
461 99
461 100
461 114
461 123
461 134
461 143
461 161
461 170
461 178
461 187
461 193
461 202
461 228
461 245
461 247
461 271
461 273
461 274
461 289
461 301
461 320
461 327
461 333
461 345
461 360
461 372
461 410
461 412
461 428
461 466
461 487
461 489
462 28
462 30
462 33
462 60
462 67
462 95
462 113
462 132
462 206
462 207
462 217
462 220
462 227
462 270
462 271
462 284
462 293
462 294
462 327
462 333
462 338
462 342
462 382
462 383
462 390
462 391
462 428
462 442
462 464
462 475
463 2
463 20
463 27
463 28
463 35
463 61
463 79
463 83
463 85
463 87
463 154
463 214
463 279
463 330
463 379
463 391
463 411
463 425
463 434
463 442
463 448
463 449
463 474
463 482
464 16
464 17
464 33
464 40
464 62
464 78
464 98
464 99
464 101
464 106
464 148
464 153
464 157
464 162
464 178
464 194
464 198
464 202
464 209
464 218
464 226
464 254
464 288
464 308
464 333
464 344
464 354
464 375
464 382
464 402
464 442
464 462
464 487
464 489
464 497
464 499
465 12
465 54
465 58
465 72
465 125
465 126
465 147
465 157
465 174
465 194
465 232
465 274
465 279
465 281
465 288
465 306
465 377
465 400
465 406
465 416
465 421
465 466
465 484
465 498
465 499
466 5
466 16
466 33
466 57
466 94
466 112
466 149
466 176
466 222
466 242
466 265
466 268
466 280
466 283
466 299
466 310
466 349
466 379
466 387
466 394
466 395
466 453
466 461
466 465
466 477
466 482
466 484
466 499
467 0
467 32
467 55
467 73
467 93
467 109
467 151
467 166
467 170
467 181
467 207
467 226
467 257
467 267
467 277
467 383
467 417
468 3
468 6
468 12
468 48
468 74
468 93
468 150
468 177
468 201
468 223
468 235
468 274
468 296
468 307
468 332
468 410
468 420
468 422
468 449
468 473
468 487
468 495
468 496
469 36
469 59
469 74
469 85
469 97
469 99
469 103
469 130
469 133
469 137
469 138
469 143
469 151
469 159
469 167
469 168
469 173
469 183
469 233
469 244
469 295
469 298
469 303
469 368
469 402
469 405
469 430
470 4
470 26
470 39
470 74
470 121
470 123
470 128
470 130
470 132
470 148
470 149
470 155
470 166
470 174
470 179
470 230
470 238
470 271
470 280
470 293
470 301
470 315
470 333
470 356
470 380
470 385
470 448
470 458
470 471
470 478
471 20
471 57
471 64
471 86
471 225
471 230
471 243
471 247
471 253
471 297
471 305
471 317
471 378
471 380
471 394
471 412
471 425
471 445
471 470
472 10
472 21
472 31
472 37
472 73
472 79
472 103
472 104
472 147
472 152
472 162
472 170
472 175
472 177
472 202
472 258
472 266
472 269
472 293
472 294
472 307
472 318
472 326
472 330
472 375
472 383
472 422
472 431
472 435
472 438
472 460
472 473
472 491
472 499
473 14
473 23
473 25
473 30
473 60
473 92
473 109
473 137
473 146
473 158
473 171
473 231
473 234
473 239
473 241
473 244
473 288
473 290
473 312
473 323
473 327
473 347
473 353
473 361
473 369
473 403
473 410
473 437
473 468
473 472
473 486
473 487
473 498
474 10
474 37
474 130
474 134
474 159
474 187
474 246
474 262
474 291
474 292
474 308
474 315
474 318
474 325
474 346
474 358
474 379
474 407
474 408
474 422
474 446
474 449
474 463
475 4
475 20
475 53
475 61
475 125
475 164
475 166
475 180
475 188
475 198
475 200
475 204
475 206
475 241
475 249
475 272
475 277
475 298
475 303
475 315
475 329
475 402
475 406
475 415
475 446
475 447
475 462
475 483
476 4
476 8
476 54
476 94
476 134
476 143
476 172
476 211
476 228
476 248
476 253
476 254
476 289
476 290
476 301
476 306
476 331
476 336
476 363
476 365
476 386
476 488
477 1
477 5
477 6
477 15
477 37
477 66
477 81
477 93
477 97
477 114
477 124
477 132
477 144
477 154
477 176
477 206
477 210
477 216
477 237
477 245
477 275
477 286
477 295
477 368
477 402
477 427
477 466
477 499
478 9
478 11
478 34
478 56
478 71
478 75
478 78
478 79
478 163
478 169
478 183
478 187
478 190
478 241
478 283
478 313
478 317
478 350
478 359
478 385
478 400
478 405
478 420
478 436
478 460
478 470
479 14
479 104
479 117
479 138
479 173
479 231
479 247
479 251
479 252
479 285
479 291
479 310
479 316
479 317
479 360
479 417
479 419
480 12
480 82
480 99
480 114
480 125
480 131
480 132
480 153
480 186
480 203
480 228
480 294
480 324
480 328
480 340
480 346
480 363
480 378
480 393
480 417
480 430
480 447
480 458
480 482
481 14
481 17
481 32
481 82
481 108
481 129
481 131
481 166
481 208
481 228
481 247
481 271
481 288
481 300
481 328
481 362
481 368
481 379
481 399
481 482
482 23
482 34
482 48
482 110
482 122
482 133
482 139
482 152
482 161
482 247
482 264
482 265
482 277
482 289
482 293
482 337
482 384
482 394
482 417
482 425
482 456
482 463
482 466
482 480
482 481
483 85
483 99
483 126
483 154
483 158
483 178
483 183
483 197
483 210
483 238
483 239
483 268
483 304
483 315
483 320
483 337
483 391
483 404
483 406
483 441
483 447
483 458
483 475
484 28
484 45
484 50
484 114
484 115
484 159
484 177
484 184
484 185
484 188
484 189
484 198
484 229
484 273
484 286
484 300
484 305
484 349
484 355
484 363
484 425
484 431
484 435
484 465
484 466
485 22
485 32
485 88
485 117
485 132
485 138
485 156
485 157
485 159
485 163
485 183
485 203
485 205
485 206
485 220
485 240
485 296
485 310
485 321
485 326
485 336
485 344
485 345
485 376
485 395
485 399
485 420
485 443
485 489
486 16
486 59
486 64
486 73
486 102
486 108
486 122
486 123
486 140
486 163
486 231
486 249
486 266
486 295
486 304
486 311
486 318
486 327
486 330
486 346
486 391
486 449
486 473
487 6
487 42
487 64
487 86
487 88
487 93
487 97
487 98
487 103
487 114
487 124
487 125
487 146
487 154
487 155
487 162
487 177
487 192
487 223
487 269
487 271
487 275
487 288
487 306
487 346
487 358
487 363
487 461
487 464
487 468
487 473
488 7
488 30
488 67
488 97
488 103
488 108
488 132
488 167
488 177
488 181
488 185
488 186
488 208
488 253
488 254
488 261
488 287
488 289
488 301
488 318
488 376
488 378
488 400
488 459
488 476
489 7
489 62
489 95
489 101
489 121
489 136
489 149
489 234
489 351
489 432
489 445
489 461
489 464
489 485
490 1
490 66
490 76
490 92
490 135
490 181
490 202
490 204
490 210
490 274
490 278
490 298
490 308
490 321
490 346
490 354
490 367
490 383
490 420
490 437
490 452
490 491
490 493
490 495
491 0
491 6
491 27
491 71
491 78
491 100
491 120
491 123
491 136
491 171
491 198
491 215
491 217
491 230
491 249
491 254
491 261
491 276
491 297
491 350
491 380
491 397
491 404
491 428
491 444
491 449
491 460
491 472
491 490
491 495
492 5
492 13
492 29
492 47
492 48
492 63
492 64
492 85
492 110
492 135
492 158
492 167
492 189
492 197
492 208
492 210
492 218
492 238
492 241
492 255
492 258
492 330
492 334
492 365
492 386
492 395
492 397
492 408
492 421
492 424
492 431
492 435
492 438
492 439
493 2
493 3
493 35
493 40
493 44
493 49
493 67
493 70
493 73
493 77
493 91
493 104
493 125
493 150
493 154
493 178
493 189
493 199
493 209
493 212
493 217
493 221
493 225
493 234
493 254
493 267
493 280
493 290
493 291
493 300
493 303
493 349
493 363
493 369
493 374
493 377
493 401
493 435
493 490
493 499
494 4
494 42
494 72
494 83
494 119
494 126
494 135
494 152
494 181
494 185
494 186
494 191
494 196
494 202
494 212
494 244
494 256
494 282
494 289
494 292
494 342
494 378
494 382
494 388
494 415
494 443
494 445
495 25
495 70
495 86
495 91
495 119
495 120
495 164
495 169
495 170
495 254
495 259
495 280
495 281
495 342
495 354
495 361
495 372
495 394
495 421
495 443
495 468
495 490
495 491
496 5
496 45
496 56
496 121
496 158
496 170
496 221
496 229
496 237
496 278
496 301
496 339
496 411
496 435
496 468
497 17
497 29
497 36
497 46
497 59
497 82
497 111
497 129
497 131
497 147
497 169
497 171
497 175
497 182
497 216
497 224
497 249
497 262
497 316
497 349
497 353
497 354
497 356
497 435
497 438
497 449
497 451
497 460
497 464
498 7
498 11
498 42
498 44
498 51
498 58
498 59
498 64
498 101
498 112
498 119
498 129
498 238
498 240
498 245
498 293
498 310
498 311
498 341
498 342
498 356
498 360
498 366
498 367
498 368
498 418
498 437
498 452
498 465
498 473
499 0
499 3
499 6
499 30
499 49
499 73
499 124
499 129
499 137
499 153
499 178
499 239
499 319
499 326
499 382
499 421
499 431
499 457
499 464
499 465
499 466
499 472
499 477
499 493