200 3906
0 2
0 4
0 5
0 13
0 14
0 20
0 26
0 30
0 32
0 45
0 48
0 49
0 56
0 66
0 67
0 73
0 75
0 81
0 90
0 92
0 96
0 97
0 98
0 102
0 106
0 107
0 108
0 110
0 111
0 115
0 123
0 129
0 135
0 136
0 146
0 162
0 166
0 168
0 171
0 172
0 178
0 180
0 182
0 195
0 196
1 3
1 7
1 10
1 18
1 19
1 26
1 28
1 33
1 35
1 36
1 42
1 48
1 66
1 70
1 71
1 72
1 74
1 80
1 83
1 87
1 88
1 94
1 101
1 124
1 125
1 132
1 133
1 139
1 145
1 149
1 156
1 157
1 158
1 160
1 161
1 176
1 179
1 180
1 189
1 191
1 193
1 194
2 0
2 4
2 14
2 21
2 40
2 47
2 51
2 55
2 59
2 61
2 63
2 71
2 81
2 82
2 94
2 98
2 100
2 102
2 103
2 109
2 113
2 116
2 122
2 124
2 126
2 128
2 130
2 137
2 143
2 148
2 149
2 150
2 158
2 159
2 163
2 169
2 173
2 174
2 179
2 183
2 188
2 189
2 193
3 1
3 4
3 9
3 12
3 13
3 14
3 19
3 31
3 33
3 37
3 40
3 43
3 49
3 60
3 64
3 66
3 77
3 78
3 82
3 89
3 91
3 92
3 98
3 100
3 102
3 113
3 119
3 140
3 141
3 143
3 144
3 146
3 157
3 159
3 160
3 161
3 170
3 179
3 182
3 184
3 194
4 0
4 2
4 3
4 13
4 18
4 25
4 27
4 33
4 54
4 56
4 57
4 61
4 64
4 69
4 70
4 76
4 78
4 79
4 80
4 83
4 92
4 94
4 104
4 115
4 116
4 117
4 127
4 134
4 143
4 146
4 148
4 150
4 155
4 160
4 163
4 168
4 171
4 174
4 179
4 180
4 192
5 0
5 6
5 11
5 13
5 15
5 19
5 26
5 28
5 30
5 32
5 37
5 38
5 46
5 55
5 57
5 61
5 64
5 69
5 74
5 75
5 88
5 89
5 93
5 97
5 99
5 103
5 109
5 153
5 155
5 158
5 162
5 165
5 175
5 179
5 191
5 192
5 193
5 197
6 5
6 11
6 18
6 19
6 22
6 23
6 24
6 26
6 29
6 34
6 41
6 42
6 50
6 55
6 81
6 82
6 86
6 88
6 93
6 95
6 105
6 112
6 120
6 121
6 124
6 132
6 133
6 147
6 149
6 150
6 153
6 167
6 169
6 170
6 176
6 178
6 184
7 1
7 11
7 15
7 22
7 27
7 30
7 32
7 33
7 34
7 36
7 40
7 51
7 56
7 62
7 63
7 64
7 70
7 79
7 80
7 91
7 95
7 121
7 134
7 144
7 146
7 157
7 158
7 159
7 162
7 168
7 190
7 199
8 14
8 32
8 38
8 39
8 43
8 47
8 51
8 52
8 64
8 68
8 73
8 81
8 89
8 90
8 92
8 102
8 110
8 115
8 119
8 122
8 127
8 131
8 137
8 142
8 143
8 148
8 154
8 164
8 168
8 169
8 183
8 184
8 185
8 187
8 194
8 195
9 3
9 10
9 11
9 14
9 15
9 18
9 20
9 22
9 31
9 42
9 52
9 57
9 69
9 70
9 71
9 79
9 85
9 87
9 90
9 99
9 106
9 116
9 120
9 125
9 130
9 133
9 136
9 138
9 144
9 146
9 152
9 154
9 158
9 161
9 166
9 172
9 177
9 180
9 184
9 188
9 197
9 199
10 1
10 9
10 16
10 19
10 23
10 26
10 32
10 35
10 37
10 40
10 44
10 48
10 62
10 67
10 70
10 71
10 84
10 87
10 88
10 98
10 100
10 101
10 105
10 115
10 117
10 128
10 131
10 135
10 141
10 143
10 145
10 150
10 155
10 168
10 171
10 173
10 175
10 176
10 196
10 198
11 5
11 6
11 7
11 9
11 13
11 16
11 17
11 20
11 35
11 41
11 44
11 47
11 57
11 60
11 63
11 65
11 69
11 71
11 75
11 83
11 89
11 90
11 92
11 99
11 107
11 113
11 115
11 127
11 137
11 140
11 144
11 159
11 162
11 169
11 174
11 188
11 195
11 199
12 3
12 23
12 24
12 27
12 30
12 35
12 48
12 52
12 53
12 55
12 64
12 66
12 68
12 73
12 77
12 79
12 89
12 98
12 104
12 113
12 118
12 119
12 123
12 126
12 130
12 136
12 137
12 155
12 164
12 168
12 171
12 180
12 183
12 185
12 195
12 196
13 0
13 3
13 4
13 5
13 11
13 17
13 21
13 27
13 28
13 35
13 38
13 39
13 47
13 48
13 50
13 52
13 66
13 74
13 77
13 80
13 85
13 86
13 89
13 103
13 105
13 106
13 111
13 118
13 124
13 127
13 130
13 143
13 155
13 156
13 158
13 160
13 174
13 176
13 181
13 183
13 191
14 0
14 2
14 3
14 8
14 9
14 15
14 16
14 21
14 27
14 29
14 36
14 47
14 55
14 61
14 62
14 63
14 65
14 68
14 71
14 72
14 76
14 77
14 78
14 80
14 84
14 90
14 91
14 100
14 101
14 107
14 117
14 124
14 125
14 126
14 129
14 130
14 131
14 136
14 140
14 141
14 148
14 154
14 166
14 170
14 172
14 174
14 180
14 182
14 183
14 192
14 194
14 196
14 198
15 5
15 7
15 9
15 14
15 16
15 17
15 30
15 42
15 46
15 47
15 48
15 49
15 51
15 55
15 56
15 58
15 62
15 65
15 71
15 78
15 80
15 95
15 96
15 97
15 99
15 101
15 103
15 105
15 109
15 117
15 118
15 120
15 127
15 130
15 132
15 137
15 138
15 143
15 145
15 146
15 147
15 156
15 161
15 172
15 174
15 180
15 181
15 187
15 191
15 196
16 10
16 11
16 14
16 15
16 21
16 24
16 26
16 31
16 39
16 43
16 47
16 48
16 52
16 54
16 63
16 70
16 74
16 76
16 77
16 80
16 86
16 91
16 96
16 100
16 109
16 112
16 114
16 122
16 133
16 136
16 137
16 147
16 155
16 168
16 173
16 181
16 182
16 186
16 188
16 190
16 199
17 11
17 13
17 15
17 19
17 24
17 31
17 36
17 39
17 40
17 54
17 55
17 61
17 65
17 68
17 86
17 94
17 95
17 97
17 98
17 99
17 100
17 102
17 108
17 110
17 118
17 121
17 123
17 127
17 129
17 140
17 141
17 148
17 152
17 167
17 170
17 173
17 176
17 183
17 191
17 196
17 198
18 1
18 4
18 6
18 9
18 28
18 31
18 34
18 38
18 48
18 57
18 63
18 65
18 67
18 69
18 74
18 78
18 79
18 86
18 87
18 95
18 102
18 104
18 105
18 106
18 110
18 118
18 129
18 134
18 136
18 138
18 147
18 151
18 153
18 162
18 165
18 166
18 173
18 180
18 189
18 196
18 197
18 199
19 1
19 3
19 5
19 6
19 10
19 17
19 25
19 31
19 34
19 35
19 37
19 39
19 40
19 41
19 63
19 64
19 65
19 68
19 72
19 76
19 101
19 110
19 112
19 123
19 143
19 145
19 148
19 155
19 160
19 161
19 186
20 0
20 9
20 11
20 26
20 36
20 54
20 56
20 57
20 59
20 64
20 70
20 72
20 80
20 90
20 91
20 92
20 95
20 97
20 102
20 105
20 108
20 121
20 130
20 131
20 138
20 141
20 142
20 147
20 148
20 154
20 157
20 160
20 167
20 169
20 171
20 172
20 180
20 182
20 183
20 184
20 188
20 193
20 197
20 198
21 2
21 13
21 14
21 16
21 22
21 26
21 30
21 35
21 41
21 44
21 45
21 46
21 47
21 58
21 59
21 62
21 76
21 79
21 86
21 87
21 90
21 103
21 108
21 116
21 117
21 124
21 127
21 129
21 131
21 139
21 146
21 154
21 159
21 162
21 169
21 171
21 173
21 174
21 175
21 184
21 185
21 191
22 6
22 7
22 9
22 21
22 23
22 28
22 35
22 36
22 38
22 51
22 61
22 69
22 73
22 97
22 100
22 102
22 104
22 112
22 124
22 130
22 134
22 136
22 140
22 143
22 152
22 155
22 184
22 191
22 196
23 6
23 10
23 12
23 22
23 24
23 28
23 30
23 31
23 33
23 37
23 41
23 44
23 53
23 56
23 62
23 63
23 64
23 66
23 68
23 73
23 74
23 79
23 88
23 92
23 98
23 108
23 130
23 132
23 134
23 137
23 140
23 143
23 146
23 151
23 154
23 163
23 184
23 188
23 192
23 199
24 6
24 12
24 16
24 17
24 23
24 29
24 39
24 41
24 43
24 44
24 48
24 59
24 67
24 69
24 71
24 82
24 96
24 112
24 117
24 125
24 126
24 136
24 138
24 150
24 160
24 161
24 162
24 163
24 177
24 180
24 183
24 184
24 186
24 196
24 198
25 4
25 19
25 33
25 36
25 40
25 45
25 52
25 57
25 60
25 70
25 85
25 97
25 109
25 110
25 111
25 112
25 123
25 124
25 126
25 128
25 139
25 144
25 145
25 147
25 151
25 158
25 166
25 168
25 181
25 183
25 184
25 192
25 193
26 0
26 1
26 5
26 6
26 10
26 16
26 20
26 21
26 28
26 36
26 43
26 45
26 46
26 47
26 48
26 50
26 58
26 64
26 75
26 76
26 81
26 83
26 86
26 95
26 96
26 98
26 100
26 111
26 126
26 131
26 145
26 150
26 156
26 161
26 163
26 167
26 168
26 183
26 184
26 185
26 190
26 191
26 196
26 197
27 4
27 7
27 12
27 13
27 14
27 31
27 36
27 39
27 50
27 51
27 52
27 53
27 56
27 67
27 68
27 79
27 84
27 86
27 93
27 94
27 96
27 100
27 104
27 110
27 113
27 114
27 124
27 136
27 139
27 144
27 147
27 148
27 154
27 160
27 167
27 175
27 179
27 188
27 197
28 1
28 5
28 13
28 18
28 22
28 23
28 26
28 31
28 33
28 35
28 48
28 52
28 57
28 58
28 64
28 70
28 79
28 80
28 84
28 88
28 94
28 97
28 99
28 106
28 111
28 114
28 117
28 118
28 120
28 125
28 126
28 130
28 138
28 142
28 145
28 150
28 153
28 164
28 168
28 176
28 190
28 191
28 192
28 194
28 196
28 199
29 6
29 14
29 24
29 34
29 40
29 42
29 47
29 52
29 59
29 62
29 72
29 73
29 74
29 77
29 89
29 92
29 93
29 106
29 107
29 109
29 110
29 113
29 123
29 125
29 126
29 129
29 132
29 133
29 142
29 145
29 147
29 149
29 150
29 151
29 154
29 170
29 176
29 183
29 184
29 186
29 188
29 191
30 0
30 5
30 7
30 12
30 15
30 21
30 23
30 31
30 35
30 40
30 42
30 43
30 45
30 56
30 58
30 59
30 66
30 69
30 73
30 77
30 89
30 90
30 96
30 101
30 109
30 111
30 116
30 133
30 141
30 142
30 145
30 148
30 150
30 155
30 160
30 163
30 169
30 171
30 172
30 174
30 177
30 179
30 190
30 199
31 3
31 9
31 16
31 17
31 18
31 19
31 23
31 27
31 28
31 30
31 34
31 45
31 51
31 71
31 73
31 75
31 80
31 85
31 87
31 89
31 94
31 95
31 99
31 102
31 106
31 110
31 111
31 113
31 119
31 120
31 121
31 138
31 140
31 144
31 146
31 155
31 157
31 161
31 164
31 167
31 172
31 192
32 0
32 5
32 7
32 8
32 10
32 46
32 49
32 55
32 60
32 64
32 83
32 85
32 87
32 89
32 90
32 91
32 92
32 95
32 96
32 119
32 123
32 127
32 130
32 136
32 137
32 148
32 172
32 175
32 178
32 182
32 185
32 192
32 198
32 199
33 1
33 3
33 4
33 7
33 23
33 25
33 28
33 38
33 55
33 57
33 58
33 64
33 65
33 67
33 74
33 79
33 80
33 91
33 94
33 97
33 104
33 106
33 111
33 117
33 120
33 124
33 136
33 138
33 144
33 147
33 150
33 163
33 164
33 166
33 178
33 180
33 182
33 188
33 195
33 199
34 6
34 7
34 18
34 19
34 29
34 31
34 47
34 52
34 62
34 63
34 68
34 77
34 78
34 86
34 91
34 93
34 99
34 105
34 106
34 110
34 112
34 115
34 118
34 121
34 125
34 131
34 136
34 140
34 143
34 144
34 152
34 154
34 165
34 167
34 168
34 169
34 172
34 178
34 180
34 183
34 187
34 191
34 196
34 198
35 1
35 10
35 11
35 12
35 13
35 19
35 21
35 22
35 28
35 30
35 37
35 54
35 56
35 70
35 73
35 78
35 90
35 93
35 94
35 95
35 97
35 98
35 100
35 111
35 113
35 115
35 117
35 118
35 127
35 128
35 142
35 148
35 149
35 151
35 154
35 157
35 158
35 160
35 161
35 163
35 165
35 169
35 185
35 190
35 199
36 1
36 7
36 14
36 17
36 20
36 22
36 25
36 26
36 27
36 42
36 52
36 55
36 58
36 60
36 61
36 64
36 67
36 69
36 72
36 81
36 83
36 97
36 99
36 112
36 115
36 132
36 136
36 137
36 141
36 143
36 145
36 146
36 160
36 164
36 172
36 179
36 190
36 191
36 197
37 3
37 5
37 10
37 19
37 23
37 35
37 52
37 66
37 73
37 78
37 85
37 87
37 89
37 93
37 94
37 97
37 98
37 99
37 101
37 102
37 108
37 109
37 115
37 118
37 119
37 131
37 138
37 143
37 146
37 147
37 153
37 157
37 158
37 165
37 171
37 196
38 5
38 8
38 13
38 18
38 22
38 33
38 40
38 42
38 44
38 45
38 47
38 62
38 73
38 79
38 83
38 98
38 102
38 103
38 105
38 108
38 115
38 121
38 125
38 129
38 141
38 142
38 156
38 159
38 161
38 164
38 175
38 176
38 182
38 186
38 187
38 190
38 195
38 197
39 8
39 13
39 16
39 17
39 19
39 24
39 27
39 40
39 44
39 47
39 59
39 65
39 66
39 68
39 73
39 74
39 75
39 76
39 80
39 96
39 100
39 104
39 120
39 123
39 124
39 129
39 149
39 158
39 167
39 175
39 185
39 193
39 194
40 2
40 3
40 7
40 10
40 17
40 19
40 25
40 29
40 30
40 38
40 39
40 41
40 45
40 48
40 52
40 56
40 57
40 61
40 63
40 69
40 72
40 74
40 78
40 82
40 84
40 87
40 88
40 106
40 110
40 112
40 114
40 119
40 122
40 127
40 131
40 139
40 145
40 148
40 154
40 164
40 175
40 180
40 182
40 183
40 185
40 186
40 188
40 199
41 6
41 11
41 19
41 21
41 23
41 24
41 40
41 48
41 53
41 54
41 57
41 60
41 67
41 74
41 77
41 85
41 91
41 99
41 103
41 104
41 111
41 127
41 135
41 141
41 145
41 146
41 163
41 164
41 168
41 170
41 184
41 185
41 186
41 195
41 197
42 1
42 6
42 9
42 15
42 29
42 30
42 36
42 38
42 44
42 45
42 47
42 48
42 50
42 52
42 54
42 58
42 62
42 64
42 66
42 70
42 80
42 84
42 91
42 92
42 96
42 103
42 114
42 124
42 138
42 145
42 158
42 161
42 168
42 172
42 178
42 191
42 193
42 194
42 196
42 197
43 3
43 8
43 16
43 24
43 26
43 30
43 47
43 48
43 58
43 59
43 60
43 67
43 68
43 72
43 78
43 86
43 87
43 89
43 91
43 94
43 101
43 103
43 112
43 117
43 127
43 133
43 138
43 146
43 148
43 152
43 164
43 184
43 193
43 194
43 195
43 198
43 199
44 10
44 11
44 21
44 23
44 24
44 38
44 39
44 42
44 46
44 47
44 50
44 60
44 62
44 63
44 65
44 67
44 70
44 81
44 82
44 84
44 86
44 88
44 100
44 101
44 102
44 106
44 123
44 125
44 135
44 140
44 145
44 149
44 150
44 156
44 158
44 161
44 164
44 167
44 175
44 176
44 179
44 182
44 193
45 0
45 21
45 25
45 26
45 30
45 31
45 38
45 40
45 42
45 47
45 50
45 56
45 57
45 61
45 62
45 69
45 70
45 72
45 84
45 85
45 86
45 89
45 95
45 108
45 113
45 115
45 117
45 121
45 126
45 140
45 141
45 144
45 146
45 147
45 152
45 154
45 172
45 173
45 175
45 182
45 186
45 190
45 194
45 197
45 198
46 5
46 15
46 21
46 26
46 32
46 44
46 53
46 57
46 63
46 64
46 68
46 69
46 71
46 83
46 84
46 94
46 96
46 100
46 129
46 132
46 134
46 136
46 140
46 141
46 153
46 156
46 168
46 171
46 173
46 174
46 177
46 178
46 185
46 189
46 194
46 195
46 196
46 198
47 2
47 8
47 11
47 13
47 14
47 15
47 16
47 21
47 26
47 29
47 34
47 38
47 39
47 42
47 43
47 44
47 45
47 50
47 52
47 54
47 77
47 80
47 84
47 91
47 92
47 102
47 107
47 113
47 119
47 121
47 123
47 126
47 138
47 139
47 142
47 144
47 159
47 167
47 168
47 178
47 180
47 185
47 190
47 198
48 0
48 1
48 10
48 12
48 13
48 15
48 16
48 18
48 24
48 26
48 28
48 40
48 41
48 42
48 43
48 51
48 68
48 75
48 78
48 88
48 94
48 104
48 109
48 114
48 120
48 126
48 129
48 130
48 134
48 136
48 137
48 141
48 143
48 146
48 155
48 156
48 160
48 161
48 162
48 171
48 189
48 199
49 0
49 3
49 15
49 32
49 56
49 57
49 65
49 76
49 86
49 95
49 111
49 115
49 116
49 124
49 127
49 129
49 133
49 135
49 140
49 143
49 151
49 160
49 161
49 162
49 173
49 179
49 187
49 189
49 190
49 193
50 6
50 13
50 26
50 27
50 42
50 44
50 45
50 47
50 54
50 62
50 71
50 72
50 75
50 77
50 85
50 89
50 90
50 109
50 119
50 121
50 122
50 123
50 126
50 127
50 130
50 133
50 136
50 143
50 146
50 151
50 152
50 155
50 156
50 157
50 170
50 173
50 175
50 179
50 194
50 199
51 2
51 7
51 8
51 15
51 22
51 27
51 31
51 48
51 53
51 54
51 55
51 58
51 59
51 70
51 79
51 80
51 84
51 85
51 88
51 91
51 95
51 99
51 100
51 102
51 109
51 113
51 119
51 126
51 127
51 133
51 135
51 146
51 147
51 151
51 153
51 164
51 170
51 171
51 173
51 175
51 176
51 179
51 180
51 181
51 182
51 192
51 194
51 195
51 197
52 8
52 9
52 12
52 13
52 16
52 25
52 27
52 28
52 29
52 34
52 36
52 37
52 40
52 42
52 47
52 55
52 57
52 63
52 69
52 85
52 87
52 96
52 102
52 112
52 125
52 140
52 141
52 144
52 148
52 149
52 157
52 161
52 166
52 168
52 174
52 177
52 184
52 187
52 195
52 198
53 12
53 23
53 27
53 41
53 46
53 51
53 59
53 61
53 74
53 76
53 82
53 86
53 90
53 93
53 114
53 115
53 129
53 132
53 135
53 141
53 147
53 149
53 150
53 158
53 160
53 165
53 166
53 170
53 173
53 180
53 185
53 194
54 4
54 16
54 17
54 20
54 35
54 41
54 42
54 47
54 50
54 51
54 58
54 64
54 65
54 70
54 79
54 83
54 87
54 99
54 102
54 111
54 113
54 116
54 117
54 134
54 137
54 142
54 144
54 147
54 148
54 160
54 169
54 175
54 178
54 183
54 186
54 189
54 190
54 193
55 2
55 5
55 6
55 12
55 14
55 15
55 17
55 32
55 33
55 36
55 51
55 52
55 61
55 71
55 73
55 78
55 81
55 91
55 100
55 101
55 116
55 142
55 155
55 164
55 166
55 168
55 176
55 177
55 193
55 199
56 0
56 4
56 7
56 15
56 20
56 23
56 27
56 30
56 35
56 40
56 45
56 49
56 63
56 64
56 65
56 68
56 69
56 71
56 75
56 84
56 90
56 91
56 104
56 116
56 120
56 121
56 126
56 128
56 139
56 154
56 159
56 160
56 162
56 170
56 171
56 173
56 178
56 180
56 185
56 188
56 197
57 4
57 5
57 9
57 11
57 18
57 20
57 25
57 28
57 33
57 40
57 41
57 45
57 46
57 49
57 52
57 62
57 66
57 72
57 74
57 82
57 94
57 98
57 114
57 117
57 126
57 129
57 140
57 141
57 145
57 151
57 165
57 171
57 176
57 177
57 180
57 182
57 186
57 187
57 188
57 196
58 15
58 21
58 26
58 28
58 30
58 33
58 36
58 42
58 43
58 51
58 54
58 65
58 71
58 72
58 73
58 77
58 80
58 94
58 95
58 96
58 104
58 111
58 113
58 128
58 135
58 136
58 146
58 147
58 148
58 151
58 152
58 153
58 155
58 159
58 162
58 168
58 169
58 172
58 174
58 183
58 185
58 186
58 190
58 191
58 197
58 199
59 2
59 20
59 21
59 24
59 29
59 30
59 39
59 43
59 51
59 53
59 67
59 69
59 70
59 73
59 77
59 88
59 91
59 95
59 105
59 107
59 113
59 120
59 122
59 123
59 129
59 133
59 138
59 140
59 143
59 146
59 168
59 169
59 170
59 182
59 185
59 186
59 187
59 193
59 199
60 3
60 11
60 25
60 32
60 36
60 41
60 43
60 44
60 68
60 72
60 78
60 83
60 84
60 90
60 92
60 94
60 98
60 105
60 107
60 108
60 109
60 111
60 116
60 125
60 127
60 134
60 145
60 146
60 155
60 162
60 166
60 167
60 170
60 173
60 175
60 187
60 190
60 195
61 2
61 4
61 5
61 14
61 17
61 22
61 36
61 40
61 45
61 53
61 55
61 69
61 75
61 83
61 91
61 92
61 95
61 100
61 103
61 115
61 123
61 134
61 142
61 156
61 160
61 170
61 172
61 174
61 176
61 177
61 180
61 183
61 189
61 193
62 7
62 10
62 14
62 15
62 21
62 23
62 29
62 34
62 38
62 42
62 44
62 45
62 50
62 57
62 63
62 64
62 65
62 69
62 100
62 104
62 111
62 115
62 125
62 126
62 127
62 129
62 131
62 132
62 142
62 149
62 154
62 172
62 179
62 180
62 181
62 186
62 194
62 195
62 198
63 2
63 7
63 11
63 14
63 16
63 18
63 19
63 23
63 34
63 40
63 44
63 46
63 52
63 56
63 62
63 69
63 75
63 81
63 82
63 84
63 112
63 126
63 128
63 132
63 141
63 148
63 151
63 154
63 155
63 161
63 164
63 167
63 168
63 174
63 178
63 188
64 3
64 4
64 5
64 7
64 8
64 12
64 19
64 20
64 23
64 26
64 28
64 32
64 33
64 36
64 42
64 46
64 54
64 56
64 62
64 66
64 73
64 76
64 85
64 95
64 97
64 103
64 115
64 116
64 123
64 126
64 131
64 138
64 152
64 154
64 174
64 181
64 183
64 193
64 194
65 11
65 14
65 15
65 17
65 18
65 19
65 33
65 39
65 44
65 49
65 54
65 56
65 58
65 62
65 79
65 92
65 93
65 114
65 118
65 123
65 134
65 138
65 143
65 147
65 151
65 167
65 170
65 178
65 180
65 181
65 187
65 188
65 191
65 193
65 194
65 196
66 0
66 1
66 3
66 12
66 13
66 23
66 30
66 37
66 39
66 42
66 57
66 64
66 67
66 72
66 76
66 77
66 78
66 103
66 104
66 108
66 117
66 119
66 122
66 126
66 132
66 147
66 150
66 152
66 153
66 161
66 162
66 169
66 170
66 171
66 174
66 176
66 180
66 183
66 189
66 192
66 198
67 0
67 10
67 18
67 24
67 27
67 33
67 36
67 41
67 43
67 44
67 59
67 66
67 68
67 92
67 100
67 105
67 119
67 120
67 123
67 131
67 138
67 142
67 144
67 146
67 148
67 153
67 156
67 168
67 169
67 170
67 174
67 183
67 186
67 191
67 192
67 198
68 8
68 12
68 14
68 17
68 19
68 23
68 27
68 34
68 39
68 43
68 46
68 48
68 56
68 60
68 67
68 70
68 75
68 76
68 79
68 92
68 96
68 98
68 103
68 107
68 108
68 115
68 121
68 124
68 130
68 139
68 140
68 141
68 142
68 145
68 156
68 161
68 165
68 166
68 168
68 169
68 171
68 177
68 181
68 188
68 192
68 194
68 196
69 4
69 5
69 9
69 11
69 18
69 22
69 24
69 30
69 36
69 40
69 45
69 46
69 52
69 56
69 59
69 61
69 62
69 63
69 71
69 78
69 80
69 83
69 88
69 90
69 96
69 106
69 112
69 113
69 118
69 122
69 126
69 132
69 138
69 141
69 147
69 148
69 156
69 160
69 161
69 162
69 167
69 169
69 171
69 197
70 1
70 4
70 7
70 9
70 10
70 16
70 20
70 25
70 28
70 35
70 42
70 44
70 45
70 51
70 54
70 59
70 68
70 78
70 84
70 102
70 106
70 122
70 124
70 133
70 138
70 143
70 145
70 151
70 155
70 159
70 177
70 182
70 183
70 185
70 190
71 1
71 2
71 9
71 10
71 11
71 14
71 15
71 24
71 31
71 46
71 50
71 55
71 56
71 58
71 69
71 72
71 84
71 87
71 93
71 94
71 99
71 102
71 103
71 107
71 108
71 118
71 124
71 125
71 126
71 129
71 132
71 147
71 152
71 154
71 175
71 178
71 184
71 186
71 188
72 1
72 14
72 19
72 20
72 29
72 36
72 40
72 43
72 45
72 50
72 57
72 58
72 60
72 66
72 71
72 80
72 86
72 88
72 91
72 92
72 98
72 114
72 116
72 142
72 143
72 155
72 158
72 160
72 170
72 179
72 181
72 188
72 189
72 192
72 193
72 195
73 0
73 8
73 12
73 22
73 23
73 29
73 30
73 31
73 35
73 37
73 38
73 39
73 55
73 58
73 59
73 64
73 78
73 80
73 92
73 94
73 101
73 104
73 106
73 112
73 120
73 122
73 123
73 125
73 143
73 168
73 180
73 183
73 194
74 1
74 5
74 13
74 16
74 18
74 23
74 29
74 33
74 39
74 40
74 41
74 53
74 57
74 76
74 80
74 87
74 88
74 91
74 104
74 110
74 118
74 122
74 127
74 129
74 135
74 142
74 143
74 145
74 148
74 150
74 161
74 164
74 171
74 173
74 175
74 177
74 182
74 185
74 188
74 195
74 198
75 0
75 5
75 11
75 26
75 31
75 39
75 48
75 50
75 56
75 61
75 63
75 68
75 81
75 82
75 84
75 85
75 86
75 90
75 94
75 96
75 97
75 99
75 100
75 102
75 103
75 124
75 125
75 127
75 131
75 134
75 135
75 141
75 142
75 155
75 157
75 166
75 178
75 184
75 188
75 190
75 193
76 4
76 14
76 16
76 19
76 21
76 26
76 39
76 49
76 53
76 64
76 66
76 68
76 74
76 84
76 87
76 88
76 89
76 96
76 98
76 102
76 104
76 125
76 128
76 130
76 138
76 139
76 140
76 145
76 154
76 167
76 168
76 177
76 178
76 190
76 193
76 196
77 3
77 12
77 13
77 14
77 16
77 29
77 30
77 34
77 41
77 47
77 50
77 58
77 59
77 66
77 95
77 99
77 106
77 112
77 117
77 120
77 124
77 126
77 128
77 138
77 141
77 173
77 185
77 187
77 189
77 193
78 3
78 4
78 14
78 15
78 18
78 34
78 35
78 37
78 40
78 43
78 48
78 55
78 60
78 66
78 69
78 70
78 73
78 79
78 85
78 87
78 102
78 108
78 109
78 112
78 127
78 128
78 132
78 135
78 141
78 146
78 155
78 157
78 168
78 171
78 172
78 177
78 182
78 199
79 4
79 7
79 9
79 12
79 18
79 21
79 23
79 27
79 28
79 33
79 38
79 51
79 54
79 65
79 68
79 78
79 80
79 85
79 89
79 99
79 100
79 102
79 106
79 108
79 111
79 112
79 117
79 118
79 119
79 120
79 126
79 133
79 157
79 162
79 166
79 181
79 195
80 1
80 4
80 7
80 13
80 14
80 15
80 16
80 20
80 28
80 31
80 33
80 39
80 42
80 47
80 51
80 58
80 69
80 72
80 73
80 74
80 79
80 93
80 95
80 96
80 97
80 98
80 112
80 116
80 117
80 123
80 124
80 128
80 133
80 136
80 138
80 140
80 142
80 145
80 156
80 157
80 165
80 167
80 168
80 169
80 172
80 175
80 180
80 193
81 0
81 2
81 6
81 8
81 26
81 36
81 44
81 55
81 63
81 75
81 83
81 87
81 89
81 95
81 98
81 103
81 106
81 116
81 119
81 122
81 123
81 128
81 132
81 133
81 138
81 140
81 146
81 147
81 156
81 157
81 163
81 164
81 166
81 167
81 170
81 172
81 173
81 174
81 180
81 185
81 187
81 188
81 193
81 196
81 197
81 198
82 2
82 3
82 6
82 24
82 40
82 44
82 53
82 57
82 63
82 75
82 85
82 92
82 94
82 96
82 100
82 104
82 122
82 123
82 124
82 125
82 130
82 137
82 139
82 143
82 144
82 149
82 151
82 171
82 189
83 1
83 4
83 11
83 26
83 32
83 36
83 38
83 46
83 54
83 60
83 61
83 69
83 81
83 84
83 86
83 91
83 93
83 95
83 104
83 106
83 107
83 114
83 118
83 121
83 127
83 128
83 133
83 136
83 143
83 145
83 149
83 156
83 179
83 186
84 10
84 14
84 27
84 28
84 40
84 42
84 44
84 45
84 46
84 47
84 51
84 56
84 60
84 63
84 70
84 71
84 75
84 76
84 83
84 91
84 118
84 119
84 122
84 125
84 128
84 135
84 144
84 148
84 161
84 162
84 164
84 165
84 172
84 178
84 179
84 182
84 183
84 188
85 9
85 13
85 25
85 31
85 32
85 37
85 41
85 45
85 50
85 51
85 52
85 64
85 75
85 78
85 79
85 82
85 88
85 90
85 92
85 93
85 102
85 113
85 114
85 117
85 123
85 125
85 126
85 127
85 128
85 134
85 138
85 141
85 146
85 148
85 150
85 153
85 172
85 178
85 179
85 196
85 198
86 6
86 13
86 16
86 17
86 18
86 21
86 26
86 27
86 34
86 43
86 44
86 45
86 49
86 53
86 72
86 75
86 83
86 90
86 94
86 100
86 106
86 107
86 113
86 115
86 119
86 122
86 126
86 136
86 137
86 143
86 145
86 152
86 173
86 174
86 177
86 185
86 186
86 189
86 194
86 195
86 198
87 1
87 9
87 10
87 18
87 21
87 31
87 32
87 37
87 40
87 43
87 52
87 54
87 71
87 74
87 76
87 78
87 81
87 89
87 97
87 100
87 103
87 107
87 112
87 117
87 121
87 126
87 127
87 131
87 136
87 139
87 145
87 151
87 158
87 170
87 182
87 186
87 192
87 194
88 1
88 5
88 6
88 10
88 23
88 28
88 40
88 44
88 48
88 51
88 59
88 69
88 72
88 74
88 76
88 85
88 91
88 93
88 95
88 100
88 101
88 107
88 114
88 121
88 125
88 127
88 134
88 136
88 139
88 142
88 147
88 148
88 149
88 151
88 153
88 154
88 155
88 160
88 171
88 172
88 192
88 194
89 3
89 5
89 8
89 11
89 12
89 13
89 29
89 30
89 31
89 32
89 37
89 43
89 45
89 50
89 76
89 79
89 81
89 87
89 95
89 96
89 98
89 103
89 111
89 113
89 122
89 126
89 136
89 137
89 140
89 142
89 145
89 154
89 156
89 159
89 163
89 175
89 178
89 185
89 193
90 0
90 8
90 9
90 11
90 14
90 20
90 21
90 30
90 32
90 35
90 50
90 53
90 56
90 60
90 69
90 75
90 85
90 86
90 92
90 96
90 98
90 102
90 106
90 108
90 116
90 118
90 123
90 124
90 128
90 129
90 132
90 136
90 137
90 153
90 156
90 159
90 162
90 164
90 165
90 169
90 173
90 174
90 175
90 181
90 187
90 188
90 196
90 197
90 198
91 3
91 7
91 14
91 16
91 20
91 32
91 33
91 34
91 41
91 42
91 43
91 47
91 51
91 55
91 56
91 59
91 61
91 72
91 74
91 83
91 84
91 88
91 100
91 101
91 111
91 114
91 115
91 117
91 118
91 120
91 123
91 131
91 135
91 146
91 149
91 150
91 157
91 170
91 172
91 181
91 182
91 188
91 192
91 194
91 198
92 0
92 3
92 4
92 8
92 11
92 20
92 23
92 29
92 32
92 42
92 47
92 60
92 61
92 65
92 67
92 68
92 72
92 73
92 82
92 85
92 90
92 100
92 105
92 108
92 111
92 112
92 119
92 120
92 130
92 131
92 134
92 137
92 139
92 140
92 143
92 144
92 147
92 152
92 154
92 156
92 162
92 167
92 189
92 190
92 193
93 5
93 6
93 27
93 29
93 34
93 35
93 37
93 53
93 65
93 71
93 80
93 83
93 85
93 88
93 99
93 101
93 104
93 105
93 106
93 107
93 108
93 112
93 113
93 116
93 122
93 125
93 132
93 135
93 142
93 163
93 175
94 1
94 2
94 4
94 17
94 27
94 28
94 31
94 33
94 35
94 37
94 43
94 46
94 48
94 57
94 58
94 60
94 71
94 73
94 75
94 82
94 86
94 107
94 112
94 119
94 120
94 121
94 129
94 130
94 131
94 153
94 157
94 171
94 179
94 186
94 196
94 199
95 6
95 7
95 15
95 17
95 18
95 20
95 26
95 31
95 32
95 35
95 45
95 49
95 51
95 58
95 59
95 61
95 64
95 77
95 80
95 81
95 83
95 88
95 89
95 104
95 108
95 111
95 129
95 139
95 147
95 149
95 151
95 156
95 159
95 164
95 167
95 169
95 172
95 173
95 174
95 179
95 191
95 194
96 0
96 15
96 16
96 24
96 26
96 27
96 30
96 32
96 39
96 42
96 46
96 52
96 58
96 68
96 69
96 75
96 76
96 80
96 82
96 89
96 90
96 105
96 107
96 109
96 111
96 115
96 117
96 124
96 126
96 128
96 131
96 139
96 140
96 142
96 144
96 149
96 152
96 162
96 165
96 169
96 170
96 177
96 181
96 185
96 188
96 191
97 0
97 5
97 15
97 17
97 20
97 22
97 25
97 28
97 33
97 35
97 36
97 37
97 64
97 75
97 80
97 87
97 106
97 107
97 109
97 119
97 121
97 130
97 132
97 133
97 135
97 142
97 144
97 146
97 148
97 159
97 160
97 164
97 167
97 172
97 174
97 179
97 180
97 182
97 183
97 187
97 188
97 192
97 197
98 0
98 2
98 3
98 10
98 12
98 17
98 23
98 26
98 35
98 37
98 38
98 57
98 60
98 68
98 72
98 76
98 80
98 81
98 89
98 90
98 99
98 103
98 104
98 106
98 107
98 108
98 114
98 115
98 127
98 128
98 131
98 136
98 137
98 141
98 142
98 144
98 147
98 150
98 154
98 156
98 158
98 166
98 172
98 174
98 177
98 195
99 5
99 9
99 11
99 15
99 17
99 28
99 31
99 34
99 36
99 37
99 41
99 51
99 54
99 71
99 75
99 77
99 79
99 93
99 98
99 109
99 110
99 113
99 115
99 118
99 120
99 128
99 130
99 133
99 139
99 140
99 143
99 145
99 149
99 154
99 176
99 179
99 184
99 190
100 2
100 3
100 10
100 14
100 16
100 17
100 22
100 26
100 27
100 35
100 39
100 44
100 46
100 51
100 55
100 61
100 62
100 67
100 75
100 79
100 82
100 86
100 87
100 88
100 91
100 92
100 120
100 121
100 132
100 138
100 145
100 149
100 150
100 155
100 160
100 161
100 168
100 171
100 176
100 177
100 178
100 180
100 182
100 186
100 196
101 1
101 10
101 14
101 15
101 19
101 30
101 37
101 43
101 44
101 55
101 73
101 88
101 91
101 93
101 120
101 122
101 127
101 128
101 135
101 137
101 138
101 146
101 147
101 156
101 162
101 164
101 169
101 182
101 187
101 199
102 0
102 2
102 3
102 8
102 17
102 18
102 20
102 22
102 31
102 37
102 38
102 44
102 47
102 51
102 52
102 54
102 70
102 71
102 75
102 76
102 78
102 79
102 85
102 90
102 106
102 114
102 117
102 123
102 135
102 143
102 145
102 174
102 176
102 183
102 184
102 185
102 193
103 2
103 5
103 13
103 15
103 21
103 38
103 41
103 42
103 43
103 61
103 64
103 66
103 68
103 71
103 75
103 81
103 87
103 89
103 98
103 108
103 109
103 112
103 116
103 124
103 139
103 141
103 142
103 143
103 145
103 146
103 152
103 177
103 183
103 184
103 185
103 186
103 194
103 199
104 4
104 12
104 18
104 22
104 27
104 33
104 39
104 41
104 48
104 56
104 58
104 62
104 66
104 73
104 74
104 76
104 82
104 83
104 93
104 95
104 98
104 108
104 110
104 115
104 116
104 120
104 125
104 131
104 134
104 139
104 141
104 143
104 144
104 145
104 149
104 156
104 158
104 162
104 176
104 179
104 184
105 6
105 10
105 13
105 15
105 18
105 20
105 34
105 38
105 59
105 60
105 67
105 92
105 93
105 96
105 126
105 129
105 132
105 135
105 143
105 148
105 152
105 157
105 163
105 173
105 176
105 177
105 179
105 186
105 190
105 194
105 195
105 196
106 0
106 9
106 13
106 18
106 28
106 29
106 31
106 33
106 34
106 40
106 44
106 69
106 70
106 73
106 77
106 79
106 81
106 83
106 86
106 90
106 93
106 97
106 98
106 102
106 110
106 113
106 134
106 137
106 140
106 146
106 149
106 151
106 152
106 156
106 164
106 171
106 181
106 182
106 188
106 198
107 0
107 11
107 14
107 29
107 47
107 59
107 60
107 68
107 71
107 83
107 86
107 87
107 88
107 93
107 94
107 96
107 97
107 98
107 117
107 129
107 131
107 145
107 151
107 165
107 173
107 175
107 182
107 192
107 193
107 196
107 199
108 0
108 17
108 20
108 21
108 23
108 37
108 38
108 45
108 60
108 66
108 68
108 71
108 78
108 79
108 90
108 92
108 93
108 95
108 98
108 103
108 104
108 116
108 117
108 121
108 124
108 129
108 131
108 136
108 138
108 140
108 146
108 159
108 164
108 165
108 171
108 172
108 176
108 185
108 191
108 194
109 2
109 5
109 15
109 16
109 25
109 29
109 30
109 37
109 48
109 50
109 51
109 60
109 78
109 96
109 97
109 99
109 103
109 113
109 120
109 121
109 123
109 124
109 134
109 135
109 142
109 147
109 149
109 152
109 161
109 162
109 166
109 173
109 190
109 192
109 195
110 0
110 8
110 17
110 18
110 19
110 25
110 27
110 29
110 31
110 34
110 40
110 74
110 99
110 104
110 106
110 111
110 112
110 120
110 130
110 135
110 137
110 144
110 157
110 165
110 167
110 178
110 186
110 188
110 189
110 195
110 198
111 0
111 13
111 25
111 26
111 28
111 30
111 31
111 33
111 35
111 41
111 49
111 54
111 58
111 60
111 62
111 79
111 89
111 91
111 92
111 95
111 96
111 110
111 114
111 123
111 127
111 131
111 135
111 155
111 161
111 167
111 188
112 6
112 16
112 19
112 22
112 24
112 25
112 34
112 36
112 40
112 43
112 52
112 63
112 69
112 73
112 77
112 78
112 79
112 80
112 87
112 92
112 93
112 94
112 103
112 110
112 117
112 119
112 121
112 124
112 125
112 129
112 137
112 142
112 145
112 146
112 151
112 157
112 160
112 165
112 167
112 168
112 174
112 178
112 182
112 190
113 2
113 3
113 11
113 12
113 27
113 29
113 31
113 35
113 45
113 47
113 51
113 54
113 58
113 59
113 69
113 85
113 86
113 89
113 93
113 99
113 106
113 109
113 121
113 152
113 154
113 163
113 169
113 170
113 176
113 182
113 184
113 197
113 198
114 16
114 27
114 28
114 40
114 42
114 48
114 53
114 57
114 65
114 72
114 83
114 85
114 88
114 91
114 98
114 102
114 111
114 115
114 120
114 126
114 132
114 137
114 138
114 143
114 151
114 154
114 155
114 161
114 162
114 174
114 175
114 180
114 182
114 186
114 189
114 191
114 195
115 0
115 4
115 8
115 10
115 11
115 34
115 35
115 36
115 37
115 38
115 45
115 49
115 53
115 61
115 62
115 64
115 68
115 86
115 91
115 96
115 98
115 99
115 104
115 114
115 118
115 121
115 122
115 128
115 137
115 139
115 142
115 144
115 146
115 159
115 165
115 166
115 186
115 191
115 193
115 197
116 2
116 4
116 9
116 21
116 30
116 49
116 54
116 55
116 56
116 60
116 64
116 72
116 80
116 81
116 90
116 93
116 103
116 104
116 108
116 128
116 129
116 135
116 140
116 143
116 144
116 150
116 152
116 160
116 165
116 171
116 175
116 177
116 182
116 185
116 192
116 194
116 195
117 4
117 10
117 14
117 15
117 21
117 24
117 28
117 33
117 35
117 43
117 45
117 54
117 57
117 66
117 77
117 79
117 80
117 85
117 87
117 91
117 96
117 102
117 107
117 108
117 112
117 119
117 120
117 121
117 129
117 146
117 158
117 160
117 166
117 168
117 173
117 176
117 183
117 185
117 187
117 190
117 191
118 12
118 13
118 15
118 17
118 18
118 28
118 34
118 35
118 37
118 65
118 69
118 71
118 74
118 79
118 83
118 84
118 90
118 91
118 99
118 115
118 121
118 128
118 139
118 140
118 143
118 149
118 154
118 165
118 178
118 184
118 185
118 187
118 193
119 3
119 8
119 12
119 31
119 32
119 37
119 40
119 47
119 50
119 51
119 66
119 67
119 79
119 81
119 84
119 86
119 92
119 94
119 97
119 112
119 117
119 128
119 130
119 133
119 134
119 135
119 136
119 150
119 160
119 162
119 166
119 180
119 187
119 188
119 195
119 197
120 6
120 9
120 15
120 28
120 31
120 33
120 39
120 48
120 56
120 59
120 67
120 73
120 77
120 79
120 91
120 92
120 94
120 99
120 100
120 101
120 104
120 109
120 110
120 114
120 117
120 126
120 128
120 135
120 138
120 139
120 143
120 144
120 148
120 155
120 162
120 166
120 171
120 177
120 183
120 184
120 194
121 6
121 7
121 17
121 20
121 31
121 34
121 38
121 45
121 47
121 50
121 56
121 68
121 83
121 87
121 88
121 94
121 97
121 100
121 108
121 109
121 112
121 113
121 115
121 117
121 118
121 126
121 130
121 132
121 134
121 136
121 137
121 142
121 145
121 153
121 155
121 171
121 179
121 180
121 183
121 184
121 186
121 192
121 198
122 2
122 8
122 16
122 40
122 50
122 59
122 66
122 69
122 70
122 73
122 74
122 81
122 82
122 84
122 86
122 89
122 93
122 101
122 115
122 126
122 133
122 143
122 146
122 149
122 151
122 155
122 158
122 162
122 170
122 180
122 181
122 182
122 183
122 185
122 188
122 190
122 191
122 195
123 0
123 12
123 17
123 19
123 25
123 29
123 32
123 39
123 44
123 47
123 50
123 59
123 61
123 64
123 65
123 67
123 73
123 80
123 81
123 82
123 85
123 90
123 91
123 102
123 109
123 111
123 128
123 133
123 135
123 141
123 145
123 151
123 156
123 165
123 168
123 171
123 174
123 181
123 185
123 188
123 196
124 1
124 2
124 6
124 13
124 14
124 21
124 22
124 25
124 27
124 33
124 39
124 42
124 49
124 68
124 70
124 71
124 75
124 77
124 80
124 82
124 90
124 96
124 103
124 108
124 109
124 112
124 125
124 129
124 133
124 134
124 135
124 138
124 141
124 148
124 152
124 158
124 161
124 173
124 183
124 188
124 193
124 194
124 197
125 1
125 9
125 14
125 24
125 28
125 29
125 34
125 38
125 44
125 52
125 60
125 62
125 71
125 73
125 75
125 76
125 82
125 84
125 85
125 88
125 93
125 104
125 112
125 124
125 127
125 134
125 148
125 152
125 159
125 164
125 180
125 184
125 199
126 2
126 12
126 14
126 24
126 25
126 26
126 28
126 29
126 45
126 47
126 48
126 50
126 51
126 56
126 57
126 62
126 63
126 64
126 66
126 69
126 71
126 77
126 79
126 85
126 86
126 87
126 89
126 96
126 105
126 114
126 120
126 121
126 122
126 140
126 151
126 153
126 179
126 182
126 184
126 188
126 190
126 195
126 197
126 198
127 4
127 8
127 11
127 13
127 15
127 17
127 21
127 32
127 35
127 40
127 41
127 43
127 49
127 50
127 51
127 60
127 62
127 74
127 75
127 78
127 83
127 85
127 87
127 88
127 98
127 101
127 111
127 125
127 139
127 145
127 147
127 148
127 154
127 155
127 160
127 162
127 164
127 172
127 173
127 177
127 179
127 181
127 189
127 195
127 198
128 2
128 10
128 25
128 35
128 56
128 58
128 63
128 76
128 77
128 78
128 80
128 81
128 83
128 84
128 85
128 90
128 96
128 98
128 99
128 101
128 115
128 116
128 118
128 119
128 120
128 123
128 138
128 140
128 141
128 142
128 146
128 152
128 155
128 162
128 163
128 164
128 166
128 178
128 197
128 198
129 0
129 14
129 17
129 18
129 21
129 29
129 38
129 39
129 46
129 48
129 49
129 53
129 57
129 59
129 62
129 71
129 74
129 90
129 94
129 95
129 105
129 107
129 108
129 112
129 116
129 117
129 124
129 135
129 140
129 145
129 156
129 161
129 182
129 186
129 193
129 195
129 197
129 199
130 2
130 9
130 12
130 13
130 14
130 15
130 20
130 22
130 23
130 28
130 32
130 48
130 50
130 68
130 76
130 82
130 92
130 94
130 97
130 99
130 110
130 119
130 121
130 140
130 142
130 145
130 149
130 159
130 168
130 169
130 173
130 176
130 178
130 180
130 183
130 188
130 189
130 192
131 8
131 10
131 14
131 20
131 21
131 26
131 34
131 37
131 40
131 62
131 64
131 67
131 75
131 87
131 91
131 92
131 94
131 96
131 98
131 104
131 107
131 108
131 111
131 149
131 150
131 155
131 156
131 165
131 166
131 170
131 171
131 176
131 180
131 181
131 189
131 195
132 1
132 6
132 15
132 23
132 29
132 36
132 46
132 53
132 62
132 63
132 66
132 69
132 71
132 78
132 81
132 90
132 93
132 97
132 100
132 105
132 114
132 121
132 133
132 134
132 147
132 155
132 157
132 159
132 167
132 173
132 179
132 183
132 184
132 187
132 188
132 191
133 1
133 6
133 9
133 16
133 29
133 30
133 43
133 49
133 50
133 51
133 59
133 70
133 79
133 80
133 81
133 83
133 97
133 99
133 119
133 122
133 123
133 124
133 132
133 137
133 141
133 156
133 168
133 179
133 182
133 183
134 4
134 7
134 18
134 22
134 23
134 46
134 48
134 54
134 60
134 61
134 65
134 75
134 85
134 88
134 92
134 104
134 106
134 109
134 119
134 121
134 124
134 125
134 132
134 140
134 143
134 144
134 146
134 147
134 155
134 156
134 163
134 164
134 166
134 172
134 174
134 190
134 191
134 192
134 195
134 197
134 198
135 0
135 10
135 41
135 44
135 49
135 51
135 53
135 58
135 74
135 75
135 78
135 84
135 91
135 93
135 97
135 101
135 102
135 105
135 109
135 110
135 111
135 116
135 119
135 120
135 123
135 124
135 129
135 137
135 138
135 145
135 147
135 151
135 152
135 156
135 161
135 168
135 170
135 177
135 179
136 0
136 9
136 12
136 14
136 16
136 18
136 22
136 24
136 27
136 32
136 33
136 34
136 36
136 46
136 48
136 50
136 58
136 80
136 83
136 86
136 87
136 88
136 89
136 90
136 98
136 108
136 119
136 121
136 149
136 166
136 167
136 170
136 171
136 175
136 179
137 2
137 8
137 11
137 12
137 15
137 16
137 23
137 32
137 36
137 48
137 54
137 82
137 86
137 89
137 90
137 92
137 98
137 101
137 106
137 110
137 112
137 114
137 115
137 121
137 133
137 135
137 149
137 158
137 170
137 174
137 179
137 185
137 186
137 187
137 193
137 198
137 199
138 9
138 15
138 18
138 20
138 24
138 28
138 31
138 33
138 37
138 42
138 43
138 47
138 59
138 64
138 65
138 67
138 69
138 70
138 76
138 77
138 80
138 81
138 85
138 100
138 101
138 108
138 114
138 120
138 124
138 128
138 135
138 147
138 151
138 160
138 165
138 166
138 167
138 168
138 175
138 182
138 188
138 191
138 192
138 194
139 1
139 21
139 25
139 27
139 40
139 47
139 56
139 68
139 76
139 82
139 87
139 88
139 92
139 95
139 96
139 99
139 103
139 104
139 115
139 118
139 120
139 127
139 145
139 146
139 147
139 151
139 154
139 155
139 158
139 160
139 161
139 165
139 167
139 172
139 175
139 176
139 179
139 180
139 189
140 3
140 11
140 14
140 17
140 22
140 23
140 31
140 34
140 44
140 45
140 46
140 49
140 52
140 57
140 59
140 68
140 76
140 80
140 81
140 89
140 92
140 96
140 99
140 106
140 108
140 116
140 118
140 126
140 128
140 129
140 130
140 134
140 143
140 148
140 154
140 162
140 164
140 172
140 175
140 177
140 179
140 184
140 185
140 190
140 198
141 3
141 10
141 14
141 17
141 20
141 30
141 36
141 38
141 41
141 45
141 46
141 48
141 52
141 53
141 57
141 63
141 68
141 69
141 75
141 77
141 78
141 85
141 98
141 103
141 104
141 123
141 124
141 128
141 133
141 152
141 155
141 156
141 159
141 163
141 169
141 170
141 183
141 188
142 8
142 20
142 28
142 29
142 30
142 35
142 38
142 47
142 54
142 55
142 61
142 62
142 67
142 68
142 72
142 74
142 75
142 80
142 88
142 89
142 93
142 96
142 97
142 98
142 103
142 109
142 112
142 115
142 121
142 128
142 130
142 145
142 154
142 163
142 164
142 165
142 177
142 180
142 181
142 186
142 197
143 2
143 3
143 4
143 8
143 10
143 13
143 15
143 19
143 22
143 23
143 34
143 36
143 37
143 48
143 49
143 50
143 59
143 65
143 70
143 72
143 73
143 74
143 82
143 83
143 86
143 92
143 99
143 102
143 103
143 104
143 105
143 114
143 116
143 118
143 120
143 122
143 134
143 140
143 148
143 151
143 158
143 160
143 164
143 166
143 171
143 172
143 176
143 180
143 182
143 192
144 3
144 7
144 9
144 11
144 25
144 27
144 31
144 33
144 34
144 45
144 47
144 52
144 54
144 67
144 82
144 84
144 92
144 96
144 97
144 98
144 104
144 110
144 115
144 116
144 120
144 134
144 147
144 153
144 170
144 172
144 175
144 180
144 181
144 183
144 189
144 195
144 197
145 1
145 10
145 15
145 19
145 25
145 26
145 28
145 29
145 30
145 36
145 40
145 41
145 42
145 44
145 57
145 60
145 68
145 70
145 74
145 76
145 80
145 83
145 86
145 87
145 89
145 99
145 100
145 102
145 103
145 104
145 107
145 112
145 121
145 123
145 127
145 129
145 130
145 135
145 139
145 142
145 163
145 165
145 168
145 182
146 0
146 3
146 4
146 7
146 9
146 15
146 21
146 23
146 31
146 36
146 37
146 41
146 43
146 45
146 48
146 50
146 51
146 58
146 59
146 60
146 67
146 78
146 81
146 85
146 91
146 97
146 101
146 103
146 106
146 108
146 112
146 115
146 117
146 122
146 128
146 134
146 139
146 176
146 188
146 195
147 6
147 15
147 16
147 18
147 20
147 25
147 27
147 29
147 33
147 37
147 45
147 51
147 53
147 54
147 58
147 65
147 66
147 69
147 71
147 81
147 88
147 92
147 95
147 98
147 101
147 109
147 127
147 132
147 134
147 135
147 138
147 139
147 144
147 157
147 160
147 163
147 167
147 174
147 180
147 182
147 184
147 192
147 194
148 2
148 4
148 8
148 14
148 17
148 19
148 20
148 27
148 30
148 32
148 35
148 40
148 43
148 52
148 54
148 58
148 63
148 67
148 69
148 74
148 84
148 85
148 88
148 97
148 105
148 120
148 124
148 125
148 127
148 140
148 143
148 150
148 154
148 157
148 160
148 165
148 175
148 180
148 183
149 1
149 2
149 6
149 29
149 35
149 39
149 44
149 52
149 53
149 62
149 82
149 83
149 88
149 91
149 95
149 96
149 99
149 100
149 104
149 106
149 109
149 118
149 122
149 130
149 131
149 136
149 137
149 152
149 154
149 155
149 160
149 166
149 169
149 171
149 172
149 174
149 179
149 187
149 188
149 192
150 2
150 4
150 6
150 10
150 24
150 26
150 28
150 29
150 30
150 33
150 44
150 53
150 66
150 74
150 85
150 91
150 98
150 100
150 116
150 119
150 131
150 148
150 157
150 158
150 161
150 163
150 166
150 172
150 173
150 175
150 177
150 178
150 180
150 184
150 191
151 18
151 23
151 25
151 29
151 35
151 49
151 50
151 51
151 57
151 58
151 63
151 65
151 70
151 82
151 87
151 88
151 95
151 106
151 107
151 112
151 114
151 122
151 123
151 126
151 135
151 138
151 139
151 143
151 153
151 161
151 165
151 166
151 173
151 189
151 196
152 9
152 17
152 22
152 34
152 43
152 45
152 50
152 58
152 64
152 66
152 71
152 86
152 92
152 96
152 103
152 105
152 106
152 109
152 113
152 116
152 124
152 125
152 128
152 135
152 141
152 149
152 160
152 162
152 171
152 172
152 194
153 5
153 6
153 18
153 28
153 37
153 46
153 51
153 58
153 66
153 67
153 85
153 88
153 90
153 94
153 121
153 126
153 144
153 151
153 170
153 173
153 176
153 179
153 185
153 187
153 195
154 8
154 9
154 14
154 20
154 21
154 23
154 27
154 29
154 34
154 35
154 40
154 45
154 56
154 62
154 63
154 64
154 71
154 76
154 88
154 89
154 92
154 98
154 99
154 113
154 114
154 118
154 127
154 139
154 140
154 142
154 148
154 149
154 168
154 173
154 176
154 178
154 183
154 187
154 189
154 191
154 194
155 4
155 5
155 10
155 12
155 13
155 16
155 19
155 22
155 30
155 31
155 48
155 50
155 55
155 58
155 60
155 63
155 70
155 72
155 75
155 78
155 88
155 100
155 111
155 114
155 120
155 121
155 122
155 127
155 128
155 131
155 132
155 134
155 139
155 141
155 149
155 158
155 166
155 167
155 172
155 180
155 182
155 184
155 186
155 195
155 196
156 1
156 13
156 15
156 26
156 38
156 44
156 46
156 48
156 50
156 61
156 67
156 68
156 69
156 80
156 81
156 83
156 89
156 90
156 92
156 95
156 98
156 101
156 104
156 106
156 123
156 129
156 131
156 133
156 134
156 135
156 141
156 158
156 164
156 170
156 172
156 176
156 177
156 187
156 192
156 194
157 1
157 3
157 7
157 20
157 31
157 35
157 37
157 50
157 52
157 75
157 78
157 79
157 80
157 81
157 91
157 94
157 105
157 110
157 112
157 132
157 147
157 148
157 150
157 163
157 165
157 166
157 170
157 171
157 174
157 188
157 189
157 192
158 1
158 2
158 5
158 7
158 9
158 13
158 25
158 35
158 37
158 39
158 42
158 44
158 53
158 72
158 87
158 98
158 104
158 117
158 122
158 124
158 137
158 139
158 143
158 150
158 155
158 156
158 160
158 161
158 163
158 165
158 167
158 169
158 172
158 174
158 178
158 188
158 191
158 195
158 197
159 2
159 3
159 7
159 11
159 21
159 38
159 47
159 56
159 58
159 70
159 89
159 90
159 95
159 97
159 108
159 115
159 125
159 130
159 132
159 141
159 165
159 171
159 175
159 178
159 179
159 192
159 195
159 197
160 1
160 3
160 4
160 13
160 19
160 20
160 24
160 27
160 30
160 35
160 36
160 48
160 49
160 53
160 54
160 56
160 61
160 69
160 72
160 88
160 97
160 100
160 112
160 116
160 117
160 119
160 127
160 138
160 139
160 143
160 147
160 148
160 149
160 152
160 158
160 164
160 166
160 170
160 175
160 179
160 183
160 186
160 192
160 197
160 199
161 1
161 3
161 9
161 15
161 19
161 24
161 26
161 31
161 35
161 38
161 42
161 44
161 48
161 49
161 52
161 63
161 66
161 68
161 69
161 74
161 84
161 100
161 109
161 111
161 114
161 124
161 129
161 135
161 139
161 150
161 151
161 158
161 168
161 169
161 181
161 194
161 195
161 197
161 198
162 0
162 5
162 7
162 11
162 18
162 21
162 24
162 48
162 49
162 56
162 58
162 60
162 66
162 69
162 79
162 84
162 90
162 92
162 96
162 101
162 104
162 109
162 114
162 119
162 120
162 122
162 127
162 128
162 140
162 152
162 171
162 182
162 183
162 184
162 189
162 190
162 191
163 2
163 4
163 23
163 24
163 26
163 30
163 33
163 35
163 41
163 81
163 89
163 93
163 105
163 113
163 128
163 134
163 141
163 142
163 145
163 147
163 150
163 157
163 158
163 166
163 169
163 175
163 180
163 181
163 186
163 188
163 189
163 191
163 195
163 197
164 8
164 12
164 28
164 31
164 33
164 36
164 38
164 40
164 41
164 43
164 44
164 51
164 55
164 63
164 74
164 81
164 84
164 90
164 95
164 97
164 101
164 106
164 108
164 125
164 127
164 128
164 134
164 140
164 142
164 143
164 156
164 160
164 167
164 169
164 173
164 188
164 192
164 199
165 5
165 18
165 34
165 35
165 37
165 53
165 57
165 68
165 80
165 84
165 90
165 96
165 107
165 108
165 110
165 112
165 115
165 116
165 118
165 123
165 131
165 138
165 139
165 142
165 145
165 148
165 151
165 157
165 158
165 159
165 167
165 168
165 175
165 178
165 179
165 182
165 185
165 195
166 0
166 9
166 14
166 18
166 25
166 33
166 52
166 53
166 55
166 60
166 68
166 75
166 79
166 81
166 98
166 109
166 115
166 117
166 119
166 120
166 128
166 131
166 134
166 136
166 138
166 143
166 149
166 150
166 151
166 155
166 157
166 160
166 163
166 168
166 171
166 176
166 179
166 190
167 6
167 17
167 20
167 26
167 27
167 31
167 34
167 39
167 44
167 47
167 60
167 63
167 65
167 69
167 76
167 80
167 81
167 92
167 95
167 97
167 110
167 111
167 112
167 132
167 136
167 138
167 139
167 147
167 155
167 158
167 164
167 165
167 173
167 179
167 184
167 187
167 191
167 192
167 197
168 0
168 4
168 7
168 8
168 10
168 12
168 16
168 25
168 26
168 28
168 34
168 41
168 42
168 46
168 47
168 52
168 55
168 58
168 59
168 63
168 67
168 68
168 73
168 76
168 78
168 80
168 100
168 112
168 117
168 123
168 130
168 133
168 135
168 138
168 145
168 154
168 161
168 165
168 166
168 175
168 193
168 196
169 2
169 6
169 8
169 11
169 20
169 21
169 30
169 34
169 35
169 54
169 58
169 59
169 66
169 67
169 68
169 69
169 80
169 90
169 95
169 96
169 101
169 113
169 130
169 141
169 149
169 158
169 161
169 163
169 164
169 171
169 172
169 173
169 174
169 177
169 186
169 189
169 192
169 193
170 3
170 6
170 14
170 17
170 29
170 41
170 50
170 51
170 53
170 56
170 59
170 60
170 61
170 65
170 66
170 67
170 72
170 81
170 87
170 91
170 96
170 113
170 122
170 131
170 135
170 136
170 137
170 141
170 144
170 153
170 156
170 157
170 160
170 171
170 172
170 175
170 176
170 180
170 183
170 191
170 196
170 197
171 0
171 4
171 10
171 12
171 20
171 21
171 30
171 37
171 46
171 48
171 51
171 56
171 57
171 66
171 68
171 69
171 74
171 78
171 82
171 88
171 94
171 100
171 106
171 108
171 116
171 120
171 121
171 123
171 131
171 136
171 143
171 149
171 152
171 157
171 159
171 162
171 166
171 169
171 170
171 177
171 179
171 181
171 184
171 189
171 190
171 191
171 194
171 196
172 0
172 9
172 14
172 15
172 20
172 30
172 31
172 32
172 34
172 36
172 42
172 45
172 58
172 61
172 62
172 78
172 80
172 81
172 84
172 85
172 88
172 91
172 95
172 97
172 98
172 108
172 127
172 134
172 139
172 140
172 143
172 144
172 149
172 150
172 152
172 155
172 156
172 158
172 169
172 170
172 175
172 185
172 186
172 193
173 2
173 10
173 16
173 17
173 18
173 21
173 45
173 46
173 49
173 50
173 51
173 53
173 56
173 60
173 74
173 77
173 81
173 86
173 90
173 95
173 105
173 107
173 109
173 117
173 124
173 127
173 130
173 132
173 150
173 151
173 153
173 154
173 164
173 167
173 169
173 176
173 179
173 181
173 185
173 186
173 194
174 2
174 4
174 11
174 13
174 14
174 15
174 21
174 30
174 46
174 52
174 58
174 61
174 63
174 64
174 66
174 67
174 81
174 86
174 90
174 95
174 97
174 98
174 102
174 112
174 114
174 123
174 134
174 137
174 147
174 149
174 157
174 158
174 169
174 177
174 179
174 188
174 198
175 5
175 10
175 21
175 27
175 32
175 38
175 39
175 40
175 44
175 45
175 50
175 51
175 54
175 60
175 71
175 74
175 80
175 89
175 90
175 93
175 107
175 114
175 116
175 136
175 138
175 139
175 140
175 144
175 148
175 150
175 159
175 160
175 163
175 165
175 168
175 170
175 172
175 176
175 182
175 185
175 189
175 192
176 1
176 6
176 10
176 13
176 17
176 28
176 29
176 38
176 44
176 51
176 55
176 57
176 61
176 66
176 99
176 100
176 102
176 104
176 105
176 108
176 113
176 117
176 130
176 131
176 139
176 143
176 146
176 153
176 154
176 156
176 166
176 170
176 173
176 175
177 9
177 24
177 30
177 46
177 52
177 55
177 57
177 61
177 68
177 70
177 74
177 76
177 78
177 86
177 96
177 98
177 100
177 103
177 105
177 116
177 120
177 127
177 135
177 140
177 142
177 150
177 156
177 169
177 171
177 174
177 178
177 184
177 189
177 192
178 0
178 6
178 32
178 33
178 34
178 42
178 46
178 47
178 54
178 56
178 63
178 65
178 71
178 75
178 76
178 84
178 85
178 89
178 100
178 110
178 112
178 118
178 128
178 130
178 150
178 154
178 158
178 159
178 165
178 177
178 191
179 1
179 2
179 3
179 4
179 5
179 27
179 30
179 36
179 44
179 49
179 50
179 51
179 62
179 72
179 83
179 84
179 85
179 94
179 95
179 97
179 99
179 104
179 105
179 121
179 126
179 127
179 132
179 133
179 135
179 136
179 137
179 139
179 140
179 149
179 153
179 159
179 160
179 165
179 166
179 167
179 171
179 173
179 174
179 180
179 185
179 195
179 197
179 199
180 0
180 1
180 4
180 9
180 12
180 14
180 15
180 18
180 20
180 24
180 33
180 34
180 40
180 47
180 51
180 53
180 56
180 57
180 61
180 62
180 65
180 66
180 73
180 80
180 81
180 97
180 100
180 114
180 119
180 121
180 122
180 125
180 130
180 131
180 139
180 142
180 143
180 144
180 147
180 148
180 150
180 155
180 163
180 170
180 179
180 181
180 182
180 184
180 187
181 13
181 15
181 16
181 25
181 51
181 62
181 64
181 65
181 68
181 72
181 79
181 90
181 91
181 96
181 106
181 122
181 123
181 127
181 131
181 142
181 144
181 161
181 163
181 171
181 173
181 180
181 198
182 0
182 3
182 14
182 16
182 20
182 32
182 33
182 38
182 40
182 44
182 45
182 51
182 57
182 59
182 70
182 74
182 78
182 84
182 87
182 91
182 97
182 100
182 101
182 106
182 107
182 112
182 113
182 114
182 116
182 122
182 126
182 129
182 133
182 138
182 143
182 145
182 147
182 155
182 162
182 165
182 175
182 180
182 188
183 2
183 8
183 12
183 13
183 14
183 17
183 20
183 24
183 25
183 26
183 29
183 34
183 40
183 54
183 58
183 61
183 64
183 66
183 67
183 70
183 73
183 84
183 97
183 102
183 103
183 117
183 120
183 121
183 122
183 124
183 130
183 132
183 133
183 141
183 144
183 148
183 154
183 160
183 162
183 170
183 185
183 189
183 190
183 197
184 3
184 6
184 8
184 9
184 20
184 21
184 22
184 23
184 24
184 25
184 26
184 29
184 41
184 43
184 52
184 71
184 75
184 99
184 102
184 103
184 104
184 113
184 118
184 120
184 121
184 125
184 126
184 132
184 140
184 147
184 150
184 155
184 162
184 167
184 171
184 177
184 180
184 185
184 189
184 192
184 196
184 198
185 8
185 12
185 21
185 26
185 32
185 35
185 39
185 40
185 41
185 46
185 47
185 53
185 56
185 58
185 59
185 70
185 74
185 77
185 81
185 86
185 89
185 96
185 102
185 103
185 108
185 116
185 117
185 118
185 122
185 123
185 137
185 140
185 153
185 165
185 172
185 173
185 175
185 179
185 183
185 184
185 191
186 16
186 19
186 24
186 29
186 38
186 40
186 41
186 45
186 54
186 57
186 58
186 59
186 62
186 67
186 71
186 83
186 86
186 87
186 94
186 100
186 103
186 105
186 110
186 114
186 115
186 121
186 129
186 137
186 142
186 155
186 160
186 163
186 169
186 172
186 173
186 189
186 191
186 192
187 8
187 15
187 34
187 38
187 49
187 52
187 57
187 59
187 60
187 65
187 77
187 81
187 90
187 97
187 101
187 117
187 118
187 119
187 132
187 137
187 149
187 153
187 154
187 156
187 167
187 180
187 191
187 194
187 196
187 197
187 199
188 2
188 9
188 11
188 16
188 20
188 23
188 27
188 29
188 33
188 40
188 56
188 57
188 63
188 65
188 68
188 71
188 72
188 74
188 75
188 81
188 84
188 90
188 91
188 96
188 97
188 106
188 110
188 111
188 119
188 122
188 123
188 124
188 126
188 130
188 132
188 138
188 141
188 146
188 149
188 157
188 158
188 163
188 164
188 174
188 182
188 198
189 1
189 2
189 18
189 46
189 48
189 49
189 54
189 61
189 66
189 72
189 77
189 82
189 86
189 92
189 110
189 114
189 127
189 130
189 131
189 139
189 144
189 151
189 154
189 157
189 162
189 163
189 169
189 171
189 175
189 177
189 183
189 184
189 186
189 190
189 194
189 196
190 7
190 16
190 26
190 28
190 30
190 35
190 36
190 38
190 45
190 47
190 49
190 54
190 58
190 60
190 70
190 75
190 76
190 92
190 99
190 105
190 109
190 112
190 117
190 122
190 126
190 134
190 140
190 162
190 166
190 171
190 183
190 189
190 193
190 195
190 196
191 1
191 5
191 13
191 15
191 17
191 21
191 22
191 26
191 28
191 29
191 34
191 36
191 42
191 58
191 65
191 67
191 95
191 96
191 108
191 114
191 115
191 117
191 122
191 132
191 134
191 138
191 150
191 154
191 158
191 162
191 163
191 167
191 170
191 171
191 178
191 185
191 186
191 187
192 4
192 5
192 14
192 23
192 25
192 28
192 31
192 32
192 51
192 66
192 67
192 68
192 72
192 87
192 88
192 91
192 97
192 107
192 109
192 116
192 121
192 130
192 134
192 138
192 143
192 147
192 149
192 156
192 157
192 159
192 160
192 164
192 167
192 169
192 175
192 177
192 184
192 186
193 1
193 2
193 5
193 20
193 25
193 39
193 42
193 43
193 44
193 49
193 54
193 55
193 59
193 61
193 64
193 65
193 72
193 75
193 76
193 77
193 80
193 81
193 89
193 92
193 102
193 107
193 115
193 118
193 124
193 129
193 137
193 168
193 169
193 172
193 190
193 195
194 1
194 3
194 8
194 14
194 28
194 39
194 42
194 43
194 45
194 46
194 50
194 51
194 53
194 62
194 64
194 65
194 68
194 73
194 86
194 87
194 88
194 91
194 95
194 103
194 105
194 108
194 116
194 120
194 124
194 138
194 147
194 152
194 154
194 156
194 161
194 171
194 173
194 187
194 189
194 197
194 199
195 0
195 8
195 11
195 12
195 33
195 38
195 41
195 43
195 46
195 51
195 52
195 60
195 62
195 72
195 74
195 79
195 86
195 98
195 105
195 109
195 110
195 114
195 116
195 119
195 122
195 126
195 127
195 129
195 131
195 134
195 144
195 146
195 153
195 155
195 158
195 159
195 161
195 163
195 165
195 179
195 190
195 193
195 199
196 0
196 10
196 12
196 14
196 15
196 17
196 18
196 22
196 24
196 26
196 28
196 34
196 37
196 42
196 46
196 57
196 65
196 68
196 76
196 81
196 85
196 90
196 94
196 100
196 105
196 107
196 123
196 151
196 155
196 168
196 170
196 171
196 184
196 187
196 189
196 190
197 5
197 9
197 18
197 20
197 26
197 27
197 36
197 38
197 41
197 42
197 45
197 51
197 56
197 58
197 69
197 81
197 90
197 97
197 113
197 115
197 119
197 124
197 126
197 128
197 129
197 134
197 142
197 144
197 158
197 159
197 160
197 161
197 163
197 167
197 170
197 179
197 183
197 187
197 194
198 10
198 14
198 17
198 20
198 24
198 32
198 34
198 43
198 45
198 46
198 47
198 52
198 62
198 66
198 67
198 74
198 81
198 85
198 86
198 90
198 91
198 106
198 110
198 113
198 121
198 126
198 127
198 128
198 134
198 137
198 140
198 161
198 174
198 181
198 184
198 188
198 199
199 7
199 9
199 11
199 16
199 18
199 23
199 28
199 30
199 32
199 33
199 35
199 40
199 43
199 48
199 50
199 55
199 58
199 59
199 78
199 94
199 101
199 103
199 107
199 125
199 129
199 137
199 160
199 164
199 179
199 187
199 194
199 195
199 198