200 3917
0 6
0 7
0 16
0 22
0 26
0 38
0 39
0 56
0 66
0 69
0 72
0 76
0 78
0 86
0 88
0 89
0 92
0 93
0 114
0 117
0 120
0 127
0 128
0 142
0 149
0 152
0 158
0 164
0 166
0 169
0 175
0 184
0 185
1 2
1 6
1 13
1 15
1 28
1 31
1 36
1 39
1 46
1 47
1 48
1 49
1 50
1 53
1 61
1 63
1 67
1 68
1 85
1 95
1 103
1 105
1 106
1 108
1 109
1 110
1 112
1 113
1 115
1 122
1 126
1 129
1 134
1 143
1 148
1 156
1 157
1 163
1 165
1 178
1 181
1 185
2 1
2 10
2 12
2 21
2 22
2 28
2 37
2 40
2 43
2 57
2 63
2 66
2 69
2 71
2 79
2 80
2 89
2 100
2 102
2 103
2 106
2 107
2 113
2 115
2 121
2 136
2 142
2 144
2 151
2 154
2 157
2 163
2 176
2 177
2 178
2 180
2 190
2 198
3 5
3 7
3 9
3 11
3 12
3 13
3 14
3 16
3 17
3 21
3 24
3 27
3 29
3 32
3 33
3 45
3 49
3 50
3 51
3 52
3 53
3 54
3 63
3 67
3 70
3 75
3 87
3 93
3 95
3 99
3 110
3 113
3 115
3 116
3 119
3 120
3 123
3 133
3 134
3 135
3 137
3 138
3 140
3 142
3 153
3 161
3 164
3 175
3 177
3 196
3 197
4 7
4 15
4 18
4 19
4 26
4 40
4 41
4 44
4 45
4 52
4 53
4 54
4 57
4 59
4 65
4 72
4 79
4 80
4 91
4 92
4 102
4 110
4 117
4 124
4 126
4 136
4 139
4 141
4 142
4 148
4 151
4 156
4 159
4 161
4 165
4 166
4 168
4 169
4 172
4 176
4 180
4 181
4 182
4 185
4 186
4 196
5 3
5 16
5 19
5 22
5 26
5 27
5 34
5 37
5 52
5 67
5 71
5 90
5 94
5 95
5 98
5 108
5 114
5 117
5 118
5 120
5 122
5 130
5 133
5 137
5 138
5 149
5 151
5 155
5 167
5 176
5 179
5 184
5 188
5 189
5 194
5 197
6 0
6 1
6 9
6 18
6 25
6 39
6 44
6 55
6 66
6 76
6 80
6 82
6 85
6 86
6 90
6 91
6 97
6 101
6 107
6 110
6 116
6 124
6 139
6 140
6 149
6 154
6 159
6 163
6 164
6 167
6 168
6 169
6 177
6 180
6 181
6 185
6 198
7 0
7 3
7 4
7 12
7 13
7 15
7 25
7 28
7 33
7 35
7 38
7 44
7 46
7 50
7 56
7 58
7 60
7 62
7 63
7 69
7 73
7 74
7 83
7 96
7 101
7 102
7 103
7 110
7 118
7 122
7 133
7 138
7 141
7 148
7 156
7 162
7 181
7 184
7 189
7 191
8 9
8 16
8 18
8 21
8 23
8 34
8 35
8 44
8 51
8 53
8 55
8 58
8 64
8 66
8 75
8 77
8 78
8 82
8 85
8 94
8 95
8 100
8 105
8 111
8 122
8 130
8 144
8 148
8 154
8 157
8 158
8 159
8 167
8 170
8 180
8 185
8 186
8 187
8 188
8 194
8 198
9 3
9 6
9 8
9 14
9 17
9 26
9 27
9 29
9 36
9 54
9 57
9 65
9 91
9 104
9 110
9 116
9 125
9 129
9 131
9 134
9 143
9 145
9 148
9 161
9 162
9 166
9 168
9 177
9 182
9 184
9 188
9 193
9 198
9 199
10 2
10 12
10 13
10 23
10 24
10 27
10 36
10 42
10 46
10 48
10 58
10 61
10 64
10 66
10 76
10 84
10 97
10 105
10 109
10 110
10 126
10 131
10 136
10 137
10 146
10 148
10 149
10 156
10 157
10 160
10 161
10 163
10 181
10 184
10 187
10 189
10 194
10 196
10 198
10 199
11 3
11 12
11 24
11 31
11 35
11 38
11 44
11 51
11 55
11 57
11 62
11 65
11 68
11 79
11 85
11 88
11 93
11 100
11 102
11 103
11 111
11 117
11 118
11 119
11 125
11 126
11 128
11 130
11 137
11 147
11 148
11 169
11 176
11 180
11 188
11 190
11 195
12 2
12 3
12 7
12 10
12 11
12 13
12 23
12 26
12 30
12 39
12 44
12 47
12 68
12 70
12 74
12 78
12 87
12 90
12 91
12 99
12 114
12 117
12 126
12 130
12 131
12 137
12 147
12 149
12 154
12 159
12 161
12 166
12 177
12 189
12 190
12 196
13 1
13 3
13 7
13 10
13 12
13 29
13 32
13 33
13 37
13 46
13 53
13 56
13 75
13 76
13 82
13 90
13 91
13 92
13 98
13 107
13 117
13 118
13 119
13 122
13 124
13 126
13 128
13 140
13 145
13 148
13 161
13 169
13 179
13 180
13 181
13 185
13 192
13 194
13 196
13 197
14 3
14 9
14 25
14 28
14 30
14 33
14 56
14 58
14 68
14 86
14 91
14 95
14 98
14 100
14 102
14 108
14 113
14 120
14 131
14 137
14 142
14 144
14 149
14 169
14 170
14 171
14 183
14 187
14 189
14 196
14 199
15 1
15 4
15 7
15 28
15 31
15 34
15 43
15 45
15 47
15 50
15 53
15 58
15 65
15 66
15 70
15 71
15 77
15 84
15 88
15 89
15 94
15 113
15 117
15 124
15 125
15 129
15 131
15 136
15 137
15 143
15 147
15 152
15 155
15 159
15 169
15 170
15 172
15 185
15 195
15 196
15 199
16 0
16 3
16 5
16 8
16 22
16 25
16 33
16 34
16 41
16 44
16 52
16 53
16 56
16 58
16 63
16 66
16 67
16 80
16 88
16 101
16 106
16 108
16 116
16 134
16 135
16 138
16 143
16 152
16 153
16 158
16 166
16 167
16 170
16 172
16 180
16 183
16 185
16 187
16 188
16 193
16 199
17 3
17 9
17 27
17 35
17 36
17 51
17 55
17 58
17 71
17 73
17 79
17 89
17 91
17 93
17 114
17 119
17 122
17 123
17 125
17 126
17 127
17 133
17 134
17 137
17 140
17 142
17 144
17 145
17 153
17 173
17 178
17 185
17 189
17 190
18 4
18 6
18 8
18 23
18 27
18 29
18 30
18 31
18 34
18 38
18 44
18 53
18 56
18 60
18 71
18 72
18 75
18 76
18 91
18 92
18 96
18 113
18 127
18 131
18 138
18 141
18 146
18 147
18 150
18 153
18 160
18 171
18 176
18 179
18 184
18 185
18 186
19 4
19 5
19 21
19 26
19 28
19 30
19 32
19 35
19 36
19 37
19 38
19 49
19 51
19 58
19 67
19 69
19 70
19 73
19 77
19 78
19 79
19 82
19 87
19 92
19 99
19 111
19 119
19 126
19 127
19 128
19 133
19 134
19 135
19 136
19 138
19 141
19 142
19 148
19 154
19 157
19 174
19 184
19 185
19 193
20 33
20 36
20 37
20 46
20 48
20 54
20 66
20 67
20 75
20 79
20 80
20 82
20 92
20 95
20 112
20 115
20 119
20 133
20 135
20 140
20 142
20 145
20 153
20 159
20 160
20 167
20 169
20 181
20 182
20 185
20 188
20 190
21 2
21 3
21 8
21 19
21 30
21 39
21 41
21 48
21 55
21 57
21 58
21 68
21 76
21 82
21 83
21 91
21 93
21 107
21 117
21 125
21 129
21 131
21 135
21 137
21 147
21 162
21 172
21 177
21 181
21 182
21 189
22 0
22 2
22 5
22 16
22 29
22 36
22 37
22 41
22 47
22 51
22 53
22 54
22 64
22 66
22 78
22 80
22 83
22 84
22 100
22 101
22 108
22 111
22 113
22 117
22 118
22 121
22 122
22 124
22 129
22 131
22 137
22 139
22 155
22 166
22 167
22 172
22 178
22 180
22 182
22 187
22 188
22 190
23 8
23 10
23 12
23 18
23 27
23 31
23 40
23 43
23 46
23 52
23 58
23 75
23 76
23 78
23 80
23 82
23 84
23 85
23 90
23 91
23 93
23 104
23 111
23 114
23 115
23 117
23 120
23 128
23 139
23 145
23 153
23 154
23 176
23 178
23 180
23 183
23 189
23 192
23 199
24 3
24 10
24 11
24 27
24 42
24 50
24 57
24 64
24 74
24 75
24 84
24 87
24 96
24 98
24 100
24 101
24 109
24 110
24 120
24 122
24 124
24 135
24 145
24 154
24 155
24 164
24 169
24 171
24 173
24 174
24 181
24 198
25 6
25 7
25 14
25 16
25 33
25 38
25 42
25 44
25 45
25 46
25 63
25 71
25 75
25 88
25 95
25 98
25 103
25 105
25 106
25 110
25 115
25 117
25 121
25 129
25 134
25 146
25 148
25 152
25 154
25 155
25 157
25 162
25 171
25 173
25 182
25 183
25 189
25 193
25 194
25 195
26 0
26 4
26 5
26 9
26 12
26 19
26 31
26 37
26 45
26 52
26 56
26 66
26 67
26 69
26 83
26 85
26 86
26 87
26 94
26 101
26 102
26 103
26 104
26 105
26 107
26 109
26 111
26 116
26 120
26 130
26 131
26 134
26 136
26 137
26 146
26 148
26 150
26 151
26 153
26 157
26 168
26 174
26 187
26 195
26 198
27 3
27 5
27 9
27 10
27 17
27 18
27 23
27 24
27 39
27 43
27 54
27 61
27 64
27 66
27 70
27 72
27 73
27 75
27 77
27 78
27 81
27 83
27 84
27 103
27 104
27 110
27 116
27 119
27 121
27 123
27 125
27 126
27 128
27 136
27 139
27 149
27 164
27 169
27 176
27 178
27 180
27 193
27 196
27 197
27 199
28 1
28 2
28 7
28 14
28 15
28 19
28 29
28 31
28 36
28 41
28 65
28 67
28 69
28 71
28 83
28 99
28 101
28 105
28 107
28 108
28 110
28 120
28 129
28 138
28 150
28 153
28 157
28 161
28 182
29 3
29 9
29 13
29 18
29 22
29 28
29 36
29 45
29 48
29 50
29 57
29 60
29 71
29 83
29 90
29 93
29 94
29 97
29 111
29 114
29 115
29 130
29 142
29 145
29 147
29 153
29 158
29 165
29 166
29 169
29 170
29 174
29 176
29 180
29 185
29 188
29 191
29 193
30 12
30 14
30 18
30 19
30 21
30 32
30 33
30 46
30 52
30 53
30 55
30 62
30 64
30 70
30 76
30 78
30 90
30 92
30 95
30 103
30 114
30 122
30 123
30 129
30 131
30 142
30 144
30 160
30 164
30 171
30 178
30 181
30 193
30 199
31 1
31 11
31 15
31 18
31 23
31 26
31 28
31 34
31 36
31 38
31 40
31 44
31 47
31 50
31 52
31 60
31 67
31 69
31 71
31 80
31 84
31 91
31 102
31 110
31 120
31 127
31 142
31 146
31 159
31 166
31 171
31 180
31 190
31 192
32 3
32 13
32 19
32 30
32 40
32 41
32 46
32 50
32 56
32 61
32 72
32 77
32 78
32 79
32 87
32 92
32 95
32 101
32 104
32 106
32 111
32 116
32 119
32 132
32 137
32 146
32 153
32 154
32 162
32 166
32 174
32 180
32 190
32 191
32 195
32 196
32 197
33 3
33 7
33 13
33 14
33 16
33 20
33 25
33 30
33 35
33 38
33 43
33 50
33 51
33 64
33 65
33 66
33 67
33 68
33 78
33 79
33 80
33 81
33 92
33 103
33 104
33 105
33 107
33 109
33 115
33 124
33 128
33 129
33 137
33 139
33 142
33 143
33 147
33 148
33 149
33 151
33 157
33 161
33 166
33 168
33 182
33 184
33 185
33 188
33 191
33 193
34 5
34 8
34 15
34 16
34 18
34 31
34 39
34 41
34 43
34 48
34 53
34 55
34 60
34 63
34 69
34 71
34 75
34 77
34 79
34 80
34 83
34 90
34 98
34 119
34 125
34 131
34 138
34 139
34 164
34 167
34 168
34 172
34 180
34 184
34 186
34 189
34 198
34 199
35 7
35 8
35 11
35 17
35 19
35 33
35 40
35 41
35 53
35 54
35 72
35 79
35 81
35 86
35 89
35 90
35 92
35 111
35 126
35 128
35 134
35 139
35 140
35 159
35 162
35 163
35 168
35 175
35 177
35 182
35 186
35 189
35 198
36 1
36 9
36 10
36 17
36 19
36 20
36 22
36 28
36 29
36 31
36 42
36 54
36 55
36 60
36 66
36 69
36 72
36 79
36 82
36 88
36 94
36 96
36 99
36 102
36 104
36 105
36 108
36 120
36 121
36 123
36 130
36 131
36 133
36 138
36 150
36 151
36 163
36 165
36 170
36 178
36 181
36 187
36 189
36 194
36 195
37 2
37 5
37 13
37 19
37 20
37 22
37 26
37 39
37 40
37 41
37 48
37 49
37 61
37 63
37 66
37 67
37 68
37 70
37 81
37 87
37 89
37 91
37 93
37 97
37 105
37 113
37 116
37 124
37 126
37 129
37 136
37 137
37 150
37 163
37 168
37 169
37 174
37 177
37 180
37 189
37 190
37 193
37 199
38 0
38 7
38 11
38 18
38 19
38 25
38 31
38 33
38 40
38 41
38 46
38 50
38 59
38 64
38 67
38 73
38 78
38 81
38 82
38 89
38 96
38 98
38 101
38 102
38 124
38 125
38 137
38 162
38 171
38 175
38 179
38 183
38 194
38 198
39 0
39 1
39 6
39 12
39 21
39 27
39 34
39 37
39 41
39 52
39 54
39 59
39 68
39 73
39 76
39 95
39 97
39 98
39 99
39 102
39 112
39 116
39 125
39 135
39 143
39 144
39 152
39 162
39 163
39 181
39 188
39 196
40 2
40 4
40 23
40 31
40 32
40 35
40 37
40 38
40 45
40 50
40 54
40 57
40 68
40 69
40 88
40 89
40 91
40 97
40 103
40 104
40 113
40 118
40 121
40 122
40 127
40 129
40 130
40 131
40 132
40 144
40 146
40 150
40 157
40 159
40 165
40 172
40 175
40 177
40 181
40 184
40 188
40 196
40 197
41 4
41 16
41 21
41 22
41 28
41 32
41 34
41 35
41 37
41 38
41 39
41 46
41 48
41 53
41 56
41 59
41 66
41 68
41 78
41 88
41 101
41 102
41 110
41 122
41 123
41 124
41 127
41 129
41 130
41 135
41 142
41 163
41 169
41 180
41 181
41 187
41 192
41 198
42 10
42 24
42 25
42 36
42 47
42 48
42 51
42 55
42 66
42 70
42 77
42 88
42 97
42 100
42 110
42 115
42 118
42 121
42 122
42 129
42 130
42 137
42 139
42 141
42 143
42 146
42 148
42 150
42 152
42 168
42 176
42 181
42 183
42 185
42 186
42 190
42 191
42 194
42 196
43 2
43 15
43 23
43 27
43 33
43 34
43 45
43 53
43 57
43 72
43 75
43 80
43 82
43 84
43 93
43 96
43 106
43 111
43 112
43 119
43 122
43 127
43 131
43 132
43 142
43 143
43 146
43 155
43 158
43 165
43 175
43 198
44 4
44 6
44 7
44 8
44 11
44 12
44 16
44 18
44 25
44 31
44 45
44 47
44 48
44 52
44 83
44 84
44 87
44 101
44 106
44 107
44 119
44 131
44 132
44 136
44 138
44 143
44 146
44 151
44 158
44 160
44 172
44 175
44 178
44 181
44 186
44 190
44 198
45 3
45 4
45 15
45 25
45 26
45 29
45 40
45 43
45 44
45 47
45 48
45 50
45 52
45 57
45 59
45 61
45 69
45 70
45 73
45 78
45 90
45 96
45 103
45 110
45 111
45 115
45 119
45 123
45 126
45 131
45 135
45 147
45 149
45 150
45 155
45 163
45 169
45 176
45 177
45 179
45 188
45 190
45 192
45 193
46 1
46 7
46 10
46 13
46 20
46 23
46 25
46 30
46 32
46 38
46 41
46 54
46 55
46 62
46 63
46 64
46 80
46 90
46 94
46 96
46 98
46 112
46 113
46 114
46 125
46 126
46 128
46 134
46 137
46 145
46 160
46 163
46 167
46 177
46 182
46 184
46 191
46 193
46 199
47 1
47 12
47 15
47 22
47 31
47 42
47 44
47 45
47 63
47 64
47 66
47 71
47 72
47 73
47 87
47 99
47 111
47 113
47 115
47 117
47 120
47 130
47 146
47 149
47 153
47 163
47 165
47 168
47 171
47 176
47 193
48 1
48 10
48 20
48 21
48 29
48 34
48 37
48 41
48 42
48 44
48 45
48 51
48 53
48 55
48 60
48 69
48 78
48 98
48 99
48 108
48 109
48 114
48 116
48 121
48 124
48 145
48 150
48 159
48 161
48 162
48 166
48 168
48 169
48 171
48 172
48 181
48 187
48 193
48 195
48 198
49 1
49 3
49 19
49 37
49 63
49 65
49 69
49 79
49 85
49 112
49 116
49 119
49 122
49 126
49 128
49 129
49 130
49 142
49 144
49 148
49 155
49 158
49 161
49 168
49 177
49 178
49 183
49 184
49 185
49 187
49 190
49 193
50 1
50 3
50 7
50 15
50 24
50 29
50 31
50 32
50 33
50 38
50 40
50 45
50 52
50 58
50 64
50 68
50 69
50 73
50 76
50 83
50 95
50 102
50 110
50 112
50 114
50 118
50 119
50 120
50 122
50 125
50 128
50 129
50 139
50 141
50 147
50 149
50 151
50 154
50 155
50 161
50 163
50 165
50 166
50 169
50 170
50 171
50 193
50 197
51 3
51 8
51 11
51 17
51 19
51 22
51 33
51 42
51 48
51 56
51 57
51 60
51 65
51 73
51 83
51 84
51 93
51 101
51 107
51 115
51 119
51 127
51 140
51 145
51 152
51 159
51 163
51 164
51 171
51 172
51 173
51 179
51 180
51 192
51 197
52 3
52 4
52 5
52 16
52 23
52 26
52 30
52 31
52 39
52 44
52 45
52 50
52 53
52 55
52 57
52 63
52 78
52 81
52 85
52 88
52 89
52 103
52 112
52 125
52 128
52 132
52 143
52 146
52 156
52 158
52 160
52 164
52 167
52 174
52 176
52 180
52 186
52 190
52 197
52 199
53 1
53 3
53 4
53 8
53 13
53 15
53 16
53 18
53 22
53 30
53 34
53 35
53 41
53 43
53 48
53 52
53 54
53 58
53 61
53 63
53 66
53 70
53 75
53 78
53 80
53 85
53 95
53 111
53 119
53 126
53 131
53 139
53 144
53 145
53 146
53 150
53 152
53 157
53 159
53 161
53 165
53 166
53 167
53 171
53 176
53 178
53 180
53 188
53 189
53 193
53 195
54 3
54 4
54 9
54 20
54 22
54 27
54 35
54 36
54 39
54 40
54 46
54 53
54 58
54 59
54 60
54 65
54 66
54 69
54 80
54 87
54 89
54 96
54 97
54 105
54 112
54 113
54 121
54 123
54 126
54 127
54 129
54 133
54 137
54 142
54 146
54 156
54 158
54 160
54 161
54 165
54 186
54 192
54 195
55 6
55 8
55 11
55 17
55 21
55 30
55 34
55 36
55 42
55 46
55 48
55 52
55 57
55 60
55 64
55 65
55 67
55 69
55 74
55 98
55 105
55 106
55 108
55 112
55 114
55 122
55 124
55 125
55 133
55 138
55 153
55 162
55 163
55 169
55 171
55 179
55 182
55 183
55 189
56 0
56 7
56 13
56 14
56 16
56 18
56 26
56 32
56 41
56 51
56 68
56 79
56 82
56 83
56 94
56 105
56 112
56 121
56 143
56 144
56 148
56 149
56 155
56 156
56 160
56 171
56 174
56 176
56 181
56 188
56 189
56 193
56 197
56 199
57 2
57 4
57 9
57 11
57 21
57 24
57 29
57 40
57 43
57 45
57 51
57 52
57 55
57 60
57 68
57 69
57 70
57 82
57 85
57 89
57 93
57 98
57 105
57 113
57 114
57 120
57 122
57 131
57 148
57 150
57 154
57 155
57 162
57 176
57 182
57 188
57 195
57 196
58 7
58 8
58 10
58 14
58 15
58 16
58 17
58 19
58 21
58 23
58 50
58 53
58 54
58 65
58 66
58 80
58 83
58 86
58 107
58 111
58 112
58 113
58 128
58 132
58 133
58 137
58 141
58 142
58 144
58 164
58 167
58 169
58 171
58 172
58 173
58 178
58 184
58 188
58 191
58 197
59 4
59 38
59 39
59 41
59 45
59 54
59 70
59 73
59 78
59 89
59 90
59 97
59 98
59 99
59 102
59 103
59 106
59 107
59 109
59 111
59 117
59 121
59 122
59 126
59 130
59 131
59 134
59 135
59 141
59 143
59 151
59 152
59 155
59 159
59 165
59 168
59 172
59 179
59 183
59 186
59 189
59 190
59 192
59 198
59 199
60 7
60 18
60 29
60 31
60 34
60 36
60 48
60 51
60 54
60 55
60 57
60 61
60 63
60 70
60 86
60 89
60 108
60 112
60 114
60 116
60 118
60 121
60 124
60 144
60 145
60 146
60 153
60 154
60 165
60 173
60 174
60 175
60 186
60 189
60 192
60 197
60 198
60 199
61 1
61 10
61 27
61 32
61 37
61 45
61 53
61 60
61 63
61 64
61 65
61 68
61 69
61 73
61 79
61 87
61 96
61 109
61 116
61 118
61 125
61 130
61 131
61 141
61 144
61 151
61 152
61 174
61 176
61 177
61 182
61 183
61 189
61 194
62 7
62 11
62 30
62 46
62 68
62 74
62 85
62 90
62 95
62 98
62 102
62 104
62 109
62 116
62 118
62 122
62 135
62 148
62 156
62 160
62 165
62 176
62 183
62 198
63 1
63 2
63 3
63 7
63 16
63 25
63 34
63 37
63 46
63 47
63 49
63 52
63 53
63 60
63 61
63 64
63 66
63 69
63 73
63 75
63 85
63 87
63 91
63 95
63 100
63 107
63 113
63 117
63 121
63 134
63 139
63 141
63 153
63 162
63 165
63 168
63 192
63 193
63 194
63 196
63 199
64 8
64 10
64 22
64 24
64 27
64 30
64 33
64 38
64 46
64 47
64 50
64 55
64 61
64 63
64 74
64 80
64 86
64 88
64 92
64 105
64 110
64 111
64 114
64 121
64 123
64 128
64 130
64 131
64 135
64 139
64 147
64 152
64 153
64 160
64 161
64 170
64 173
64 178
64 184
64 186
65 4
65 9
65 11
65 15
65 28
65 33
65 49
65 51
65 54
65 55
65 58
65 61
65 66
65 69
65 70
65 71
65 72
65 75
65 81
65 83
65 84
65 90
65 95
65 107
65 111
65 120
65 121
65 128
65 129
65 136
65 137
65 139
65 140
65 141
65 142
65 144
65 145
65 161
65 167
65 168
65 176
65 182
65 184
65 192
65 193
65 196
65 199
66 0
66 2
66 6
66 8
66 10
66 15
66 16
66 20
66 22
66 26
66 27
66 33
66 36
66 37
66 41
66 42
66 47
66 53
66 54
66 58
66 63
66 65
66 75
66 79
66 81
66 84
66 85
66 98
66 111
66 118
66 121
66 137
66 142
66 146
66 150
66 151
66 162
66 165
66 167
66 181
66 184
66 185
66 191
66 196
66 197
67 1
67 3
67 5
67 16
67 19
67 20
67 26
67 28
67 31
67 33
67 37
67 38
67 55
67 68
67 69
67 76
67 77
67 96
67 101
67 105
67 106
67 108
67 110
67 125
67 128
67 132
67 134
67 136
67 137
67 142
67 143
67 144
67 146
67 153
67 156
67 166
67 171
67 179
67 186
67 190
67 192
67 197
67 198
68 1
68 11
68 12
68 14
68 21
68 33
68 37
68 39
68 40
68 41
68 50
68 56
68 57
68 61
68 62
68 67
68 70
68 80
68 83
68 85
68 91
68 95
68 98
68 102
68 104
68 108
68 112
68 113
68 115
68 116
68 120
68 128
68 138
68 149
68 163
68 173
68 177
68 179
68 191
68 192
68 196
68 198
69 0
69 2
69 7
69 19
69 26
69 28
69 31
69 34
69 36
69 40
69 45
69 48
69 49
69 50
69 54
69 55
69 57
69 61
69 63
69 65
69 67
69 71
69 72
69 79
69 96
69 102
69 107
69 110
69 116
69 117
69 128
69 129
69 130
69 138
69 143
69 144
69 146
69 151
69 154
69 158
69 162
69 178
69 179
69 185
69 192
69 195
69 198
70 3
70 12
70 15
70 19
70 27
70 30
70 37
70 42
70 45
70 53
70 57
70 59
70 60
70 65
70 68
70 72
70 76
70 79
70 81
70 96
70 98
70 100
70 101
70 102
70 104
70 105
70 107
70 117
70 118
70 122
70 135
70 138
70 141
70 146
70 150
70 156
70 159
70 160
70 174
70 176
70 178
70 180
70 183
70 184
70 191
70 198
71 2
71 5
71 15
71 17
71 18
71 25
71 28
71 29
71 31
71 34
71 47
71 65
71 69
71 92
71 102
71 105
71 120
71 126
71 127
71 137
71 142
71 154
71 156
71 157
71 163
71 164
71 165
71 169
71 175
71 177
71 190
71 191
71 195
71 199
72 0
72 4
72 18
72 27
72 32
72 35
72 36
72 43
72 47
72 65
72 69
72 70
72 78
72 84
72 96
72 102
72 106
72 109
72 110
72 112
72 114
72 115
72 117
72 125
72 133
72 137
72 139
72 142
72 143
72 150
72 151
72 172
72 173
72 174
72 176
72 182
72 183
72 192
73 7
73 17
73 19
73 27
73 38
73 39
73 45
73 47
73 50
73 51
73 59
73 61
73 63
73 81
73 111
73 123
73 125
73 130
73 133
73 134
73 141
73 145
73 150
73 154
73 155
73 159
73 164
73 171
73 180
73 190
73 191
73 192
74 7
74 12
74 24
74 55
74 62
74 64
74 78
74 81
74 83
74 91
74 97
74 101
74 105
74 109
74 110
74 113
74 118
74 119
74 120
74 123
74 132
74 134
74 137
74 142
74 144
74 154
74 171
74 175
74 181
74 192
75 3
75 8
75 13
75 18
75 20
75 23
75 24
75 25
75 27
75 34
75 43
75 53
75 63
75 65
75 66
75 76
75 88
75 92
75 96
75 101
75 103
75 106
75 109
75 113
75 123
75 126
75 128
75 132
75 135
75 141
75 146
75 147
75 153
75 156
75 162
75 165
75 169
75 173
75 176
75 180
75 182
75 188
75 192
76 0
76 6
76 10
76 13
76 18
76 21
76 23
76 30
76 39
76 50
76 67
76 70
76 75
76 87
76 112
76 123
76 132
76 139
76 140
76 144
76 153
76 161
76 171
76 189
76 193
76 196
76 199
77 8
77 15
77 19
77 27
77 32
77 34
77 42
77 67
77 80
77 81
77 84
77 87
77 91
77 92
77 93
77 97
77 107
77 116
77 117
77 132
77 145
77 148
77 154
77 165
77 166
77 172
77 173
77 184
77 186
77 189
77 198
77 199
78 0
78 8
78 12
78 19
78 22
78 23
78 27
78 30
78 32
78 33
78 38
78 41
78 45
78 48
78 52
78 53
78 59
78 72
78 74
78 80
78 82
78 84
78 99
78 105
78 106
78 109
78 131
78 138
78 139
78 147
78 152
78 176
78 183
78 185
78 189
78 193
78 198
79 2
79 4
79 11
79 17
79 19
79 20
79 32
79 33
79 34
79 35
79 36
79 49
79 56
79 61
79 66
79 69
79 70
79 85
79 87
79 88
79 95
79 99
79 110
79 112
79 116
79 126
79 127
79 128
79 129
79 133
79 134
79 140
79 145
79 156
79 160
79 169
79 170
79 178
79 179
79 182
79 190
79 192
79 194
80 2
80 4
80 6
80 16
80 20
80 22
80 23
80 31
80 33
80 34
80 43
80 46
80 53
80 54
80 58
80 64
80 68
80 77
80 78
80 85
80 87
80 91
80 92
80 97
80 109
80 112
80 115
80 116
80 118
80 127
80 136
80 137
80 140
80 142
80 145
80 164
80 176
80 178
80 179
80 190
80 194
81 27
81 33
81 35
81 37
81 38
81 52
81 65
81 66
81 70
81 73
81 74
81 77
81 88
81 89
81 92
81 94
81 98
81 99
81 100
81 104
81 111
81 112
81 114
81 119
81 124
81 127
81 132
81 135
81 138
81 142
81 154
81 157
81 159
81 170
81 175
81 179
81 184
81 188
81 190
81 193
81 194
81 198
82 6
82 8
82 13
82 19
82 20
82 21
82 23
82 36
82 38
82 43
82 56
82 57
82 78
82 89
82 90
82 94
82 96
82 98
82 106
82 107
82 111
82 112
82 113
82 116
82 117
82 119
82 120
82 133
82 134
82 135
82 151
82 153
82 155
82 167
82 183
82 189
82 197
82 198
83 7
83 21
83 22
83 26
83 27
83 28
83 29
83 34
83 44
83 50
83 51
83 56
83 58
83 65
83 68
83 74
83 84
83 92
83 95
83 97
83 101
83 103
83 106
83 112
83 113
83 114
83 117
83 119
83 123
83 128
83 134
83 137
83 147
83 150
83 151
83 157
83 160
83 168
83 169
83 170
83 171
83 188
83 192
83 193
84 10
84 15
84 22
84 23
84 24
84 27
84 31
84 43
84 44
84 51
84 65
84 66
84 72
84 77
84 78
84 83
84 91
84 95
84 96
84 101
84 105
84 106
84 123
84 124
84 130
84 133
84 137
84 140
84 141
84 143
84 146
84 149
84 151
84 161
84 162
84 168
84 171
84 172
84 173
84 174
84 175
84 177
84 178
84 183
84 190
84 191
84 197
85 1
85 6
85 8
85 11
85 23
85 26
85 49
85 52
85 53
85 57
85 62
85 63
85 66
85 68
85 79
85 80
85 113
85 114
85 121
85 124
85 128
85 135
85 136
85 140
85 142
85 145
85 148
85 149
85 152
85 159
85 168
85 169
85 171
85 174
85 181
85 183
85 184
85 185
85 197
86 0
86 6
86 14
86 26
86 35
86 58
86 60
86 64
86 87
86 95
86 99
86 102
86 111
86 114
86 123
86 124
86 125
86 132
86 136
86 142
86 147
86 148
86 155
86 161
86 162
86 186
86 189
86 193
87 3
87 12
87 19
87 24
87 26
87 32
87 37
87 44
87 47
87 54
87 61
87 63
87 76
87 77
87 79
87 80
87 86
87 101
87 104
87 106
87 108
87 109
87 111
87 115
87 121
87 124
87 125
87 127
87 132
87 138
87 144
87 154
87 155
87 156
87 157
87 163
87 174
87 177
87 186
87 188
87 192
87 193
87 197
88 0
88 11
88 15
88 16
88 25
88 36
88 40
88 41
88 42
88 52
88 64
88 75
88 79
88 81
88 89
88 98
88 99
88 106
88 107
88 109
88 112
88 118
88 120
88 125
88 133
88 154
88 157
88 158
88 165
88 168
88 172
88 175
88 182
88 184
88 197
89 0
89 2
89 15
89 17
89 35
89 37
89 38
89 40
89 52
89 54
89 57
89 59
89 60
89 81
89 82
89 88
89 94
89 99
89 107
89 108
89 114
89 115
89 121
89 126
89 128
89 130
89 132
89 138
89 143
89 149
89 150
89 154
89 157
89 159
89 173
89 180
89 183
89 186
89 191
90 5
90 6
90 12
90 13
90 23
90 29
90 30
90 34
90 35
90 45
90 46
90 59
90 62
90 65
90 82
90 91
90 92
90 97
90 107
90 108
90 117
90 119
90 125
90 128
90 138
90 141
90 142
90 146
90 150
90 154
90 155
90 158
90 167
90 171
90 195
90 196
91 4
91 6
91 9
91 12
91 13
91 14
91 17
91 18
91 21
91 23
91 31
91 37
91 40
91 63
91 68
91 74
91 77
91 80
91 84
91 90
91 95
91 96
91 100
91 108
91 109
91 110
91 111
91 112
91 116
91 119
91 121
91 132
91 142
91 149
91 160
91 161
91 169
91 178
91 182
91 184
91 194
91 195
91 199
92 0
92 4
92 13
92 18
92 19
92 20
92 30
92 32
92 33
92 35
92 64
92 71
92 75
92 77
92 80
92 81
92 83
92 90
92 95
92 96
92 98
92 100
92 101
92 102
92 111
92 115
92 129
92 143
92 144
92 145
92 152
92 156
92 166
92 169
92 173
92 177
92 182
92 189
92 193
93 0
93 3
93 11
93 17
93 21
93 23
93 29
93 37
93 43
93 51
93 57
93 77
93 97
93 99
93 100
93 105
93 109
93 114
93 120
93 128
93 130
93 131
93 145
93 152
93 154
93 161
93 166
93 170
93 181
93 184
93 185
93 187
93 188
93 190
93 195
93 198
94 5
94 8
94 15
94 26
94 29
94 36
94 46
94 56
94 81
94 82
94 89
94 103
94 117
94 120
94 126
94 128
94 133
94 134
94 139
94 154
94 165
94 181
94 183
94 184
94 185
94 187
94 194
95 1
95 3
95 5
95 8
95 14
95 20
95 25
95 30
95 32
95 39
95 50
95 53
95 62
95 63
95 65
95 68
95 79
95 83
95 84
95 86
95 91
95 92
95 96
95 111
95 115
95 124
95 129
95 130
95 132
95 145
95 171
95 173
95 184
95 187
95 189
96 7
96 18
96 24
96 36
96 38
96 43
96 45
96 46
96 54
96 61
96 67
96 69
96 70
96 72
96 75
96 82
96 84
96 91
96 92
96 95
96 102
96 104
96 105
96 111
96 119
96 137
96 140
96 146
96 154
96 165
96 166
96 167
96 169
96 183
96 187
97 6
97 10
97 29
97 37
97 39
97 40
97 42
97 54
97 59
97 74
97 77
97 80
97 83
97 90
97 93
97 108
97 110
97 113
97 117
97 128
97 133
97 137
97 141
97 145
97 150
97 157
97 161
97 167
97 169
97 170
97 175
97 176
97 178
97 182
97 184
97 185
97 193
98 5
98 13
98 14
98 24
98 25
98 34
98 38
98 39
98 46
98 48
98 55
98 57
98 59
98 62
98 66
98 68
98 70
98 81
98 82
98 88
98 92
98 99
98 107
98 111
98 112
98 125
98 127
98 138
98 141
98 145
98 146
98 152
98 153
98 155
98 165
98 170
98 171
98 173
98 175
98 181
98 182
98 185
98 194
98 195
99 3
99 12
99 19
99 28
99 36
99 39
99 47
99 48
99 59
99 78
99 79
99 81
99 86
99 88
99 89
99 93
99 98
99 103
99 108
99 125
99 126
99 128
99 132
99 139
99 141
99 144
99 147
99 149
99 150
99 154
99 161
99 169
99 171
99 173
99 178
99 179
99 191
99 199
100 2
100 8
100 11
100 14
100 22
100 24
100 42
100 63
100 70
100 81
100 91
100 92
100 93
100 102
100 108
100 111
100 112
100 115
100 116
100 117
100 121
100 135
100 143
100 148
100 150
100 161
100 163
100 164
100 166
100 169
100 193
101 6
101 7
101 16
101 22
101 24
101 26
101 28
101 32
101 38
101 41
101 44
101 51
101 67
101 70
101 74
101 75
101 83
101 84
101 87
101 92
101 107
101 116
101 118
101 119
101 131
101 137
101 142
101 143
101 144
101 150
101 158
101 161
101 163
101 167
101 168
101 172
101 182
101 186
101 198
102 2
102 4
102 7
102 11
102 14
102 26
102 31
102 36
102 38
102 39
102 41
102 50
102 59
102 62
102 68
102 69
102 70
102 71
102 72
102 86
102 92
102 96
102 100
102 113
102 114
102 126
102 129
102 136
102 156
102 160
102 161
102 169
102 174
102 183
102 191
102 199
103 1
103 2
103 7
103 11
103 25
103 26
103 27
103 30
103 33
103 40
103 45
103 52
103 59
103 75
103 83
103 94
103 99
103 104
103 107
103 110
103 112
103 117
103 120
103 127
103 135
103 139
103 153
103 156
103 160
103 164
103 173
103 193
103 199
104 9
104 23
104 26
104 27
104 32
104 33
104 36
104 40
104 62
104 68
104 70
104 81
104 87
104 96
104 103
104 106
104 109
104 117
104 118
104 125
104 131
104 132
104 135
104 137
104 138
104 141
104 142
104 144
104 145
104 151
104 157
104 161
104 165
104 167
104 170
104 175
104 183
104 197
104 198
105 1
105 8
105 10
105 25
105 26
105 28
105 33
105 36
105 37
105 54
105 55
105 56
105 57
105 64
105 67
105 70
105 71
105 74
105 78
105 84
105 93
105 96
105 108
105 110
105 116
105 119
105 126
105 130
105 134
105 141
105 144
105 147
105 148
105 159
105 161
105 163
105 165
105 166
105 167
105 169
105 182
105 189
105 195
106 1
106 2
106 16
106 25
106 32
106 43
106 44
106 55
106 59
106 67
106 72
106 75
106 78
106 82
106 83
106 84
106 87
106 88
106 104
106 123
106 124
106 129
106 130
106 132
106 142
106 143
106 149
106 151
106 156
106 172
106 173
106 174
106 175
106 177
106 187
106 189
106 191
106 198
107 2
107 6
107 13
107 21
107 26
107 28
107 33
107 44
107 51
107 58
107 59
107 63
107 65
107 69
107 70
107 77
107 82
107 88
107 89
107 90
107 98
107 101
107 103
107 117
107 121
107 122
107 129
107 133
107 151
107 154
107 181
107 191
107 196
108 1
108 5
108 14
108 16
108 22
108 28
108 36
108 48
108 55
108 60
108 67
108 68
108 87
108 89
108 90
108 91
108 97
108 99
108 100
108 105
108 110
108 115
108 117
108 118
108 119
108 121
108 126
108 130
108 131
108 140
108 141
108 151
108 152
108 153
108 155
108 157
108 161
108 170
108 172
108 173
108 181
108 184
108 186
108 189
108 198
109 1
109 10
109 24
109 26
109 33
109 48
109 59
109 61
109 62
109 72
109 74
109 75
109 78
109 80
109 87
109 88
109 91
109 93
109 104
109 113
109 116
109 123
109 124
109 129
109 133
109 137
109 143
109 144
109 149
109 158
109 162
109 165
109 167
109 170
109 176
109 180
109 184
109 197
110 1
110 3
110 4
110 6
110 7
110 9
110 10
110 24
110 25
110 27
110 28
110 31
110 41
110 42
110 45
110 50
110 64
110 67
110 69
110 72
110 74
110 79
110 91
110 97
110 103
110 105
110 108
110 111
110 115
110 117
110 127
110 135
110 137
110 148
110 150
110 159
110 161
110 163
110 165
110 166
110 168
110 170
110 173
110 178
110 187
110 193
110 197
110 198
111 8
111 11
111 19
111 22
111 23
111 26
111 29
111 32
111 35
111 43
111 45
111 47
111 53
111 58
111 59
111 64
111 65
111 66
111 73
111 81
111 82
111 86
111 87
111 91
111 92
111 95
111 96
111 98
111 100
111 110
111 117
111 126
111 130
111 134
111 138
111 139
111 149
111 157
111 162
111 174
111 184
111 188
111 190
111 196
111 198
111 199
112 1
112 20
112 39
112 43
112 46
112 49
112 50
112 52
112 54
112 55
112 56
112 58
112 60
112 68
112 72
112 76
112 79
112 80
112 81
112 82
112 83
112 88
112 91
112 98
112 100
112 103
112 118
112 119
112 132
112 133
112 139
112 152
112 153
112 155
112 166
112 168
112 170
112 177
112 186
112 195
112 196
113 1
113 2
113 3
113 14
113 15
113 18
113 22
113 37
113 40
113 46
113 47
113 54
113 57
113 58
113 63
113 68
113 74
113 75
113 82
113 83
113 85
113 97
113 102
113 109
113 114
113 116
113 118
113 120
113 129
113 132
113 133
113 136
113 138
113 142
113 149
113 154
113 155
113 169
113 175
113 183
113 187
113 191
114 0
114 5
114 12
114 17
114 23
114 29
114 30
114 46
114 48
114 50
114 55
114 57
114 60
114 64
114 72
114 81
114 83
114 85
114 86
114 89
114 93
114 102
114 113
114 119
114 132
114 135
114 140
114 156
114 165
114 171
114 178
114 180
114 183
115 1
115 2
115 3
115 20
115 23
115 25
115 29
115 33
115 42
115 45
115 47
115 51
115 68
115 72
115 80
115 87
115 89
115 92
115 95
115 100
115 108
115 110
115 116
115 119
115 120
115 123
115 125
115 128
115 131
115 150
115 152
115 154
115 164
115 166
115 168
115 169
115 179
115 189
115 191
115 192
115 194
115 199
116 3
116 6
116 9
116 16
116 26
116 27
116 32
116 37
116 39
116 48
116 49
116 60
116 61
116 62
116 68
116 69
116 77
116 79
116 80
116 82
116 91
116 100
116 101
116 105
116 109
116 113
116 115
116 126
116 128
116 130
116 138
116 139
116 140
116 144
116 149
116 154
116 156
116 157
116 165
116 171
116 173
116 174
116 194
116 196
117 0
117 4
117 5
117 11
117 12
117 13
117 15
117 21
117 22
117 23
117 25
117 47
117 59
117 63
117 69
117 70
117 72
117 77
117 82
117 83
117 90
117 94
117 97
117 100
117 103
117 104
117 107
117 108
117 110
117 111
117 121
117 130
117 135
117 139
117 143
117 144
117 146
117 150
117 153
117 164
117 167
117 169
117 179
117 180
117 181
117 183
117 186
117 190
117 199
118 5
118 7
118 11
118 13
118 22
118 40
118 42
118 50
118 60
118 61
118 62
118 66
118 70
118 74
118 80
118 88
118 101
118 104
118 108
118 112
118 113
118 127
118 133
118 134
118 136
118 137
118 144
118 149
118 158
118 168
118 185
118 191
118 199
119 3
119 11
119 13
119 17
119 19
119 20
119 27
119 32
119 34
119 43
119 44
119 45
119 49
119 50
119 51
119 53
119 74
119 81
119 82
119 83
119 90
119 91
119 96
119 101
119 105
119 108
119 112
119 114
119 115
119 123
119 126
119 128
119 131
119 133
119 135
119 138
119 140
119 148
119 153
119 158
119 159
119 166
119 169
119 175
119 176
119 180
119 183
119 195
119 196
120 0
120 3
120 5
120 14
120 23
120 24
120 26
120 28
120 31
120 36
120 47
120 50
120 57
120 65
120 68
120 71
120 74
120 82
120 88
120 93
120 94
120 103
120 113
120 115
120 124
120 127
120 130
120 138
120 147
120 148
120 154
120 160
120 163
120 166
120 169
120 171
120 180
120 181
120 186
120 196
120 199
121 2
121 22
121 25
121 27
121 36
121 40
121 42
121 48
121 54
121 56
121 59
121 60
121 63
121 64
121 65
121 66
121 85
121 87
121 89
121 91
121 100
121 107
121 108
121 117
121 123
121 124
121 135
121 141
121 143
121 146
121 152
121 161
121 168
121 169
121 172
121 173
121 175
121 186
121 188
121 193
121 197
122 1
122 5
122 7
122 8
122 13
122 17
122 22
122 24
122 30
122 40
122 41
122 42
122 43
122 49
122 50
122 55
122 57
122 59
122 62
122 70
122 107
122 132
122 135
122 146
122 147
122 150
122 151
122 152
122 164
122 165
122 166
122 168
122 171
122 174
122 182
122 184
122 187
122 188
122 192
122 194
122 197
123 3
123 17
123 27
123 30
123 36
123 41
123 45
123 54
123 64
123 73
123 74
123 75
123 76
123 83
123 84
123 86
123 106
123 109
123 115
123 119
123 121
123 139
123 140
123 151
123 159
123 161
123 175
123 179
123 180
123 182
123 184
123 188
123 190
123 191
124 4
124 6
124 13
124 15
124 22
124 24
124 33
124 37
124 38
124 41
124 48
124 55
124 60
124 81
124 84
124 85
124 86
124 87
124 95
124 106
124 109
124 120
124 121
124 125
124 132
124 139
124 141
124 155
124 156
124 159
124 175
124 177
124 182
124 185
124 188
124 192
124 194
124 196
125 9
125 11
125 15
125 17
125 21
125 27
125 34
125 38
125 39
125 46
125 50
125 52
125 55
125 61
125 67
125 72
125 73
125 86
125 87
125 88
125 90
125 98
125 99
125 104
125 115
125 124
125 129
125 130
125 146
125 156
125 162
125 164
125 168
125 172
125 175
125 178
125 185
125 188
125 191
125 192
125 193
125 198
126 1
126 4
126 10
126 11
126 12
126 13
126 17
126 19
126 27
126 35
126 37
126 45
126 46
126 49
126 53
126 54
126 59
126 71
126 75
126 79
126 89
126 94
126 99
126 102
126 105
126 108
126 111
126 116
126 119
126 136
126 137
126 138
126 139
126 144
126 155
126 162
126 165
126 169
126 183
126 190
126 194
126 199
127 0
127 17
127 18
127 19
127 31
127 40
127 41
127 43
127 51
127 54
127 71
127 79
127 80
127 81
127 87
127 98
127 103
127 110
127 118
127 120
127 128
127 129
127 131
127 134
127 137
127 145
127 149
127 154
127 158
127 167
127 174
127 186
127 191
127 196
127 197
128 0
128 11
128 13
128 19
128 23
128 27
128 33
128 35
128 46
128 49
128 50
128 52
128 58
128 64
128 65
128 67
128 68
128 69
128 75
128 79
128 83
128 85
128 89
128 90
128 93
128 94
128 97
128 99
128 115
128 116
128 119
128 127
128 135
128 142
128 145
128 152
128 153
128 154
128 155
128 156
128 158
128 165
128 166
128 167
128 168
128 176
128 177
128 188
128 189
129 1
129 9
129 15
129 21
129 22
129 25
129 28
129 30
129 33
129 37
129 40
129 41
129 42
129 49
129 50
129 54
129 65
129 69
129 79
129 92
129 95
129 102
129 106
129 107
129 109
129 113
129 125
129 127
129 133
129 149
129 155
129 160
129 162
129 171
129 175
129 180
129 181
129 191
129 192
129 195
129 196
129 197
130 5
130 8
130 11
130 12
130 26
130 29
130 36
130 40
130 41
130 42
130 47
130 49
130 59
130 61
130 64
130 69
130 73
130 84
130 89
130 93
130 95
130 105
130 106
130 108
130 111
130 116
130 117
130 120
130 125
130 131
130 138
130 143
130 144
130 148
130 152
130 161
130 163
130 172
131 9
131 10
131 12
131 14
131 15
131 18
131 21
131 22
131 26
131 30
131 34
131 36
131 40
131 43
131 44
131 45
131 53
131 57
131 59
131 61
131 64
131 78
131 93
131 101
131 104
131 108
131 115
131 119
131 127
131 130
131 133
131 134
131 141
131 144
131 146
131 168
131 173
131 187
132 32
132 40
132 43
132 44
132 52
132 58
132 67
132 74
132 75
132 76
132 77
132 81
132 86
132 87
132 89
132 91
132 95
132 99
132 104
132 106
132 112
132 113
132 114
132 122
132 124
132 133
132 142
132 144
132 147
132 155
132 164
132 165
132 171
132 176
132 194
132 199
133 3
133 5
133 7
133 17
133 19
133 20
133 36
133 54
133 55
133 58
133 72
133 73
133 79
133 82
133 84
133 88
133 94
133 97
133 107
133 109
133 112
133 113
133 118
133 119
133 129
133 131
133 132
133 145
133 153
133 169
133 172
133 185
133 186
133 187
133 194
134 1
134 3
134 9
134 16
134 17
134 19
134 25
134 26
134 35
134 46
134 59
134 63
134 67
134 73
134 74
134 79
134 82
134 83
134 94
134 105
134 111
134 118
134 127
134 131
134 142
134 143
134 144
134 155
134 166
134 168
134 170
134 171
134 183
134 184
134 186
134 190
134 192
134 195
134 196
135 3
135 16
135 19
135 20
135 21
135 24
135 39
135 41
135 45
135 59
135 62
135 64
135 70
135 75
135 81
135 82
135 85
135 100
135 103
135 104
135 110
135 114
135 117
135 119
135 121
135 122
135 128
135 152
135 154
135 157
135 166
135 176
135 180
135 181
135 184
135 185
135 186
135 195
135 197
136 2
136 4
136 10
136 15
136 19
136 26
136 27
136 37
136 44
136 65
136 67
136 80
136 85
136 86
136 102
136 113
136 118
136 126
136 138
136 152
136 156
136 163
136 166
136 169
136 172
136 173
136 178
136 184
136 190
136 192
136 194
136 196
137 3
137 5
137 10
137 11
137 12
137 14
137 15
137 17
137 21
137 22
137 26
137 32
137 33
137 37
137 38
137 42
137 46
137 54
137 58
137 65
137 66
137 67
137 71
137 72
137 74
137 80
137 83
137 84
137 96
137 97
137 101
137 104
137 109
137 110
137 118
137 126
137 127
137 139
137 143
137 144
137 146
137 149
137 153
137 158
137 171
137 177
137 178
137 190
137 195
137 197
137 198
138 3
138 5
138 7
138 16
138 18
138 19
138 28
138 34
138 36
138 44
138 55
138 68
138 69
138 70
138 78
138 81
138 87
138 89
138 90
138 98
138 104
138 111
138 113
138 116
138 119
138 120
138 126
138 130
138 136
138 139
138 158
138 161
138 166
138 172
138 181
138 186
138 190
138 195
139 4
139 6
139 22
139 23
139 27
139 33
139 34
139 35
139 42
139 50
139 53
139 63
139 64
139 65
139 72
139 76
139 78
139 94
139 99
139 103
139 111
139 112
139 116
139 117
139 123
139 124
139 126
139 137
139 138
139 140
139 146
139 148
139 156
139 161
139 168
139 170
139 176
139 187
139 194
140 3
140 6
140 13
140 17
140 20
140 35
140 51
140 65
140 76
140 79
140 80
140 84
140 85
140 96
140 108
140 114
140 116
140 119
140 123
140 139
140 143
140 151
140 161
140 171
140 177
140 178
140 183
140 187
140 190
140 192
140 194
141 4
141 7
141 18
141 19
141 42
141 50
141 58
141 59
141 61
141 63
141 65
141 70
141 73
141 75
141 84
141 90
141 97
141 98
141 99
141 104
141 105
141 108
141 121
141 124
141 131
141 143
141 144
141 155
141 157
141 164
141 177
141 182
141 184
141 193
141 196
141 198
142 0
142 2
142 3
142 4
142 14
142 17
142 19
142 20
142 29
142 30
142 31
142 33
142 41
142 43
142 49
142 54
142 58
142 65
142 66
142 67
142 71
142 72
142 74
142 80
142 81
142 85
142 86
142 90
142 91
142 101
142 104
142 106
142 113
142 128
142 132
142 134
142 143
142 154
142 163
142 166
142 167
142 171
142 172
142 178
142 187
142 189
142 196
142 197
143 1
143 9
143 15
143 16
143 33
143 39
143 42
143 43
143 44
143 52
143 56
143 59
143 67
143 69
143 72
143 84
143 89
143 92
143 100
143 101
143 106
143 109
143 117
143 121
143 130
143 134
143 137
143 140
143 141
143 142
143 145
143 166
143 181
143 190
143 191
143 195
143 199
144 2
144 8
144 14
144 17
144 30
144 39
144 40
144 49
144 53
144 56
144 58
144 60
144 61
144 65
144 67
144 69
144 74
144 76
144 87
144 92
144 99
144 101
144 104
144 105
144 109
144 116
144 117
144 118
144 126
144 130
144 131
144 132
144 134
144 137
144 141
144 162
144 165
144 172
144 174
144 178
144 180
144 185
144 187
144 194
145 9
145 13
145 17
145 20
145 23
145 24
145 29
145 46
145 48
145 51
145 53
145 60
145 65
145 73
145 77
145 79
145 80
145 85
145 92
145 93
145 95
145 97
145 98
145 104
145 127
145 128
145 133
145 143
145 147
145 156
145 164
145 168
145 175
145 183
145 189
145 190
145 194
146 10
146 18
146 25
146 26
146 31
146 32
146 40
146 42
146 43
146 44
146 47
146 52
146 53
146 54
146 60
146 66
146 67
146 69
146 70
146 75
146 84
146 90
146 96
146 98
146 117
146 121
146 122
146 125
146 131
146 137
146 139
146 148
146 149
146 155
146 157
146 165
146 166
146 168
146 170
146 172
146 174
146 177
146 179
146 180
146 181
146 185
146 189
146 195
146 197
147 11
147 12
147 15
147 18
147 21
147 29
147 33
147 45
147 50
147 64
147 75
147 78
147 83
147 86
147 99
147 105
147 120
147 122
147 132
147 145
147 153
147 155
147 156
147 158
147 159
147 164
147 169
147 174
147 176
147 181
147 182
147 186
147 190
147 193
147 197
148 1
148 4
148 7
148 8
148 9
148 10
148 11
148 13
148 19
148 25
148 26
148 33
148 42
148 49
148 56
148 57
148 62
148 77
148 85
148 86
148 100
148 105
148 110
148 119
148 120
148 130
148 139
148 146
148 150
148 155
148 162
148 168
148 173
148 179
148 182
148 191
148 194
148 198
149 0
149 5
149 6
149 10
149 12
149 14
149 27
149 33
149 45
149 47
149 50
149 56
149 68
149 84
149 85
149 89
149 91
149 99
149 106
149 109
149 111
149 113
149 116
149 118
149 127
149 129
149 137
149 146
149 156
149 157
149 164
149 169
149 171
149 175
149 178
149 179
149 181
149 188
149 192
149 198
150 18
150 26
150 28
150 36
150 37
150 40
150 42
150 45
150 48
150 53
150 57
150 66
150 70
150 72
150 73
150 83
150 89
150 90
150 97
150 99
150 100
150 101
150 110
150 115
150 117
150 122
150 148
150 158
150 162
150 176
150 182
150 186
150 192
150 195
151 2
151 4
151 5
151 26
151 33
151 36
151 44
151 50
151 59
151 61
151 66
151 69
151 72
151 82
151 83
151 84
151 104
151 106
151 107
151 108
151 122
151 123
151 140
151 161
151 165
151 174
151 178
151 182
151 187
151 197
152 0
152 15
152 16
152 25
152 39
152 42
152 51
152 53
152 59
152 61
152 64
152 78
152 85
152 92
152 93
152 98
152 108
152 112
152 115
152 121
152 122
152 128
152 130
152 135
152 136
152 161
152 163
152 166
152 173
152 175
152 176
152 177
152 184
152 190
152 191
152 195
152 196
153 3
153 16
153 17
153 18
153 20
153 23
153 26
153 28
153 29
153 32
153 47
153 55
153 60
153 63
153 64
153 67
153 75
153 76
153 82
153 98
153 103
153 108
153 112
153 117
153 119
153 128
153 133
153 137
153 147
153 159
153 161
153 163
153 165
153 167
153 173
153 176
153 177
153 179
153 189
153 190
153 198
154 2
154 6
154 8
154 12
154 19
154 23
154 24
154 25
154 32
154 50
154 57
154 60
154 69
154 71
154 73
154 74
154 77
154 81
154 87
154 88
154 89
154 90
154 93
154 94
154 96
154 99
154 107
154 113
154 115
154 116
154 120
154 127
154 128
154 135
154 142
154 156
154 157
154 158
154 159
154 160
154 161
154 168
154 174
154 192
154 193
154 198
155 5
155 15
155 22
155 24
155 25
155 43
155 45
155 49
155 50
155 56
155 57
155 59
155 73
155 82
155 86
155 87
155 90
155 98
155 108
155 112
155 113
155 124
155 126
155 128
155 129
155 132
155 134
155 141
155 146
155 147
155 148
155 162
155 167
155 170
155 174
155 178
155 183
155 188
155 195
156 1
156 4
156 7
156 10
156 52
156 54
156 56
156 62
156 67
156 70
156 71
156 75
156 79
156 87
156 92
156 102
156 103
156 106
156 114
156 116
156 124
156 125
156 128
156 136
156 139
156 145
156 147
156 149
156 154
156 163
156 182
156 185
156 188
156 189
156 190
156 197
156 199
157 1
157 2
157 8
157 10
157 19
157 25
157 26
157 28
157 33
157 40
157 53
157 71
157 81
157 83
157 87
157 88
157 89
157 97
157 104
157 108
157 111
157 116
157 135
157 141
157 146
157 149
157 154
157 162
157 163
157 169
157 170
157 171
157 173
157 175
157 179
157 184
157 185
158 0
158 8
158 16
158 29
158 43
158 44
158 49
158 52
158 54
158 69
158 88
158 90
158 101
158 109
158 118
158 119
158 127
158 128
158 137
158 138
158 147
158 150
158 154
158 164
158 165
158 173
158 175
158 178
158 182
158 184
158 187
158 193
158 194
158 198
159 4
159 6
159 8
159 12
159 15
159 20
159 31
159 35
159 40
159 48
159 51
159 53
159 59
159 70
159 73
159 81
159 85
159 89
159 105
159 110
159 119
159 123
159 124
159 147
159 153
159 154
159 162
159 169
159 174
159 175
159 180
159 181
159 184
159 188
159 194
159 198
160 10
160 18
160 20
160 30
160 44
160 46
160 52
160 54
160 56
160 62
160 64
160 70
160 79
160 83
160 91
160 102
160 103
160 120
160 129
160 154
160 170
160 174
160 175
160 186
160 193
160 196
160 198
161 3
161 4
161 9
161 10
161 12
161 13
161 28
161 33
161 48
161 49
161 50
161 53
161 54
161 64
161 65
161 76
161 84
161 86
161 91
161 93
161 97
161 99
161 100
161 101
161 102
161 104
161 105
161 108
161 110
161 121
161 123
161 130
161 138
161 139
161 140
161 151
161 152
161 153
161 154
161 165
161 169
161 172
161 173
161 180
161 188
162 7
162 9
162 21
162 25
162 32
162 35
162 38
162 39
162 48
162 55
162 57
162 63
162 66
162 69
162 75
162 84
162 86
162 109
162 111
162 125
162 126
162 129
162 144
162 148
162 150
162 155
162 157
162 159
162 164
162 166
162 172
162 174
162 190
162 195
163 1
163 2
163 6
163 10
163 35
163 36
163 37
163 39
163 41
163 45
163 46
163 47
163 50
163 51
163 55
163 68
163 71
163 87
163 100
163 101
163 105
163 110
163 120
163 130
163 136
163 142
163 152
163 153
163 156
163 157
163 167
163 168
163 176
163 178
163 179
163 180
163 189
163 191
164 0
164 3
164 6
164 24
164 27
164 30
164 34
164 51
164 52
164 58
164 71
164 73
164 80
164 100
164 103
164 115
164 117
164 122
164 125
164 132
164 141
164 145
164 147
164 149
164 158
164 162
164 169
164 171
164 173
164 181
164 188
164 191
164 193
164 194
164 196
165 1
165 4
165 29
165 36
165 40
165 43
165 47
165 50
165 53
165 54
165 59
165 60
165 62
165 63
165 66
165 71
165 75
165 77
165 88
165 94
165 96
165 98
165 104
165 105
165 109
165 110
165 114
165 116
165 122
165 126
165 128
165 132
165 144
165 146
165 151
165 153
165 158
165 161
165 167
165 170
165 175
165 181
165 186
165 190
165 193
165 198
166 0
166 4
166 9
166 12
166 16
166 22
166 29
166 31
166 32
166 33
166 48
166 50
166 53
166 67
166 77
166 92
166 93
166 96
166 100
166 105
166 110
166 112
166 115
166 119
166 120
166 122
166 128
166 134
166 135
166 136
166 138
166 142
166 143
166 146
166 152
166 162
166 187
166 188
166 189
166 191
166 195
167 5
167 6
167 8
167 16
167 20
167 22
167 34
167 46
167 52
167 53
167 58
167 65
167 66
167 82
167 90
167 96
167 97
167 101
167 104
167 105
167 109
167 117
167 127
167 128
167 142
167 153
167 155
167 163
167 165
167 177
167 178
167 180
167 183
167 190
167 197
167 198
168 4
168 6
168 9
168 26
168 33
168 34
168 35
168 37
168 42
168 47
168 48
168 49
168 59
168 63
168 65
168 83
168 84
168 85
168 88
168 101
168 110
168 112
168 115
168 118
168 121
168 122
168 125
168 128
168 131
168 134
168 139
168 145
168 146
168 148
168 154
168 163
168 174
168 185
168 186
168 189
168 190
168 191
168 193
168 195
169 0
169 4
169 6
169 11
169 13
169 14
169 15
169 20
169 24
169 27
169 29
169 37
169 41
169 45
169 48
169 50
169 55
169 58
169 71
169 75
169 79
169 83
169 85
169 91
169 92
169 96
169 97
169 99
169 100
169 102
169 105
169 113
169 115
169 117
169 119
169 120
169 121
169 126
169 133
169 136
169 147
169 149
169 157
169 159
169 161
169 164
169 173
169 177
169 178
169 180
169 182
169 184
169 192
169 195
170 8
170 14
170 15
170 16
170 29
170 36
170 50
170 64
170 79
170 81
170 83
170 93
170 97
170 98
170 104
170 108
170 109
170 110
170 112
170 134
170 139
170 146
170 155
170 157
170 160
170 165
170 171
170 172
170 173
170 182
170 184
170 185
170 186
170 190
170 198
171 14
171 18
171 24
171 25
171 30
171 31
171 38
171 47
171 48
171 50
171 51
171 53
171 55
171 56
171 58
171 67
171 73
171 74
171 76
171 83
171 84
171 85
171 90
171 95
171 98
171 99
171 114
171 116
171 120
171 122
171 129
171 132
171 134
171 137
171 140
171 142
171 149
171 157
171 164
171 170
171 175
171 176
171 179
171 181
171 191
171 193
172 4
172 15
172 16
172 21
172 22
172 34
172 40
172 44
172 48
172 51
172 58
172 59
172 72
172 77
172 84
172 88
172 101
172 106
172 108
172 121
172 125
172 130
172 133
172 136
172 138
172 142
172 144
172 146
172 161
172 162
172 170
172 175
172 179
172 182
172 187
172 192
172 194
172 195
172 196
172 199
173 17
173 24
173 25
173 51
173 58
173 60
173 64
173 68
173 72
173 75
173 77
173 84
173 89
173 92
173 95
173 98
173 99
173 103
173 106
173 108
173 110
173 116
173 121
173 131
173 136
173 148
173 152
173 153
173 157
173 158
173 161
173 164
173 169
173 170
173 174
173 176
173 179
173 181
173 183
173 184
173 188
173 194
173 198
174 19
174 24
174 26
174 29
174 32
174 37
174 52
174 56
174 60
174 61
174 70
174 72
174 84
174 85
174 87
174 102
174 106
174 111
174 116
174 122
174 127
174 144
174 146
174 147
174 151
174 154
174 155
174 159
174 160
174 162
174 168
174 173
174 178
174 179
174 184
174 195
174 197
174 198
175 0
175 3
175 35
175 38
175 40
175 43
175 44
175 60
175 71
175 74
175 81
175 84
175 88
175 97
175 98
175 104
175 106
175 113
175 119
175 121
175 123
175 124
175 125
175 129
175 145
175 149
175 152
175 157
175 158
175 159
175 160
175 165
175 171
175 172
175 176
175 179
175 190
175 192
176 2
176 4
176 5
176 11
176 18
176 23
176 27
176 29
176 42
176 45
176 47
176 52
176 53
176 56
176 57
176 61
176 62
176 65
176 70
176 72
176 75
176 78
176 80
176 97
176 109
176 119
176 128
176 132
176 135
176 139
176 147
176 150
176 152
176 153
176 163
176 171
176 173
176 175
176 179
176 183
176 189
176 191
176 194
176 199
177 2
177 3
177 6
177 9
177 12
177 21
177 35
177 37
177 40
177 45
177 46
177 49
177 61
177 68
177 71
177 84
177 87
177 92
177 106
177 112
177 124
177 128
177 137
177 140
177 141
177 146
177 152
177 153
177 167
177 169
177 179
177 180
177 181
177 183
177 192
177 193
177 197
178 1
178 2
178 17
178 22
178 23
178 27
178 30
178 36
178 44
178 49
178 53
178 58
178 64
178 69
178 70
178 79
178 80
178 84
178 91
178 97
178 99
178 110
178 114
178 125
178 136
178 137
178 140
178 142
178 144
178 149
178 151
178 155
178 158
178 163
178 167
178 169
178 174
178 191
178 195
178 198
179 5
179 13
179 18
179 38
179 45
179 51
179 55
179 59
179 67
179 68
179 69
179 79
179 80
179 81
179 99
179 115
179 117
179 123
179 146
179 148
179 149
179 153
179 157
179 163
179 171
179 172
179 173
179 174
179 175
179 176
179 177
179 180
179 185
179 190
179 191
179 193
179 196
179 199
180 2
180 4
180 6
180 8
180 11
180 13
180 16
180 22
180 23
180 27
180 29
180 31
180 32
180 34
180 37
180 41
180 51
180 52
180 53
180 70
180 73
180 75
180 89
180 109
180 114
180 117
180 119
180 120
180 123
180 129
180 135
180 144
180 146
180 159
180 161
180 163
180 167
180 169
180 177
180 179
180 184
180 185
180 186
180 189
181 1
181 4
181 6
181 7
181 10
181 13
181 20
181 21
181 24
181 30
181 36
181 39
181 40
181 41
181 42
181 44
181 48
181 56
181 66
181 74
181 85
181 93
181 94
181 98
181 107
181 108
181 117
181 120
181 129
181 135
181 138
181 143
181 146
181 147
181 149
181 159
181 164
181 165
181 171
181 173
181 177
181 189
181 193
181 196
182 4
182 9
182 20
182 21
182 22
182 25
182 28
182 33
182 35
182 46
182 55
182 57
182 61
182 65
182 72
182 75
182 79
182 88
182 91
182 92
182 97
182 98
182 101
182 105
182 122
182 123
182 124
182 141
182 147
182 148
182 150
182 151
182 156
182 158
182 169
182 170
182 172
182 187
182 192
182 193
183 14
183 16
183 23
183 25
183 38
183 42
183 49
183 55
183 59
183 61
183 62
183 70
183 72
183 78
183 82
183 84
183 85
183 89
183 94
183 96
183 102
183 104
183 113
183 114
183 117
183 119
183 126
183 134
183 140
183 145
183 155
183 167
183 173
183 176
183 177
183 189
183 191
184 0
184 5
184 7
184 9
184 10
184 18
184 19
184 33
184 34
184 40
184 46
184 49
184 58
184 64
184 65
184 66
184 70
184 77
184 81
184 85
184 88
184 91
184 93
184 94
184 95
184 97
184 108
184 109
184 111
184 122
184 123
184 134
184 135
184 136
184 141
184 152
184 157
184 158
184 159
184 169
184 170
184 173
184 174
184 180
184 186
184 190
184 194
184 199
185 0
185 1
185 4
185 6
185 8
185 13
185 15
185 16
185 17
185 18
185 19
185 20
185 29
185 33
185 42
185 49
185 66
185 69
185 78
185 85
185 93
185 94
185 97
185 98
185 118
185 124
185 125
185 133
185 135
185 144
185 146
185 156
185 157
185 168
185 170
185 179
185 180
185 195
186 4
186 8
186 18
186 34
186 35
186 42
186 44
186 52
186 54
186 59
186 60
186 64
186 67
186 77
186 86
186 87
186 89
186 101
186 108
186 112
186 117
186 120
186 121
186 127
186 133
186 134
186 135
186 138
186 147
186 150
186 160
186 165
186 168
186 170
186 180
186 184
186 192
186 198
187 8
187 10
187 14
187 16
187 22
187 26
187 36
187 41
187 48
187 49
187 93
187 94
187 95
187 96
187 106
187 110
187 113
187 122
187 131
187 133
187 139
187 140
187 142
187 144
187 151
187 158
187 166
187 172
187 182
187 188
187 189
187 199
188 5
188 8
188 9
188 11
188 16
188 20
188 22
188 29
188 33
188 39
188 40
188 45
188 53
188 56
188 57
188 58
188 75
188 81
188 83
188 87
188 93
188 111
188 121
188 122
188 123
188 124
188 125
188 128
188 149
188 155
188 156
188 159
188 161
188 164
188 166
188 173
188 187
188 189
188 194
189 5
189 7
189 10
189 12
189 14
189 17
189 21
189 23
189 25
189 34
189 35
189 36
189 37
189 53
189 55
189 56
189 59
189 60
189 61
189 76
189 77
189 78
189 82
189 86
189 92
189 95
189 105
189 106
189 108
189 115
189 128
189 142
189 145
189 146
189 153
189 156
189 163
189 166
189 168
189 176
189 180
189 181
189 183
189 187
189 188
189 190
189 194
189 199
190 2
190 11
190 12
190 17
190 20
190 22
190 31
190 32
190 37
190 42
190 44
190 45
190 49
190 52
190 59
190 67
190 71
190 73
190 79
190 80
190 81
190 84
190 93
190 111
190 117
190 123
190 126
190 134
190 136
190 137
190 138
190 140
190 143
190 145
190 147
190 152
190 153
190 156
190 162
190 165
190 167
190 168
190 170
190 175
190 179
190 184
190 189
190 193
190 199
191 7
191 29
191 32
191 33
191 42
191 46
191 58
191 66
191 68
191 70
191 71
191 73
191 84
191 89
191 99
191 102
191 106
191 107
191 113
191 115
191 118
191 123
191 125
191 127
191 129
191 143
191 148
191 152
191 163
191 164
191 166
191 168
191 171
191 176
191 178
191 179
191 183
192 13
192 23
192 31
192 41
192 45
192 51
192 54
192 59
192 60
192 63
192 65
192 67
192 68
192 69
192 72
192 73
192 74
192 75
192 79
192 83
192 87
192 115
192 122
192 124
192 125
192 129
192 134
192 136
192 140
192 149
192 150
192 154
192 169
192 172
192 175
192 177
192 182
192 186
192 194
193 9
193 16
193 19
193 25
193 27
193 29
193 30
193 33
193 37
193 45
193 46
193 47
193 48
193 49
193 50
193 53
193 56
193 63
193 65
193 76
193 78
193 81
193 83
193 86
193 87
193 92
193 97
193 100
193 103
193 110
193 121
193 125
193 141
193 147
193 154
193 158
193 160
193 164
193 165
193 168
193 171
193 177
193 179
193 181
193 182
193 190
193 195
193 198
194 5
194 8
194 10
194 13
194 25
194 36
194 38
194 42
194 61
194 63
194 79
194 80
194 81
194 91
194 94
194 98
194 115
194 116
194 122
194 124
194 126
194 132
194 133
194 136
194 139
194 140
194 144
194 145
194 148
194 158
194 159
194 164
194 172
194 173
194 176
194 184
194 188
194 189
194 192
195 11
195 15
195 25
195 26
195 32
195 36
195 48
195 53
195 54
195 57
195 69
195 71
195 90
195 91
195 93
195 98
195 105
195 112
195 119
195 129
195 134
195 135
195 137
195 138
195 143
195 146
195 150
195 152
195 155
195 162
195 166
195 168
195 169
195 172
195 174
195 178
195 185
195 193
195 197
195 198
195 199
196 3
196 4
196 10
196 12
196 13
196 14
196 15
196 27
196 32
196 39
196 40
196 42
196 57
196 63
196 65
196 66
196 68
196 76
196 90
196 107
196 111
196 112
196 116
196 119
196 120
196 124
196 127
196 129
196 134
196 136
196 141
196 142
196 152
196 160
196 164
196 172
196 179
196 181
197 3
197 5
197 13
197 27
197 32
197 40
197 50
197 51
197 52
197 56
197 58
197 60
197 66
197 67
197 82
197 84
197 85
197 87
197 88
197 104
197 109
197 110
197 121
197 122
197 127
197 129
197 135
197 137
197 142
197 146
197 147
197 151
197 156
197 167
197 174
197 177
197 195
198 2
198 6
198 8
198 9
198 10
198 24
198 26
198 34
198 35
198 38
198 41
198 43
198 44
198 48
198 59
198 60
198 62
198 67
198 68
198 69
198 70
198 77
198 78
198 81
198 82
198 93
198 101
198 104
198 106
198 108
198 110
198 111
198 125
198 137
198 141
198 148
198 149
198 153
198 154
198 158
198 159
198 160
198 165
198 167
198 170
198 173
198 174
198 178
198 186
198 193
198 195
199 9
199 10
199 14
199 15
199 16
199 23
199 27
199 30
199 34
199 37
199 46
199 52
199 56
199 59
199 60
199 63
199 65
199 71
199 76
199 77
199 91
199 99
199 102
199 103
199 111
199 115
199 117
199 118
199 120
199 126
199 132
199 143
199 156
199 172
199 176
199 179
199 184
199 187
199 189
199 190
199 195