200 1018
0 5
0 11
0 41
0 50
0 53
0 77
0 90
0 101
0 125
0 150
0 157
0 167
0 194
1 9
1 13
1 41
1 93
1 105
1 107
1 127
1 129
1 146
1 193
1 198
2 28
2 35
2 48
2 51
2 52
2 72
2 96
2 104
2 106
2 148
2 156
2 183
3 23
3 79
3 89
3 92
3 94
3 111
3 122
3 174
3 175
3 190
4 9
4 23
4 69
4 89
4 93
4 98
4 119
4 132
4 137
4 143
4 144
4 151
4 167
4 189
5 0
5 8
5 47
5 56
5 63
5 72
5 104
5 146
5 156
5 163
5 176
6 14
6 48
6 50
6 55
6 56
6 149
6 177
6 178
7 19
7 30
7 44
7 66
7 83
7 93
7 123
7 180
7 189
8 5
8 26
8 58
8 86
8 110
8 116
8 126
8 129
8 137
8 174
9 1
9 4
9 67
9 80
9 88
9 94
9 100
9 156
9 165
9 177
9 182
10 24
10 49
10 55
10 87
10 93
10 94
10 99
10 106
10 108
10 178
11 0
11 12
11 17
11 30
11 45
11 55
11 110
11 112
11 161
12 11
12 16
12 33
12 36
12 41
12 54
12 60
12 69
12 77
12 86
12 98
12 100
12 116
12 146
12 151
12 152
12 170
12 181
12 188
12 190
12 191
13 1
13 15
13 29
13 37
13 56
13 65
13 81
13 88
13 113
13 147
13 180
13 196
14 6
14 34
14 40
14 42
14 62
14 128
14 149
14 160
14 166
15 13
15 27
15 30
15 53
15 54
15 68
15 81
15 92
15 107
15 111
15 129
16 12
16 25
16 37
16 58
16 80
16 120
16 166
16 167
16 175
17 11
17 20
17 36
17 55
17 94
17 95
17 99
17 101
17 114
17 179
17 195
17 197
18 19
18 20
18 22
18 30
18 39
18 49
18 53
18 61
18 87
18 151
18 158
18 160
18 192
19 7
19 18
19 27
19 78
19 91
19 106
19 126
19 147
19 170
19 190
19 197
20 17
20 18
20 24
20 47
20 52
20 61
20 63
20 86
20 88
20 93
20 99
20 109
20 183
20 184
20 193
21 41
21 49
21 98
21 122
21 150
21 159
21 192
21 193
22 18
22 42
22 49
22 51
22 63
22 71
22 79
22 124
22 133
22 172
22 182
23 3
23 4
23 26
23 29
23 68
23 75
23 87
23 91
23 103
23 111
23 113
23 131
23 167
24 10
24 20
24 34
24 44
24 52
24 70
24 88
24 100
24 103
24 136
24 183
25 16
25 26
25 63
25 105
25 110
25 140
25 156
25 183
25 186
26 8
26 23
26 25
26 79
26 101
26 128
26 131
26 138
26 139
26 153
26 156
26 187
27 15
27 19
27 34
27 74
27 102
27 128
27 129
27 146
27 163
28 2
28 42
28 68
28 116
28 117
28 127
28 132
28 137
28 186
29 13
29 23
29 38
29 59
29 71
29 73
29 119
29 135
29 159
29 164
29 178
29 189
30 7
30 11
30 15
30 18
30 43
30 78
30 84
30 87
30 117
30 124
30 140
30 146
30 147
30 155
30 156
30 199
31 44
31 61
31 77
31 85
31 97
31 123
31 141
31 160
31 168
31 178
31 183
32 61
32 81
32 140
32 171
33 12
33 36
33 59
33 91
33 100
33 123
33 128
33 157
33 160
33 169
33 180
33 197
33 198
34 14
34 24
34 27
34 42
34 70
34 72
34 82
34 121
34 126
34 151
34 155
34 188
34 197
35 2
35 40
35 43
35 55
35 89
35 120
35 140
35 153
35 159
35 163
35 169
35 198
36 12
36 17
36 33
36 111
36 116
36 123
36 125
36 130
36 149
36 155
36 174
36 197
37 13
37 16
37 40
37 43
37 73
37 88
37 115
37 119
37 121
37 177
37 182
38 29
38 67
38 77
38 86
38 91
38 122
38 192
39 18
39 58
39 73
39 89
39 111
39 135
39 173
39 178
39 198
40 14
40 35
40 37
40 90
40 97
40 98
40 117
40 123
40 133
40 135
40 172
40 190
41 0
41 1
41 12
41 21
41 56
41 62
41 64
41 118
41 126
41 133
41 136
41 137
41 150
41 151
41 193
42 14
42 22
42 28
42 34
42 44
42 70
42 80
42 90
42 106
42 107
42 157
42 182
43 30
43 35
43 37
43 51
43 58
43 102
43 128
43 153
43 170
43 174
43 192
44 7
44 24
44 31
44 42
44 45
44 52
44 76
44 102
44 110
44 120
44 177
44 195
45 11
45 44
45 57
45 61
45 99
45 112
45 115
45 116
45 124
45 188
45 189
46 56
46 73
46 79
46 184
46 187
47 5
47 20
47 62
47 87
47 89
47 109
47 138
47 146
47 165
47 197
48 2
48 6
48 82
48 113
48 129
48 199
49 10
49 18
49 21
49 22
49 64
49 79
49 89
49 170
50 0
50 6
50 75
50 82
50 87
50 90
50 105
50 107
50 119
50 136
50 152
50 170
50 192
50 193
51 2
51 22
51 43
51 53
51 76
51 120
51 182
51 184
52 2
52 20
52 24
52 44
52 132
52 162
52 182
52 197
53 0
53 15
53 18
53 51
53 55
53 130
53 132
53 146
53 198
54 12
54 15
54 97
54 145
54 198
55 6
55 10
55 11
55 17
55 35
55 53
55 77
55 94
55 113
55 115
55 189
56 5
56 6
56 13
56 41
56 46
56 68
56 81
56 90
56 137
56 142
56 154
56 164
56 176
57 45
57 118
57 130
57 189
58 8
58 16
58 39
58 43
58 117
58 125
58 127
58 147
59 29
59 33
59 84
59 99
59 117
59 119
59 125
59 128
59 132
59 165
59 177
59 188
59 195
60 12
60 86
60 88
60 96
60 99
60 108
60 112
60 123
60 131
60 135
60 189
61 18
61 20
61 31
61 32
61 45
61 152
61 170
61 186
62 14
62 41
62 47
62 99
62 106
62 121
62 132
62 138
62 149
62 159
62 173
62 175
62 176
62 178
62 187
63 5
63 20
63 22
63 25
63 94
63 99
63 102
63 111
63 122
63 132
63 139
63 144
63 163
63 166
63 168
63 175
63 179
63 199
64 41
64 49
64 92
64 97
64 101
64 109
64 110
64 158
64 161
64 166
64 169
64 196
65 13
65 85
65 89
65 132
65 141
65 177
65 178
65 191
66 7
66 67
66 114
66 119
66 122
66 130
66 152
66 161
66 166
66 177
66 193
67 9
67 38
67 66
67 68
67 98
67 104
67 121
67 122
67 123
67 155
67 171
67 178
67 189
67 190
67 196
67 198
68 15
68 23
68 28
68 56
68 67
68 105
68 119
68 162
68 165
68 178
68 196
69 4
69 12
69 130
69 144
69 147
69 150
69 155
69 173
70 24
70 34
70 42
70 91
70 97
70 101
70 110
70 134
70 140
70 147
71 22
71 29
71 87
71 89
71 101
71 110
71 128
71 166
72 2
72 5
72 34
72 76
72 103
72 104
72 105
72 108
72 115
72 141
72 144
73 29
73 37
73 39
73 46
73 75
73 78
73 112
73 127
73 128
73 135
73 136
73 152
73 195
74 27
74 121
74 122
74 155
74 164
74 182
75 23
75 50
75 73
75 101
75 107
75 147
75 166
75 174
75 181
75 191
76 44
76 51
76 72
76 86
76 91
76 152
76 173
77 0
77 12
77 31
77 38
77 55
77 100
78 19
78 30
78 73
78 95
78 97
78 128
78 159
78 182
79 3
79 22
79 26
79 46
79 49
79 84
79 104
79 120
79 164
80 9
80 16
80 42
80 103
80 113
80 144
80 179
80 185
81 13
81 15
81 32
81 56
81 83
81 87
81 100
81 132
82 34
82 48
82 50
82 106
82 119
82 123
82 124
82 146
82 154
82 160
82 166
82 178
83 7
83 81
83 95
83 117
83 174
83 180
84 30
84 59
84 79
84 91
84 93
84 113
84 114
84 120
84 156
84 157
84 195
84 196
85 31
85 65
85 100
85 106
85 108
85 111
85 148
85 152
85 168
86 8
86 12
86 20
86 38
86 60
86 76
86 88
86 116
86 137
86 142
86 151
86 171
86 172
86 185
87 10
87 18
87 23
87 30
87 47
87 50
87 71
87 81
87 101
87 115
87 119
87 128
87 150
87 155
88 9
88 13
88 20
88 24
88 37
88 60
88 86
88 90
88 106
88 132
88 143
89 3
89 4
89 35
89 39
89 47
89 49
89 65
89 71
89 109
89 121
89 133
89 182
90 0
90 40
90 42
90 50
90 56
90 88
90 163
91 19
91 23
91 33
91 38
91 70
91 76
91 84
91 105
91 106
91 127
91 153
91 159
91 170
91 174
92 3
92 15
92 64
92 118
92 133
92 168
92 173
92 183
93 1
93 4
93 7
93 10
93 20
93 84
93 98
93 174
93 184
93 185
93 187
93 198
94 3
94 9
94 10
94 17
94 55
94 63
94 124
94 145
95 17
95 78
95 83
95 98
95 104
95 148
95 183
95 188
95 192
96 2
96 60
96 103
96 127
96 157
96 184
97 31
97 40
97 54
97 64
97 70
97 78
97 121
97 129
97 137
97 179
97 182
97 189
97 198
97 199
98 4
98 12
98 21
98 40
98 67
98 93
98 95
98 155
98 159
98 167
98 184
98 193
99 10
99 17
99 20
99 45
99 59
99 60
99 62
99 63
99 116
99 137
99 156
99 165
100 9
100 12
100 24
100 33
100 77
100 81
100 85
100 112
100 117
100 128
100 143
100 154
100 157
100 186
100 199
101 0
101 17
101 26
101 64
101 70
101 71
101 75
101 87
101 121
101 148
101 188
101 190
102 27
102 43
102 44
102 63
102 107
102 142
102 146
102 170
102 192
103 23
103 24
103 72
103 80
103 96
103 177
104 2
104 5
104 67
104 72
104 79
104 95
104 111
104 132
104 162
104 166
105 1
105 25
105 50
105 68
105 72
105 91
105 115
105 143
105 158
105 164
105 176
106 2
106 10
106 19
106 42
106 62
106 82
106 85
106 88
106 91
106 140
106 149
106 176
106 188
106 195
107 1
107 15
107 42
107 50
107 75
107 102
107 116
107 128
107 152
107 177
107 178
108 10
108 60
108 72
108 85
108 120
108 137
108 150
108 172
108 196
109 20
109 47
109 64
109 89
109 147
110 8
110 11
110 25
110 44
110 64
110 70
110 71
110 113
110 122
110 136
110 140
110 167
110 169
111 3
111 15
111 23
111 36
111 39
111 63
111 85
111 104
111 151
111 157
111 162
111 176
112 11
112 45
112 60
112 73
112 100
112 125
112 126
112 127
112 137
112 158
112 182
112 185
112 190
113 13
113 23
113 48
113 55
113 80
113 84
113 110
113 125
113 163
114 17
114 66
114 84
114 151
114 160
114 172
114 180
115 37
115 45
115 55
115 72
115 87
115 105
115 136
115 153
115 155
115 157
116 8
116 12
116 28
116 36
116 45
116 86
116 99
116 107
116 151
116 163
116 191
117 28
117 30
117 40
117 58
117 59
117 83
117 100
117 130
117 149
117 172
117 182
117 189
118 41
118 57
118 92
118 137
118 172
119 4
119 29
119 37
119 50
119 59
119 66
119 68
119 82
119 87
119 123
119 130
119 156
119 160
119 179
120 16
120 35
120 44
120 51
120 79
120 84
120 108
120 130
120 145
120 180
120 197
121 34
121 37
121 62
121 67
121 74
121 89
121 97
121 101
121 124
121 151
121 155
121 197
122 3
122 21
122 38
122 63
122 66
122 67
122 74
122 110
122 129
122 167
122 199
123 7
123 31
123 33
123 36
123 40
123 60
123 67
123 82
123 119
123 133
123 143
123 144
123 165
123 173
124 22
124 30
124 45
124 82
124 94
124 121
124 133
124 137
124 146
124 152
125 0
125 36
125 58
125 59
125 112
125 113
125 145
125 150
126 8
126 19
126 34
126 41
126 112
126 148
126 174
127 1
127 28
127 58
127 73
127 91
127 96
127 112
127 141
127 153
127 183
128 14
128 26
128 27
128 33
128 43
128 59
128 71
128 73
128 78
128 87
128 100
128 107
128 145
128 152
129 1
129 8
129 15
129 27
129 48
129 97
129 122
129 132
129 134
129 177
130 36
130 53
130 57
130 66
130 69
130 117
130 119
130 120
130 177
131 23
131 26
131 60
131 149
131 175
131 183
131 194
131 195
131 196
132 4
132 28
132 52
132 53
132 59
132 62
132 63
132 65
132 81
132 88
132 104
132 129
132 138
132 193
132 194
133 22
133 40
133 41
133 89
133 92
133 123
133 124
133 195
134 70
134 129
134 146
134 174
134 181
135 29
135 39
135 40
135 60
135 73
135 188
136 24
136 41
136 50
136 73
136 110
136 115
136 144
136 157
136 178
136 194
137 4
137 8
137 28
137 41
137 56
137 86
137 97
137 99
137 108
137 112
137 118
137 124
137 173
138 26
138 47
138 62
138 132
138 175
138 189
139 26
139 63
139 156
139 181
139 186
139 188
139 198
140 25
140 30
140 32
140 35
140 70
140 106
140 110
141 31
141 65
141 72
141 127
141 142
141 155
141 156
141 166
141 168
141 184
141 186
141 189
142 56
142 86
142 102
142 141
142 155
142 176
142 189
142 190
143 4
143 88
143 100
143 105
143 123
143 164
143 170
143 172
143 186
143 188
143 199
144 4
144 63
144 69
144 72
144 80
144 123
144 136
144 185
145 54
145 94
145 120
145 125
145 128
145 173
146 1
146 5
146 12
146 27
146 30
146 47
146 53
146 82
146 102
146 124
146 134
146 170
147 13
147 19
147 30
147 58
147 69
147 70
147 75
147 109
147 157
147 168
147 174
147 186
147 187
148 2
148 85
148 95
148 101
148 126
148 193
149 6
149 14
149 36
149 62
149 106
149 117
149 131
149 196
150 0
150 21
150 41
150 69
150 87
150 108
150 125
150 151
151 4
151 12
151 18
151 34
151 41
151 86
151 111
151 114
151 116
151 121
151 150
151 154
152 12
152 50
152 61
152 66
152 73
152 76
152 85
152 107
152 124
152 128
152 162
152 174
152 176
152 199
153 26
153 35
153 43
153 91
153 115
153 127
153 156
153 185
154 56
154 82
154 100
154 151
154 162
154 196
155 30
155 34
155 36
155 67
155 69
155 74
155 87
155 98
155 115
155 121
155 141
155 142
155 163
155 168
156 2
156 5
156 9
156 25
156 26
156 30
156 84
156 99
156 119
156 139
156 141
156 153
156 165
156 185
157 0
157 33
157 42
157 84
157 96
157 100
157 111
157 115
157 136
157 147
157 164
157 168
157 173
157 190
158 18
158 64
158 105
158 112
159 21
159 29
159 35
159 62
159 78
159 91
159 98
159 167
159 189
160 14
160 18
160 31
160 33
160 82
160 114
160 119
160 191
161 11
161 64
161 66
162 52
162 68
162 104
162 111
162 152
162 154
162 182
162 183
162 197
163 5
163 27
163 35
163 63
163 90
163 113
163 116
163 155
163 169
163 192
164 29
164 56
164 74
164 79
164 105
164 143
164 157
165 9
165 47
165 59
165 68
165 99
165 123
165 156
165 176
166 14
166 16
166 63
166 64
166 66
166 71
166 75
166 82
166 104
166 141
166 180
166 189
167 0
167 4
167 16
167 23
167 98
167 110
167 122
167 159
167 169
167 186
168 31
168 63
168 85
168 92
168 141
168 147
168 155
168 157
168 193
169 33
169 35
169 64
169 110
169 163
169 167
169 183
169 198
170 12
170 19
170 43
170 49
170 50
170 61
170 91
170 102
170 143
170 146
171 32
171 67
171 86
171 177
171 183
172 22
172 40
172 86
172 108
172 114
172 117
172 118
172 143
173 39
173 62
173 69
173 76
173 92
173 123
173 137
173 145
173 157
174 3
174 8
174 36
174 43
174 75
174 83
174 91
174 93
174 126
174 134
174 147
174 152
174 189
174 191
174 193
174 199
175 3
175 16
175 62
175 63
175 131
175 138
175 179
176 5
176 56
176 62
176 105
176 106
176 111
176 142
176 152
176 165
176 185
177 6
177 9
177 37
177 44
177 59
177 65
177 66
177 103
177 107
177 129
177 130
177 171
178 6
178 10
178 29
178 31
178 39
178 62
178 65
178 67
178 68
178 82
178 107
178 136
178 185
179 17
179 63
179 80
179 97
179 119
179 175
179 198
180 7
180 13
180 33
180 83
180 114
180 120
180 166
181 12
181 75
181 134
181 139
181 192
181 198
182 9
182 22
182 37
182 42
182 51
182 52
182 74
182 78
182 89
182 97
182 112
182 117
182 162
182 185
183 2
183 20
183 24
183 25
183 31
183 92
183 95
183 127
183 131
183 162
183 169
183 171
183 190
184 20
184 46
184 51
184 93
184 96
184 98
184 141
184 190
184 196
185 80
185 86
185 93
185 112
185 144
185 153
185 156
185 176
185 178
185 182
186 25
186 28
186 61
186 100
186 139
186 141
186 143
186 147
186 167
186 187
186 195
187 26
187 46
187 62
187 93
187 147
187 186
188 12
188 34
188 45
188 59
188 95
188 101
188 106
188 135
188 139
188 143
188 189
188 191
189 4
189 7
189 29
189 45
189 55
189 57
189 60
189 67
189 97
189 117
189 138
189 141
189 142
189 159
189 166
189 174
189 188
189 191
190 3
190 12
190 19
190 40
190 67
190 101
190 112
190 142
190 157
190 183
190 184
190 195
191 12
191 65
191 75
191 116
191 160
191 174
191 188
191 189
191 199
192 18
192 21
192 38
192 43
192 50
192 95
192 102
192 163
192 181
193 1
193 20
193 21
193 41
193 50
193 66
193 98
193 132
193 148
193 168
193 174
193 198
194 0
194 131
194 132
194 136
195 17
195 44
195 59
195 73
195 84
195 106
195 131
195 133
195 186
195 190
196 13
196 64
196 67
196 68
196 84
196 108
196 131
196 149
196 154
196 184
197 17
197 19
197 33
197 34
197 36
197 47
197 52
197 120
197 121
197 162
198 1
198 33
198 35
198 39
198 53
198 54
198 67
198 93
198 97
198 139
198 169
198 179
198 181
198 193
199 30
199 48
199 63
199 97
199 100
199 122
199 143
199 152
199 174
199 191