200 507
0 17
0 65
0 80
0 101
0 108
0 142
0 155
2 8
2 14
3 19
3 65
3 100
3 134
3 138
4 35
4 56
4 111
4 164
4 177
5 45
5 93
5 101
5 177
5 179
5 190
5 198
6 82
6 89
6 117
7 15
7 21
7 36
7 48
7 49
7 57
7 142
8 2
8 14
8 20
8 37
8 64
8 65
8 70
8 95
9 52
9 72
9 89
9 105
9 184
10 47
10 180
11 34
11 57
11 93
11 111
11 112
11 171
11 182
11 195
12 129
12 156
13 39
13 43
13 47
13 55
13 117
13 122
13 153
13 183
14 2
14 8
14 79
14 128
14 165
15 7
15 16
15 21
15 25
15 72
15 97
15 133
15 137
15 163
16 15
16 42
16 74
16 133
16 169
17 0
17 44
17 50
17 70
17 108
17 138
17 147
18 28
18 44
18 68
18 165
18 180
19 3
19 89
19 93
19 174
20 8
20 26
20 49
20 144
21 7
21 15
21 37
21 43
21 57
21 162
22 103
22 114
22 138
23 70
23 76
23 112
23 118
23 127
23 129
23 157
24 27
24 56
24 102
24 106
25 15
25 94
25 134
25 137
25 148
25 199
26 20
26 60
26 85
26 116
26 143
26 155
26 183
27 24
27 58
27 84
28 18
28 31
28 79
28 123
28 182
29 76
29 90
29 96
29 100
29 156
30 32
30 47
30 84
30 103
30 125
30 153
31 28
31 89
31 100
31 111
31 176
31 187
32 30
32 117
32 128
32 188
33 94
33 96
33 101
33 108
33 111
33 115
33 177
34 11
34 77
34 137
35 4
35 63
35 69
35 73
35 79
35 155
36 7
36 95
36 98
36 116
36 144
36 160
37 8
37 21
37 47
37 112
37 142
37 180
38 58
38 154
39 13
39 86
39 133
39 154
39 184
39 187
40 49
40 68
40 160
40 161
41 60
41 76
41 130
41 135
41 145
41 156
41 167
41 177
42 16
42 87
42 91
42 153
42 191
43 13
43 21
43 52
43 62
43 97
43 98
43 152
44 17
44 18
44 74
44 94
44 117
44 193
45 5
45 48
45 80
45 89
45 96
45 98
45 108
45 129
45 150
45 180
46 69
46 94
46 144
46 175
47 10
47 13
47 30
47 37
47 63
47 87
47 95
47 129
48 7
48 45
48 74
48 124
48 144
48 162
49 7
49 20
49 40
49 50
49 88
50 17
50 49
50 83
50 104
51 83
52 9
52 43
52 108
52 144
52 198
53 163
54 145
54 148
55 13
55 66
55 123
55 133
55 180
56 4
56 24
56 65
56 76
56 102
56 115
56 156
57 7
57 11
57 21
57 58
57 121
58 27
58 38
58 57
58 85
58 142
59 101
59 118
59 172
60 26
60 41
60 93
60 111
60 133
60 186
60 193
61 66
61 72
61 73
61 115
61 159
61 177
62 43
62 86
62 123
62 129
63 35
63 47
63 81
63 142
63 154
63 166
63 197
63 199
64 8
64 174
65 0
65 3
65 8
65 56
65 81
65 97
65 112
65 162
65 190
66 55
66 61
66 112
66 131
66 161
68 18
68 40
68 86
68 154
68 155
68 169
68 170
69 35
69 46
69 98
69 128
69 130
69 142
69 157
69 160
69 183
70 8
70 17
70 23
70 123
70 142
70 186
71 73
72 9
72 15
72 61
72 125
72 146
72 151
72 178
72 188
73 35
73 61
73 71
73 109
73 131
74 16
74 44
74 48
74 157
74 172
75 182
75 184
76 23
76 29
76 41
76 56
76 107
76 141
77 34
77 93
77 134
77 152
77 164
78 110
78 119
78 159
79 14
79 28
79 35
79 131
79 138
80 0
80 45
80 107
80 132
81 63
81 65
81 129
81 136
81 161
82 6
82 130
83 50
83 51
84 27
84 30
84 85
84 97
84 168
84 189
85 26
85 58
85 84
85 98
85 102
85 111
85 163
86 39
86 62
86 68
86 155
86 168
87 42
87 47
87 93
87 127
87 142
87 161
88 49
88 143
88 153
88 168
88 178
89 6
89 9
89 19
89 31
89 45
89 182
90 29
90 196
91 42
92 139
92 160
92 188
93 5
93 11
93 19
93 60
93 77
93 87
94 25
94 33
94 44
94 46
94 100
94 109
94 143
94 165
95 8
95 36
95 47
95 118
95 137
95 194
96 29
96 33
96 45
96 100
96 147
96 184
97 15
97 43
97 65
97 84
97 116
97 137
97 185
98 36
98 43
98 45
98 69
98 85
98 135
98 138
98 156
98 172
98 184
98 192
99 146
99 163
99 179
99 196
100 3
100 29
100 31
100 94
100 96
100 118
100 128
100 160
100 199
101 0
101 5
101 33
101 59
101 137
101 156
101 161
102 24
102 56
102 85
102 103
102 104
102 140
102 153
102 169
102 171
103 22
103 30
103 102
103 153
103 160
103 179
103 185
104 50
104 102
104 122
104 183
105 9
105 149
105 179
105 199
106 24
106 153
106 166
107 76
107 80
107 189
108 0
108 17
108 33
108 45
108 52
108 125
108 190
109 73
109 94
109 113
109 160
109 169
109 186
109 192
110 78
110 124
110 155
110 171
110 173
111 4
111 11
111 31
111 33
111 60
111 85
111 113
111 152
111 154
112 11
112 23
112 37
112 65
112 66
112 139
112 175
113 109
113 111
114 22
114 147
114 174
115 33
115 56
115 61
115 133
116 26
116 36
116 97
116 119
116 153
116 184
117 6
117 13
117 32
117 44
117 155
117 182
118 23
118 59
118 95
118 100
118 143
118 158
118 195
119 78
119 116
119 155
120 149
120 170
120 177
121 57
121 133
121 137
121 142
121 178
121 179
122 13
122 104
122 157
123 28
123 55
123 62
123 70
123 190
124 48
124 110
124 133
124 148
124 173
125 30
125 72
125 108
125 130
125 141
125 151
125 152
126 141
126 153
126 181
127 23
127 87
127 195
128 14
128 32
128 69
128 100
128 147
129 12
129 23
129 45
129 47
129 62
129 81
129 164
130 41
130 69
130 82
130 125
130 148
131 66
131 73
131 79
131 188
132 80
132 187
133 15
133 16
133 39
133 55
133 60
133 115
133 121
133 124
133 151
133 176
134 3
134 25
134 77
134 141
135 41
135 98
135 161
135 193
136 81
136 172
136 186
137 15
137 25
137 34
137 95
137 97
137 101
137 121
137 139
137 145
138 3
138 17
138 22
138 79
138 98
138 178
139 92
139 112
139 137
139 157
139 172
140 102
140 153
141 76
141 125
141 126
141 134
141 158
141 197
142 0
142 7
142 37
142 58
142 63
142 69
142 70
142 87
142 121
142 157
142 168
142 183
142 195
143 26
143 88
143 94
143 118
143 188
144 20
144 36
144 46
144 48
144 52
144 158
145 41
145 54
145 137
145 172
145 198
146 72
146 99
147 17
147 96
147 114
147 128
147 181
148 25
148 54
148 124
148 130
148 193
149 105
149 120
149 152
149 158
150 45
150 186
151 72
151 125
151 133
152 43
152 77
152 111
152 125
152 149
152 171
152 195
153 13
153 30
153 42
153 88
153 102
153 103
153 106
153 116
153 126
153 140
153 168
154 38
154 39
154 63
154 68
154 111
154 199
155 0
155 26
155 35
155 68
155 86
155 110
155 117
155 119
155 169
155 177
156 12
156 29
156 41
156 56
156 98
156 101
157 23
157 69
157 74
157 122
157 139
157 142
157 159
157 191
157 193
158 118
158 141
158 144
158 149
159 61
159 78
159 157
159 184
160 36
160 40
160 69
160 92
160 100
160 103
160 109
160 176
161 40
161 66
161 81
161 87
161 101
161 135
161 175
161 194
162 21
162 48
162 65
163 15
163 53
163 85
163 99
163 168
164 4
164 77
164 129
164 172
164 192
165 14
165 18
165 94
166 63
166 106
167 41
167 197
168 84
168 86
168 88
168 142
168 153
168 163
169 16
169 68
169 102
169 109
169 155
170 68
170 120
171 11
171 102
171 110
171 152
171 175
172 59
172 74
172 98
172 136
172 139
172 145
172 164
172 176
173 110
173 124
173 184
174 19
174 64
174 114
175 46
175 112
175 161
175 171
176 31
176 133
176 160
176 172
177 4
177 5
177 33
177 41
177 61
177 120
177 155
178 72
178 88
178 121
178 138
179 5
179 99
179 103
179 105
179 121
179 193
180 10
180 18
180 37
180 45
180 55
180 194
181 126
181 147
182 11
182 28
182 75
182 89
182 117
183 13
183 26
183 69
183 104
183 142
184 9
184 39
184 75
184 96
184 98
184 116
184 159
184 173
184 187
185 97
185 103
186 60
186 70
186 109
186 136
186 150
187 31
187 39
187 132
187 184
187 195
188 32
188 72
188 92
188 131
188 143
189 84
189 107
190 5
190 65
190 108
190 123
191 42
191 157
192 98
192 109
192 164
193 44
193 60
193 135
193 148
193 157
193 179
194 95
194 161
194 180
195 11
195 118
195 127
195 142
195 152
195 187
196 90
196 99
197 63
197 141
197 167
198 5
198 52
198 145
199 25
199 63
199 100
199 105
199 154