200 1011
0 17
0 65
0 80
0 101
0 108
0 112
0 142
0 155
1 38
1 116
1 134
1 150
1 155
1 196
2 8
2 14
2 35
2 179
2 194
3 19
3 59
3 65
3 100
3 110
3 134
3 138
4 11
4 23
4 35
4 56
4 71
4 110
4 111
4 147
4 163
4 164
4 177
4 182
5 15
5 23
5 33
5 45
5 50
5 93
5 97
5 101
5 177
5 179
5 190
5 198
6 53
6 59
6 82
6 86
6 89
6 117
6 133
6 181
7 15
7 21
7 36
7 37
7 48
7 49
7 57
7 97
7 122
7 142
7 194
7 196
7 197
8 2
8 14
8 20
8 37
8 50
8 64
8 65
8 70
8 78
8 87
8 95
8 109
8 134
8 165
8 191
9 52
9 72
9 89
9 104
9 105
9 164
9 184
10 16
10 35
10 47
10 58
10 119
10 122
10 180
10 185
11 4
11 34
11 57
11 93
11 111
11 112
11 122
11 148
11 152
11 171
11 182
11 195
12 32
12 83
12 129
12 156
12 193
13 39
13 43
13 47
13 55
13 117
13 118
13 121
13 122
13 153
13 166
13 183
14 2
14 8
14 34
14 66
14 79
14 90
14 112
14 128
14 165
14 175
14 197
15 5
15 7
15 16
15 21
15 25
15 56
15 57
15 72
15 82
15 97
15 133
15 137
15 163
16 10
16 15
16 42
16 61
16 74
16 133
16 169
17 0
17 22
17 44
17 48
17 50
17 70
17 107
17 108
17 113
17 138
17 142
17 147
18 28
18 44
18 68
18 133
18 143
18 157
18 165
18 180
19 3
19 21
19 89
19 93
19 108
19 165
19 174
20 8
20 26
20 40
20 48
20 49
20 55
20 76
20 144
20 167
20 181
20 193
21 7
21 15
21 19
21 37
21 41
21 43
21 57
21 59
21 61
21 92
21 162
21 172
21 174
21 190
22 17
22 70
22 103
22 114
22 119
22 138
22 170
22 194
22 199
23 4
23 5
23 70
23 76
23 95
23 112
23 118
23 127
23 129
23 157
24 27
24 56
24 86
24 90
24 101
24 102
24 106
24 126
24 176
24 195
25 15
25 61
25 94
25 131
25 134
25 137
25 148
25 149
25 152
25 199
26 20
26 54
26 60
26 85
26 116
26 123
26 143
26 155
26 183
27 24
27 29
27 34
27 38
27 58
27 84
27 103
27 119
27 146
27 147
27 183
28 18
28 31
28 42
28 79
28 123
28 127
28 149
28 182
29 27
29 61
29 76
29 90
29 96
29 100
29 117
29 156
29 163
29 180
29 192
30 32
30 47
30 54
30 84
30 103
30 125
30 131
30 146
30 153
30 160
30 189
31 28
31 70
31 82
31 89
31 100
31 111
31 122
31 176
31 187
32 12
32 30
32 66
32 86
32 117
32 128
32 138
32 174
32 188
32 197
33 5
33 59
33 94
33 96
33 101
33 108
33 111
33 115
33 118
33 131
33 145
33 158
33 177
33 188
34 11
34 14
34 27
34 77
34 137
34 138
34 139
34 153
34 154
34 160
35 2
35 4
35 10
35 40
35 63
35 69
35 73
35 79
35 94
35 155
35 170
36 7
36 41
36 76
36 95
36 98
36 116
36 124
36 134
36 141
36 144
36 160
37 7
37 8
37 21
37 47
37 97
37 112
37 113
37 142
37 147
37 176
37 180
38 1
38 27
38 58
38 128
38 154
39 13
39 51
39 78
39 86
39 100
39 133
39 150
39 154
39 178
39 181
39 184
39 187
40 20
40 35
40 49
40 68
40 80
40 113
40 145
40 160
40 161
40 170
41 21
41 36
41 47
41 60
41 76
41 90
41 93
41 130
41 135
41 141
41 145
41 156
41 167
41 177
42 16
42 28
42 87
42 91
42 93
42 131
42 153
42 181
42 191
42 194
43 13
43 21
43 52
43 56
43 62
43 97
43 98
43 99
43 131
43 152
44 17
44 18
44 51
44 74
44 94
44 105
44 107
44 117
44 193
45 5
45 46
45 48
45 80
45 89
45 96
45 98
45 108
45 129
45 135
45 150
45 170
45 175
45 180
45 182
46 45
46 63
46 69
46 94
46 118
46 144
46 175
46 196
47 10
47 13
47 30
47 37
47 41
47 48
47 63
47 87
47 95
47 116
47 129
48 7
48 17
48 20
48 45
48 47
48 53
48 74
48 95
48 124
48 144
48 162
48 193
49 7
49 20
49 40
49 50
49 84
49 88
49 109
49 145
50 5
50 8
50 17
50 49
50 60
50 61
50 64
50 83
50 101
50 104
50 128
51 39
51 44
51 83
51 134
51 139
51 158
51 182
51 188
51 198
52 9
52 43
52 63
52 87
52 108
52 144
52 198
53 6
53 48
53 115
53 151
53 163
54 26
54 30
54 66
54 75
54 84
54 93
54 100
54 126
54 145
54 148
54 164
55 13
55 20
55 66
55 121
55 123
55 133
55 164
55 180
56 4
56 15
56 24
56 43
56 65
56 68
56 76
56 83
56 102
56 115
56 156
57 7
57 11
57 15
57 21
57 58
57 94
57 121
57 151
58 10
58 27
58 38
58 57
58 85
58 100
58 132
58 142
58 149
58 157
58 158
58 181
59 3
59 6
59 21
59 33
59 60
59 101
59 118
59 125
59 127
59 129
59 170
59 171
59 172
59 193
60 26
60 41
60 50
60 59
60 82
60 93
60 111
60 118
60 133
60 157
60 186
60 193
61 16
61 21
61 25
61 29
61 50
61 66
61 72
61 73
61 96
61 115
61 159
61 170
61 177
62 43
62 72
62 80
62 86
62 89
62 93
62 123
62 129
62 159
62 165
63 35
63 46
63 47
63 52
63 81
63 108
63 109
63 135
63 142
63 154
63 159
63 166
63 197
63 199
64 8
64 50
64 77
64 138
64 174
64 186
65 0
65 3
65 8
65 56
65 71
65 81
65 88
65 97
65 112
65 119
65 121
65 138
65 143
65 162
65 188
65 190
66 14
66 32
66 54
66 55
66 61
66 111
66 112
66 131
66 161
66 183
67 97
67 126
67 131
67 145
67 190
67 199
68 18
68 40
68 56
68 86
68 90
68 152
68 154
68 155
68 169
68 170
68 195
69 35
69 46
69 98
69 103
69 112
69 128
69 130
69 142
69 145
69 157
69 160
69 183
70 8
70 17
70 22
70 23
70 31
70 71
70 91
70 92
70 100
70 111
70 123
70 142
70 144
70 145
70 181
70 183
70 186
71 4
71 65
71 70
71 73
71 108
71 150
71 178
72 9
72 15
72 61
72 62
72 95
72 125
72 146
72 151
72 178
72 188
73 35
73 61
73 71
73 86
73 109
73 131
73 137
74 16
74 44
74 48
74 76
74 100
74 110
74 136
74 157
74 168
74 172
75 54
75 90
75 182
75 184
76 20
76 23
76 29
76 36
76 41
76 56
76 74
76 92
76 107
76 141
76 150
77 34
77 64
77 89
77 93
77 111
77 134
77 138
77 145
77 152
77 164
78 8
78 39
78 82
78 101
78 110
78 119
78 147
78 159
78 166
79 14
79 28
79 35
79 131
79 138
79 139
80 0
80 40
80 45
80 62
80 107
80 132
80 189
81 63
81 65
81 97
81 129
81 136
81 161
81 166
81 180
81 183
82 6
82 15
82 31
82 60
82 78
82 87
82 125
82 130
82 146
82 155
82 185
83 12
83 50
83 51
83 56
83 94
83 103
83 107
83 187
84 27
84 30
84 49
84 54
84 85
84 97
84 166
84 168
84 189
85 26
85 58
85 84
85 98
85 102
85 106
85 111
85 131
85 134
85 163
85 172
85 189
85 191
86 6
86 24
86 32
86 39
86 62
86 68
86 73
86 155
86 168
86 181
86 190
86 196
87 8
87 42
87 47
87 52
87 82
87 93
87 127
87 139
87 142
87 150
87 154
87 161
87 163
88 49
88 65
88 143
88 153
88 155
88 168
88 178
89 6
89 9
89 19
89 31
89 45
89 62
89 77
89 119
89 161
89 182
90 14
90 24
90 29
90 41
90 68
90 75
90 97
90 142
90 196
91 42
91 70
92 21
92 70
92 76
92 113
92 139
92 142
92 152
92 160
92 164
92 188
92 197
93 5
93 11
93 19
93 41
93 42
93 54
93 60
93 62
93 77
93 87
93 135
94 25
94 33
94 35
94 44
94 46
94 57
94 83
94 100
94 109
94 124
94 134
94 143
94 154
94 165
94 174
95 8
95 23
95 36
95 47
95 48
95 72
95 104
95 106
95 118
95 137
95 151
95 194
96 29
96 33
96 45
96 61
96 100
96 118
96 147
96 180
96 184
97 5
97 7
97 15
97 37
97 43
97 65
97 67
97 81
97 84
97 90
97 112
97 113
97 116
97 119
97 122
97 137
97 160
97 185
98 36
98 43
98 45
98 69
98 85
98 126
98 135
98 138
98 156
98 172
98 175
98 184
98 192
99 43
99 146
99 160
99 163
99 179
99 186
99 194
99 196
100 3
100 29
100 31
100 39
100 54
100 58
100 70
100 74
100 94
100 96
100 114
100 118
100 128
100 131
100 152
100 160
100 175
100 177
100 188
100 199
101 0
101 5
101 24
101 33
101 50
101 59
101 78
101 121
101 137
101 144
101 156
101 161
102 24
102 56
102 85
102 103
102 104
102 140
102 142
102 153
102 169
102 171
102 175
103 22
103 27
103 30
103 69
103 83
103 102
103 153
103 159
103 160
103 165
103 179
103 184
103 185
103 188
103 198
104 9
104 50
104 95
104 102
104 120
104 122
104 183
104 185
105 9
105 44
105 110
105 116
105 147
105 149
105 176
105 179
105 199
106 24
106 85
106 95
106 131
106 149
106 153
106 161
106 166
107 17
107 44
107 76
107 80
107 83
107 126
107 189
108 0
108 17
108 19
108 33
108 45
108 52
108 63
108 71
108 122
108 125
108 139
108 190
109 8
109 49
109 63
109 73
109 94
109 113
109 160
109 169
109 186
109 192
109 199
110 3
110 4
110 74
110 78
110 105
110 124
110 155
110 171
110 173
110 195
111 4
111 11
111 31
111 33
111 60
111 66
111 70
111 77
111 85
111 113
111 115
111 148
111 152
111 154
111 163
112 0
112 11
112 14
112 23
112 37
112 65
112 66
112 69
112 97
112 126
112 127
112 136
112 139
112 161
112 175
113 17
113 37
113 40
113 92
113 97
113 109
113 111
113 121
113 139
113 151
113 182
114 22
114 100
114 147
114 174
114 182
115 33
115 53
115 56
115 61
115 111
115 133
115 148
115 196
115 198
116 1
116 26
116 36
116 47
116 97
116 105
116 119
116 137
116 153
116 184
116 198
117 6
117 13
117 29
117 32
117 44
117 134
117 155
117 182
118 13
118 23
118 33
118 46
118 59
118 60
118 95
118 96
118 100
118 143
118 158
118 165
118 195
119 10
119 22
119 27
119 65
119 78
119 89
119 97
119 116
119 136
119 137
119 152
119 155
119 179
120 104
120 149
120 166
120 170
120 177
120 181
120 190
121 13
121 55
121 57
121 65
121 101
121 113
121 123
121 125
121 133
121 137
121 139
121 142
121 170
121 178
121 179
122 7
122 10
122 11
122 13
122 31
122 97
122 104
122 108
122 157
122 160
122 165
122 175
122 189
123 26
123 28
123 55
123 62
123 70
123 121
123 190
124 36
124 48
124 94
124 110
124 133
124 140
124 148
124 173
124 186
124 198
125 30
125 59
125 72
125 82
125 108
125 121
125 130
125 141
125 151
125 152
125 163
125 180
126 24
126 54
126 67
126 98
126 107
126 112
126 141
126 148
126 153
126 166
126 176
126 181
126 182
127 23
127 28
127 59
127 87
127 112
127 164
127 194
127 195
128 14
128 32
128 38
128 50
128 69
128 100
128 147
128 167
128 185
129 12
129 23
129 45
129 47
129 59
129 62
129 81
129 164
130 41
130 69
130 82
130 125
130 138
130 139
130 148
130 160
131 25
131 30
131 33
131 42
131 43
131 66
131 67
131 73
131 79
131 85
131 100
131 106
131 132
131 150
131 156
131 167
131 188
132 58
132 80
132 131
132 162
132 187
133 6
133 15
133 16
133 18
133 39
133 55
133 60
133 115
133 121
133 124
133 151
133 176
134 1
134 3
134 8
134 25
134 36
134 51
134 77
134 85
134 94
134 117
134 141
134 171
135 41
135 45
135 63
135 93
135 98
135 161
135 171
135 193
136 74
136 81
136 112
136 119
136 158
136 172
136 186
137 15
137 25
137 34
137 73
137 95
137 97
137 101
137 116
137 119
137 121
137 139
137 145
138 3
138 17
138 22
138 32
138 34
138 64
138 65
138 77
138 79
138 98
138 130
138 177
138 178
138 183
138 194
139 34
139 51
139 79
139 87
139 92
139 108
139 112
139 113
139 121
139 130
139 137
139 149
139 157
139 162
139 170
139 172
139 187
140 102
140 124
140 153
141 36
141 41
141 76
141 125
141 126
141 134
141 158
141 169
141 197
142 0
142 7
142 17
142 37
142 58
142 63
142 69
142 70
142 87
142 90
142 92
142 102
142 121
142 157
142 168
142 183
142 184
142 195
142 196
142 199
143 18
143 26
143 65
143 88
143 94
143 118
143 144
143 188
144 20
144 36
144 46
144 48
144 52
144 70
144 101
144 143
144 157
144 158
144 170
144 179
145 33
145 40
145 41
145 49
145 54
145 67
145 69
145 70
145 77
145 137
145 172
145 184
145 185
145 188
145 192
145 198
146 27
146 30
146 72
146 82
146 99
146 155
146 162
146 195
147 4
147 17
147 27
147 37
147 78
147 96
147 105
147 114
147 128
147 181
148 11
148 25
148 54
148 111
148 115
148 124
148 126
148 130
148 153
148 183
148 193
149 25
149 28
149 58
149 105
149 106
149 120
149 139
149 152
149 158
149 172
150 1
150 39
150 45
150 71
150 76
150 87
150 131
150 186
151 53
151 57
151 72
151 95
151 113
151 125
151 133
152 11
152 25
152 43
152 68
152 77
152 92
152 100
152 111
152 119
152 125
152 149
152 171
152 172
152 186
152 195
153 13
153 30
153 34
153 42
153 88
153 102
153 103
153 106
153 116
153 126
153 140
153 148
153 168
153 189
154 34
154 38
154 39
154 63
154 68
154 87
154 94
154 111
154 199
155 0
155 1
155 26
155 35
155 68
155 82
155 86
155 88
155 110
155 117
155 119
155 146
155 169
155 177
156 12
156 29
156 41
156 56
156 98
156 101
156 131
156 163
157 18
157 23
157 58
157 60
157 69
157 74
157 122
157 139
157 142
157 144
157 159
157 191
157 193
158 33
158 51
158 58
158 118
158 136
158 141
158 144
158 149
159 61
159 62
159 63
159 78
159 103
159 157
159 180
159 184
160 30
160 34
160 36
160 40
160 69
160 92
160 97
160 99
160 100
160 103
160 109
160 122
160 130
160 167
160 170
160 176
161 40
161 66
161 81
161 87
161 89
161 101
161 106
161 112
161 135
161 175
161 194
162 21
162 48
162 65
162 132
162 139
162 146
163 4
163 15
163 29
163 53
163 85
163 87
163 99
163 111
163 125
163 156
163 168
163 175
164 4
164 9
164 54
164 55
164 77
164 92
164 127
164 129
164 172
164 192
165 8
165 14
165 18
165 19
165 62
165 94
165 103
165 118
165 122
166 13
166 63
166 78
166 81
166 84
166 106
166 120
166 126
166 186
167 20
167 41
167 128
167 131
167 160
167 181
167 185
167 197
168 74
168 84
168 86
168 88
168 142
168 153
168 163
169 16
169 68
169 102
169 109
169 141
169 155
170 22
170 35
170 40
170 45
170 59
170 61
170 68
170 120
170 121
170 139
170 144
170 160
171 11
171 59
171 102
171 110
171 134
171 135
171 152
171 175
171 192
172 21
172 59
172 74
172 85
172 98
172 136
172 139
172 145
172 149
172 152
172 164
172 176
173 110
173 124
173 184
173 188
173 199
174 19
174 21
174 32
174 64
174 94
174 114
175 14
175 45
175 46
175 98
175 100
175 102
175 112
175 122
175 161
175 163
175 171
176 24
176 31
176 37
176 105
176 126
176 133
176 160
176 172
177 4
177 5
177 33
177 41
177 61
177 100
177 120
177 138
177 155
177 179
178 39
178 71
178 72
178 88
178 121
178 138
179 2
179 5
179 99
179 103
179 105
179 119
179 121
179 144
179 177
179 193
180 10
180 18
180 29
180 37
180 45
180 55
180 81
180 96
180 125
180 159
180 194
181 6
181 20
181 39
181 42
181 58
181 70
181 86
181 120
181 126
181 147
181 167
182 4
182 11
182 28
182 45
182 51
182 75
182 89
182 113
182 114
182 117
182 126
183 13
183 26
183 27
183 66
183 69
183 70
183 81
183 104
183 138
183 142
183 148
184 9
184 39
184 75
184 96
184 98
184 103
184 116
184 142
184 145
184 159
184 173
184 187
185 10
185 82
185 97
185 103
185 104
185 128
185 145
185 167
186 60
186 64
186 70
186 99
186 109
186 124
186 136
186 150
186 152
186 166
187 31
187 39
187 83
187 132
187 139
187 184
187 195
188 32
188 33
188 51
188 65
188 72
188 92
188 100
188 103
188 131
188 143
188 145
188 173
189 30
189 80
189 84
189 85
189 107
189 122
189 153
190 5
190 21
190 65
190 67
190 86
190 108
190 120
190 123
191 8
191 42
191 85
191 157
192 29
192 98
192 109
192 145
192 164
192 171
193 12
193 20
193 44
193 48
193 59
193 60
193 135
193 148
193 157
193 179
194 2
194 7
194 22
194 42
194 95
194 99
194 127
194 138
194 161
194 180
194 195
195 11
195 24
195 68
195 110
195 118
195 127
195 142
195 146
195 152
195 187
195 194
196 1
196 7
196 46
196 86
196 90
196 99
196 115
196 142
197 7
197 14
197 32
197 63
197 92
197 141
197 167
197 199
198 5
198 51
198 52
198 103
198 115
198 116
198 124
198 145
199 22
199 25
199 63
199 67
199 100
199 105
199 109
199 142
199 154
199 173
199 197