200 500
0 79
0 107
0 131
0 153
1 30
1 56
1 59
1 122
1 125
1 178
1 180
2 28
2 34
2 39
2 81
2 109
2 124
2 145
2 146
2 154
3 49
3 55
3 89
3 101
3 155
3 192
3 197
4 95
4 125
4 133
4 191
5 86
5 96
5 97
5 117
5 133
5 149
5 174
6 46
6 68
6 72
7 32
7 70
7 89
7 90
7 128
7 184
8 35
8 46
8 47
8 54
8 72
8 73
8 117
8 178
9 56
9 114
9 118
9 152
9 163
9 182
9 193
10 56
10 112
10 151
10 188
11 60
11 85
12 54
12 142
12 154
13 20
13 113
13 150
13 164
13 193
13 196
14 56
14 85
14 125
14 159
15 57
15 60
15 82
15 113
15 131
15 150
16 36
16 121
17 121
17 154
18 50
18 52
18 91
19 102
19 172
20 13
20 25
20 36
20 40
20 104
20 117
20 130
20 132
20 156
20 197
21 49
21 74
21 101
21 117
21 192
21 195
22 48
22 68
22 72
22 103
22 138
22 175
22 196
23 25
23 28
23 33
24 35
24 168
24 187
25 20
25 23
25 80
25 133
25 162
26 32
26 36
27 35
27 47
27 53
27 58
27 102
27 159
28 2
28 23
28 40
28 51
28 153
28 156
28 163
29 46
29 143
30 1
30 56
30 90
30 129
30 165
30 178
31 74
31 78
31 199
32 7
32 26
32 35
32 38
32 42
32 55
32 109
32 128
32 138
32 187
33 23
33 49
33 75
34 2
34 112
34 129
34 145
34 182
34 188
34 191
35 8
35 24
35 27
35 32
35 127
35 148
35 176
36 16
36 20
36 26
36 63
36 70
36 176
37 87
37 179
38 32
38 46
38 87
38 116
38 152
38 186
38 196
39 2
39 45
39 49
39 114
39 130
39 159
39 166
39 174
39 183
40 20
40 28
40 92
40 100
40 102
40 106
40 113
40 117
40 135
41 76
41 85
41 186
42 32
42 74
42 75
42 85
42 114
42 136
42 162
42 197
43 108
43 171
44 152
45 39
45 58
45 59
45 66
45 107
45 157
46 6
46 8
46 29
46 38
46 67
46 103
46 124
46 166
46 186
47 8
47 27
47 58
47 115
47 163
48 22
48 56
48 67
48 131
48 187
49 3
49 21
49 33
49 39
49 61
49 63
49 107
49 112
49 191
49 196
50 18
50 61
50 82
50 161
50 184
50 186
50 191
51 28
51 117
51 165
51 169
51 198
52 18
52 54
52 58
52 126
52 160
52 179
52 186
53 27
53 159
53 180
54 8
54 12
54 52
54 97
54 116
55 3
55 32
55 63
55 155
55 185
55 191
55 195
56 1
56 9
56 10
56 14
56 30
56 48
56 126
57 15
57 81
57 90
57 96
57 117
57 132
57 140
58 27
58 45
58 47
58 52
58 120
59 1
59 45
59 66
59 73
59 138
59 191
60 11
60 15
60 96
60 134
60 156
60 157
60 181
61 49
61 50
61 114
61 130
61 191
62 137
63 36
63 49
63 55
63 147
64 75
64 87
64 117
64 143
64 197
65 88
65 126
65 139
65 164
66 45
66 59
66 91
66 110
67 46
67 48
67 97
67 129
67 168
67 174
68 6
68 22
68 123
69 89
69 113
69 117
69 155
70 7
70 36
70 75
70 121
70 165
71 73
71 115
71 170
71 195
71 198
72 6
72 8
72 22
72 84
72 103
72 121
72 148
73 8
73 59
73 71
73 122
73 191
74 21
74 31
74 42
74 104
74 120
74 154
75 33
75 42
75 64
75 70
75 76
75 116
75 134
75 180
76 41
76 75
76 164
76 179
77 137
77 151
78 31
78 103
78 152
78 153
78 156
78 195
79 0
79 95
80 25
80 96
80 131
80 159
80 168
80 189
81 2
81 57
81 115
81 138
81 176
82 15
82 50
82 104
82 111
82 122
82 180
83 166
83 186
84 72
85 11
85 14
85 41
85 42
85 113
85 162
85 170
85 178
85 196
85 198
86 5
86 93
86 113
86 174
86 190
86 198
87 37
87 38
87 64
87 90
87 185
87 188
88 65
88 133
88 158
89 3
89 7
89 69
89 159
89 187
90 7
90 30
90 57
90 87
90 92
90 115
90 129
91 18
91 66
91 109
91 152
92 40
92 90
92 98
92 132
92 171
93 86
93 118
93 119
93 125
93 184
93 192
94 105
94 146
94 161
94 165
95 4
95 79
95 114
95 178
95 188
95 193
96 5
96 57
96 60
96 80
96 144
96 173
97 5
97 54
97 67
97 170
98 92
98 147
98 166
99 121
99 125
99 128
99 130
99 141
99 176
100 40
100 172
101 3
101 21
101 193
101 196
102 19
102 27
102 40
102 198
103 22
103 46
103 72
103 78
103 133
103 137
104 20
104 74
104 82
104 115
104 156
105 94
105 169
105 197
106 40
106 117
106 164
107 0
107 45
107 49
108 43
108 109
108 124
108 131
108 145
108 190
109 2
109 32
109 91
109 108
109 123
109 133
109 151
109 155
109 169
109 192
110 66
111 82
112 10
112 34
112 49
113 13
113 15
113 40
113 69
113 85
113 86
114 9
114 39
114 42
114 61
114 95
114 115
114 145
114 179
115 47
115 71
115 81
115 90
115 104
115 114
115 139
116 38
116 54
116 75
116 122
116 192
117 5
117 8
117 20
117 21
117 40
117 51
117 57
117 64
117 69
117 106
117 173
117 192
118 9
118 93
118 120
118 143
119 93
119 121
120 58
120 74
120 118
120 170
120 191
121 16
121 17
121 70
121 72
121 99
121 119
121 126
121 181
122 1
122 73
122 82
122 116
122 150
122 184
123 68
123 109
123 173
124 2
124 46
124 108
124 179
125 1
125 4
125 14
125 93
125 99
125 127
126 52
126 56
126 65
126 121
126 128
126 142
127 35
127 125
127 138
127 140
127 166
127 192
128 7
128 32
128 99
128 126
128 147
129 30
129 34
129 67
129 90
129 149
129 184
129 188
129 199
130 20
130 39
130 61
130 99
131 0
131 15
131 48
131 80
131 108
132 20
132 57
132 92
132 134
132 189
133 4
133 5
133 25
133 88
133 103
133 109
134 60
134 75
134 132
134 195
135 40
135 147
136 42
136 165
136 195
137 62
137 77
137 103
138 22
138 32
138 59
138 81
138 127
139 65
139 115
139 150
139 166
139 192
140 57
140 127
141 99
141 151
141 162
141 194
142 12
142 126
142 156
142 182
143 29
143 64
143 118
143 177
144 96
144 180
144 186
144 189
144 192
145 2
145 34
145 108
145 114
145 156
146 2
146 94
146 155
147 63
147 98
147 128
147 135
148 35
148 72
149 5
149 129
149 187
149 195
150 13
150 15
150 122
150 139
150 156
150 182
151 10
151 77
151 109
151 141
151 172
151 175
152 9
152 38
152 44
152 78
152 91
152 158
153 0
153 28
153 78
153 170
153 192
154 2
154 12
154 17
154 74
154 178
155 3
155 55
155 69
155 109
155 146
155 169
155 178
156 20
156 28
156 60
156 78
156 104
156 142
156 145
156 150
157 45
157 60
157 173
158 88
158 152
158 166
159 14
159 27
159 39
159 53
159 80
159 89
159 186
159 199
160 52
160 181
161 50
161 94
161 166
162 25
162 42
162 85
162 141
163 9
163 28
163 47
163 188
164 13
164 65
164 76
164 106
165 30
165 51
165 70
165 94
165 136
165 174
166 39
166 46
166 83
166 98
166 127
166 139
166 158
166 161
166 199
167 179
168 24
168 67
168 80
169 51
169 105
169 109
169 155
169 172
169 182
170 71
170 85
170 97
170 120
170 153
171 43
171 92
171 175
172 19
172 100
172 151
172 169
172 187
173 96
173 117
173 123
173 157
174 5
174 39
174 67
174 86
174 165
175 22
175 151
175 171
175 186
176 35
176 36
176 81
176 99
177 143
178 1
178 8
178 30
178 85
178 95
178 154
178 155
179 37
179 52
179 76
179 114
179 124
179 167
180 1
180 53
180 75
180 82
180 144
180 185
181 60
181 121
181 160
181 195
182 9
182 34
182 142
182 150
182 169
183 39
184 7
184 50
184 93
184 122
184 129
185 55
185 87
185 180
186 38
186 41
186 46
186 50
186 52
186 83
186 144
186 159
186 175
186 188
186 197
187 24
187 32
187 48
187 89
187 149
187 172
188 10
188 34
188 87
188 95
188 129
188 163
188 186
189 80
189 132
189 144
190 86
190 108
190 195
191 4
191 34
191 49
191 50
191 55
191 59
191 61
191 73
191 120
192 3
192 21
192 93
192 109
192 116
192 117
192 127
192 139
192 144
192 153
193 9
193 13
193 95
193 101
194 141
195 21
195 55
195 71
195 78
195 134
195 136
195 149
195 181
195 190
196 13
196 22
196 38
196 49
196 85
196 101
197 3
197 20
197 42
197 64
197 105
197 186
198 51
198 71
198 85
198 86
198 102
199 31
199 129
199 159
199 166