200 1962
0 7
0 17
0 27
0 46
0 49
0 58
0 60
0 63
0 67
0 68
0 83
0 85
0 95
0 100
0 109
0 111
0 141
0 161
0 197
1 6
1 9
1 14
1 21
1 28
1 30
1 48
1 79
1 105
1 111
1 125
1 140
1 145
1 150
1 164
1 167
1 168
1 179
1 199
2 4
2 12
2 14
2 42
2 43
2 45
2 49
2 55
2 68
2 83
2 85
2 101
2 102
2 105
2 110
2 111
2 115
2 117
2 119
2 123
2 124
2 130
2 138
2 152
2 157
2 159
2 163
2 165
2 169
2 188
2 193
2 196
2 197
3 11
3 15
3 36
3 38
3 60
3 62
3 73
3 79
3 97
3 98
3 107
3 123
3 146
3 160
3 170
3 185
4 2
4 5
4 11
4 22
4 41
4 45
4 47
4 53
4 56
4 59
4 64
4 69
4 74
4 82
4 83
4 107
4 112
4 120
4 131
4 147
4 153
4 155
4 158
4 172
4 187
4 188
5 4
5 14
5 17
5 18
5 22
5 31
5 33
5 34
5 39
5 46
5 56
5 58
5 95
5 103
5 104
5 108
5 118
5 130
5 148
5 169
5 179
6 1
6 7
6 23
6 27
6 41
6 54
6 58
6 59
6 67
6 76
6 80
6 84
6 86
6 99
6 124
6 129
6 133
6 139
6 141
6 142
6 158
6 163
6 173
6 177
6 184
6 188
6 192
6 195
7 0
7 6
7 8
7 14
7 39
7 43
7 44
7 48
7 86
7 100
7 104
7 110
7 116
7 126
7 130
7 141
7 145
7 161
7 164
7 182
7 186
8 7
8 16
8 19
8 24
8 28
8 44
8 60
8 75
8 88
8 105
8 109
8 123
8 146
8 149
8 155
8 164
8 185
8 188
8 197
8 198
9 1
9 13
9 17
9 23
9 43
9 48
9 61
9 63
9 74
9 85
9 108
9 112
9 113
9 143
9 179
10 12
10 25
10 41
10 67
10 68
10 72
10 83
10 87
10 141
10 161
10 166
10 187
10 188
11 3
11 4
11 27
11 43
11 82
11 100
11 104
11 113
11 141
12 2
12 10
12 25
12 32
12 40
12 43
12 89
12 112
12 124
12 127
12 128
12 148
12 159
12 165
12 167
12 173
12 175
13 9
13 20
13 39
13 59
13 68
13 70
13 95
13 96
13 98
13 139
13 144
13 148
13 163
13 169
13 180
13 183
13 195
13 198
13 199
14 1
14 2
14 5
14 7
14 18
14 24
14 27
14 36
14 58
14 73
14 114
14 120
14 143
14 145
14 151
14 152
14 157
14 167
14 186
14 194
14 198
15 3
15 18
15 59
15 71
15 73
15 88
15 90
15 104
15 107
15 122
15 130
15 139
15 144
15 155
15 157
15 163
15 181
15 189
15 192
16 8
16 25
16 29
16 39
16 53
16 77
16 92
16 94
16 98
16 106
16 110
16 122
16 148
17 0
17 5
17 9
17 24
17 25
17 54
17 60
17 75
17 89
17 90
17 91
17 93
17 111
17 129
17 140
17 162
17 165
17 172
17 181
18 5
18 14
18 15
18 29
18 54
18 65
18 67
18 77
18 81
18 82
18 93
18 103
18 110
18 120
18 125
18 138
18 141
18 151
18 154
18 176
18 178
18 184
18 197
19 8
19 25
19 36
19 43
19 44
19 49
19 52
19 74
19 80
19 104
19 110
19 114
19 131
19 141
19 155
19 164
19 186
20 13
20 24
20 27
20 48
20 50
20 69
20 72
20 75
20 83
20 88
20 92
20 109
20 129
20 156
20 191
20 193
20 194
20 197
21 1
21 30
21 31
21 40
21 51
21 62
21 73
21 78
21 88
21 90
21 102
21 104
21 109
21 125
21 130
21 134
21 142
21 143
21 171
21 177
21 181
21 185
21 190
21 195
21 198
22 4
22 5
22 29
22 35
22 36
22 49
22 53
22 54
22 55
22 67
22 74
22 77
22 104
22 132
22 144
22 146
22 158
22 196
23 6
23 9
23 35
23 42
23 43
23 48
23 67
23 88
23 96
23 106
23 163
23 167
23 181
23 192
23 196
24 8
24 14
24 17
24 20
24 48
24 63
24 66
24 77
24 133
24 147
24 157
24 165
24 182
24 184
24 195
25 10
25 12
25 16
25 17
25 19
25 26
25 41
25 47
25 49
25 57
25 71
25 79
25 82
25 102
25 110
25 111
25 115
25 131
25 139
25 167
25 186
25 190
25 197
26 25
26 30
26 35
26 43
26 51
26 63
26 68
26 80
26 84
26 89
26 91
26 95
26 119
26 140
26 141
26 143
26 144
26 159
26 180
26 193
27 0
27 6
27 11
27 14
27 20
27 48
27 52
27 61
27 65
27 97
27 109
27 111
27 121
27 122
27 129
27 133
27 161
27 163
27 173
27 174
27 186
27 190
27 197
28 1
28 8
28 38
28 46
28 50
28 58
28 69
28 71
28 79
28 83
28 84
28 93
28 102
28 123
28 128
28 132
28 139
28 145
28 155
28 158
28 165
28 166
28 169
28 175
28 181
28 194
29 16
29 18
29 22
29 49
29 54
29 60
29 92
29 118
29 120
29 130
29 136
29 152
29 155
29 169
29 180
30 1
30 21
30 26
30 37
30 51
30 89
30 115
30 128
30 181
30 191
31 5
31 21
31 52
31 53
31 56
31 70
31 78
31 90
31 106
31 109
31 123
31 128
31 133
31 136
31 138
31 185
31 186
32 12
32 36
32 55
32 66
32 72
32 82
32 84
32 85
32 99
32 105
32 117
32 124
32 128
32 137
32 138
32 145
32 150
32 157
32 158
32 168
32 190
33 5
33 36
33 71
33 85
33 86
33 97
33 123
33 142
33 144
33 161
33 173
33 187
33 199
34 5
34 50
34 51
34 53
34 66
34 69
34 73
34 77
34 79
34 95
34 103
34 113
34 120
34 124
34 142
34 143
34 157
34 158
34 159
34 168
34 174
34 196
35 22
35 23
35 26
35 60
35 72
35 84
35 97
35 102
35 108
35 111
35 114
35 127
35 134
35 136
35 139
35 145
35 149
35 153
35 157
35 186
35 187
36 3
36 14
36 19
36 22
36 32
36 33
36 41
36 42
36 47
36 60
36 73
36 86
36 95
36 112
36 118
36 134
36 136
36 146
36 148
36 151
36 164
36 175
36 193
36 199
37 30
37 44
37 45
37 65
37 72
37 75
37 86
37 88
37 104
37 105
37 110
37 121
37 122
37 130
37 138
37 139
37 140
37 145
37 151
37 155
37 171
37 194
37 196
38 3
38 28
38 41
38 49
38 51
38 63
38 86
38 90
38 91
38 112
38 132
38 133
38 149
38 160
38 165
38 185
38 190
38 195
38 196
39 5
39 7
39 13
39 16
39 46
39 47
39 65
39 66
39 76
39 81
39 112
39 117
39 121
39 126
39 132
39 133
39 135
39 139
39 153
39 155
39 171
39 194
39 199
40 12
40 21
40 42
40 45
40 52
40 56
40 65
40 116
40 118
40 122
40 126
40 131
40 135
40 136
40 142
40 151
40 174
40 179
40 183
40 186
40 187
40 193
41 4
41 6
41 10
41 25
41 36
41 38
41 65
41 80
41 96
41 115
41 151
41 153
41 155
41 169
41 176
42 2
42 23
42 36
42 40
42 44
42 62
42 66
42 78
42 88
42 91
42 102
42 105
42 147
42 154
42 159
42 167
42 196
42 198
43 2
43 7
43 9
43 11
43 12
43 19
43 23
43 26
43 52
43 53
43 71
43 101
43 102
43 125
43 127
43 167
43 171
43 174
43 182
44 7
44 8
44 19
44 37
44 42
44 57
44 58
44 61
44 63
44 90
44 94
44 102
44 109
44 111
44 116
44 127
44 132
44 171
44 179
44 183
44 192
44 195
45 2
45 4
45 37
45 40
45 49
45 50
45 57
45 58
45 62
45 67
45 92
45 107
45 114
45 121
45 122
45 125
45 128
45 139
45 153
45 155
45 170
45 172
45 175
45 184
45 187
46 0
46 5
46 28
46 39
46 63
46 66
46 83
46 86
46 125
46 131
46 145
46 147
46 150
46 154
46 157
46 193
46 196
47 4
47 25
47 36
47 39
47 48
47 49
47 50
47 69
47 74
47 83
47 102
47 114
47 145
47 147
47 154
47 156
47 190
48 1
48 7
48 9
48 20
48 23
48 24
48 27
48 47
48 60
48 76
48 106
48 108
48 110
48 111
48 124
48 143
48 149
48 154
48 157
48 175
49 0
49 2
49 19
49 22
49 25
49 29
49 38
49 45
49 47
49 54
49 79
49 142
49 154
49 182
50 20
50 28
50 34
50 45
50 47
50 56
50 61
50 62
50 81
50 93
50 101
50 121
50 128
50 139
50 149
50 152
50 158
50 169
50 172
50 173
50 181
50 184
50 197
51 21
51 26
51 30
51 34
51 38
51 57
51 90
51 97
51 107
51 133
51 146
51 150
51 162
51 164
51 165
51 179
51 194
52 19
52 27
52 31
52 40
52 43
52 56
52 65
52 72
52 81
52 88
52 92
52 105
52 124
52 152
52 153
52 164
52 167
52 176
52 191
53 4
53 16
53 22
53 31
53 34
53 43
53 58
53 66
53 80
53 85
53 93
53 99
53 104
53 108
53 109
53 120
53 128
53 136
53 141
53 149
53 155
53 159
53 180
53 188
53 189
53 193
54 6
54 17
54 18
54 22
54 29
54 49
54 58
54 60
54 67
54 71
54 78
54 82
54 85
54 97
54 107
54 112
54 121
54 143
54 159
54 162
54 163
54 172
54 179
54 196
55 2
55 22
55 32
55 56
55 78
55 81
55 85
55 86
55 109
55 120
55 148
55 176
55 198
56 4
56 5
56 31
56 40
56 50
56 52
56 55
56 96
56 119
56 126
56 127
56 134
56 148
56 161
56 162
56 173
56 181
57 25
57 44
57 45
57 51
57 69
57 80
57 90
57 91
57 119
57 133
57 145
57 154
58 0
58 5
58 6
58 14
58 28
58 44
58 45
58 53
58 54
58 64
58 90
58 112
58 121
58 142
58 167
58 186
59 4
59 6
59 13
59 15
59 68
59 73
59 93
59 101
59 105
59 135
59 140
59 152
59 170
59 192
60 0
60 3
60 8
60 17
60 29
60 35
60 36
60 48
60 54
60 88
60 101
60 125
60 166
60 172
60 194
61 9
61 27
61 44
61 50
61 78
61 80
61 100
61 120
61 124
61 126
61 155
61 162
61 168
61 169
61 171
62 3
62 21
62 42
62 45
62 50
62 69
62 80
62 92
62 97
62 99
62 109
62 114
62 119
62 138
62 147
62 164
62 177
62 179
62 186
62 187
62 199
63 0
63 9
63 24
63 26
63 38
63 44
63 46
63 80
63 82
63 89
63 98
63 118
63 132
63 133
63 143
63 157
63 166
63 174
63 180
63 181
63 182
63 185
64 4
64 58
64 70
64 73
64 76
64 80
64 81
64 87
64 101
64 103
64 116
64 122
64 131
64 132
64 133
64 139
64 148
64 172
64 184
65 18
65 27
65 37
65 39
65 40
65 41
65 52
65 70
65 74
65 93
65 132
65 144
65 165
65 169
65 171
66 24
66 32
66 34
66 39
66 42
66 46
66 53
66 74
66 85
66 90
66 91
66 97
66 103
66 108
66 111
66 113
66 115
66 119
66 122
66 123
66 125
66 141
66 142
66 144
66 150
66 151
66 166
66 168
66 172
66 186
66 190
67 0
67 6
67 10
67 18
67 22
67 23
67 45
67 54
67 95
67 100
67 102
67 103
67 107
67 130
67 132
67 145
67 147
67 148
67 150
67 154
67 171
67 173
67 174
67 183
67 189
67 196
67 197
68 0
68 2
68 10
68 13
68 26
68 59
68 71
68 80
68 86
68 90
68 99
68 102
68 120
68 143
68 146
68 167
68 175
68 193
69 4
69 20
69 28
69 34
69 47
69 57
69 62
69 70
69 75
69 82
69 83
69 84
69 87
69 88
69 93
69 96
69 114
69 120
69 126
69 133
69 138
69 139
69 140
69 156
69 161
69 174
69 178
69 182
69 199
70 13
70 31
70 64
70 65
70 69
70 77
70 82
70 91
70 92
70 97
70 103
70 106
70 123
70 127
70 131
70 138
70 150
70 156
70 163
70 179
71 15
71 25
71 28
71 33
71 43
71 54
71 68
71 72
71 94
71 101
71 107
71 110
71 115
71 132
71 144
71 152
71 159
71 166
71 171
71 183
71 189
71 199
72 10
72 20
72 32
72 35
72 37
72 52
72 71
72 108
72 141
72 145
72 168
72 178
72 183
72 191
73 3
73 14
73 15
73 21
73 34
73 36
73 59
73 64
73 76
73 89
73 99
73 109
73 127
73 132
73 147
73 164
73 167
73 171
73 178
73 198
74 4
74 9
74 19
74 22
74 47
74 65
74 66
74 83
74 90
74 111
74 142
74 145
74 146
74 150
74 167
74 181
74 185
75 8
75 17
75 20
75 37
75 69
75 81
75 86
75 87
75 98
75 99
75 100
75 113
75 135
75 142
75 144
75 145
75 150
75 164
75 169
75 185
75 187
75 188
75 192
75 199
76 6
76 39
76 48
76 64
76 73
76 85
76 99
76 102
76 105
76 106
76 114
76 125
76 158
76 176
76 185
76 199
77 16
77 18
77 22
77 24
77 34
77 70
77 80
77 96
77 98
77 115
77 116
77 138
77 141
77 149
77 152
77 164
77 178
77 186
77 189
77 193
78 21
78 31
78 42
78 54
78 55
78 61
78 82
78 88
78 89
78 94
78 100
78 107
78 115
78 120
78 122
78 138
78 147
78 157
78 160
78 161
78 186
78 192
78 195
79 1
79 3
79 25
79 28
79 34
79 49
79 81
79 88
79 89
79 92
79 100
79 101
79 106
79 115
79 137
79 155
79 158
79 175
79 179
79 186
79 193
80 6
80 19
80 26
80 41
80 53
80 57
80 61
80 62
80 63
80 64
80 68
80 77
80 90
80 96
80 105
80 111
80 114
80 124
80 143
80 162
80 169
80 178
80 185
80 194
81 18
81 39
81 50
81 52
81 55
81 64
81 75
81 79
81 84
81 111
81 115
81 152
81 155
81 157
81 177
81 181
81 184
81 189
82 4
82 11
82 18
82 25
82 32
82 54
82 63
82 69
82 70
82 78
82 96
82 102
82 105
82 106
82 109
82 116
82 125
82 134
82 137
82 145
82 162
83 0
83 2
83 4
83 10
83 20
83 28
83 46
83 47
83 69
83 74
83 88
83 94
83 111
83 116
83 141
83 167
83 169
83 179
84 6
84 26
84 28
84 32
84 35
84 69
84 81
84 90
84 97
84 103
84 110
84 114
84 118
84 125
84 130
84 135
84 138
84 140
84 156
85 0
85 2
85 9
85 32
85 33
85 53
85 54
85 55
85 66
85 76
85 90
85 100
85 131
85 133
85 138
85 140
85 151
85 155
85 160
85 161
86 6
86 7
86 33
86 36
86 37
86 38
86 46
86 55
86 68
86 75
86 122
86 124
86 127
86 147
86 148
86 160
86 162
86 174
87 10
87 64
87 69
87 75
87 101
87 132
87 133
87 138
87 154
87 156
87 157
87 175
87 178
87 192
88 8
88 15
88 20
88 21
88 23
88 37
88 42
88 52
88 60
88 69
88 78
88 79
88 83
88 108
88 110
88 115
88 121
88 124
88 128
88 129
88 137
88 140
88 174
88 180
88 195
88 197
89 12
89 17
89 26
89 30
89 63
89 73
89 78
89 79
89 92
89 94
89 98
89 116
89 119
89 127
89 132
89 137
89 140
89 144
89 148
89 160
89 166
89 170
89 173
89 174
89 177
89 186
89 187
89 195
89 196
89 199
90 15
90 17
90 21
90 31
90 38
90 44
90 51
90 57
90 58
90 66
90 68
90 74
90 80
90 84
90 85
90 101
90 111
90 113
90 119
90 125
90 147
90 150
90 165
90 181
90 190
91 17
91 26
91 38
91 42
91 57
91 66
91 70
91 105
91 108
91 133
91 140
91 147
91 163
91 167
91 168
91 178
91 182
91 194
92 16
92 20
92 29
92 45
92 52
92 62
92 70
92 79
92 89
92 93
92 97
92 98
92 100
92 101
92 105
92 111
92 125
92 126
92 128
92 144
92 146
92 155
92 170
92 177
92 181
92 188
93 17
93 18
93 28
93 50
93 53
93 59
93 65
93 69
93 92
93 101
93 103
93 118
93 125
93 139
93 140
93 153
93 158
93 169
93 185
93 187
93 188
94 16
94 44
94 71
94 78
94 83
94 89
94 99
94 142
94 149
94 151
94 188
94 189
94 194
95 0
95 5
95 13
95 26
95 34
95 36
95 67
95 96
95 100
95 117
95 138
95 140
95 176
95 187
95 197
96 13
96 23
96 41
96 56
96 69
96 77
96 80
96 82
96 95
96 100
96 104
96 105
96 110
96 120
96 125
96 137
96 140
96 143
96 157
96 174
96 178
96 180
96 184
96 185
96 193
97 3
97 27
97 33
97 35
97 51
97 54
97 62
97 66
97 70
97 84
97 92
97 100
97 105
97 115
97 118
97 124
97 136
97 137
97 157
97 166
97 167
97 175
97 187
98 3
98 13
98 16
98 63
98 75
98 77
98 89
98 92
98 137
98 144
98 152
98 154
98 162
98 167
98 188
98 195
98 196
99 6
99 32
99 53
99 62
99 68
99 73
99 75
99 76
99 94
99 104
99 107
99 109
99 119
99 124
99 132
99 141
99 175
99 179
99 186
100 0
100 7
100 11
100 61
100 67
100 75
100 78
100 79
100 85
100 92
100 95
100 96
100 97
100 101
100 107
100 116
100 126
100 137
100 153
100 171
100 172
100 183
100 196
101 2
101 43
101 50
101 59
101 60
101 64
101 71
101 79
101 87
101 90
101 92
101 93
101 100
101 118
101 128
101 129
101 161
101 167
101 172
101 174
101 175
101 177
101 183
101 184
102 2
102 21
102 25
102 28
102 35
102 42
102 43
102 44
102 47
102 67
102 68
102 76
102 82
102 126
102 132
102 144
102 170
102 178
102 184
102 188
103 5
103 18
103 34
103 64
103 66
103 67
103 70
103 84
103 93
103 123
103 125
103 136
103 137
103 143
103 150
103 168
103 173
103 191
103 193
104 5
104 7
104 11
104 15
104 19
104 21
104 22
104 37
104 53
104 96
104 99
104 126
104 129
104 139
104 144
104 152
104 154
104 157
105 1
105 2
105 8
105 32
105 37
105 42
105 52
105 59
105 76
105 80
105 82
105 91
105 92
105 96
105 97
105 119
105 121
105 143
105 144
105 145
105 166
105 167
105 194
106 16
106 23
106 31
106 48
106 70
106 76
106 79
106 82
106 112
106 114
106 178
106 181
106 191
106 194
106 197
107 3
107 4
107 15
107 45
107 51
107 54
107 67
107 71
107 78
107 99
107 100
107 144
107 152
107 171
107 173
107 181
107 185
107 198
108 5
108 9
108 35
108 48
108 53
108 66
108 72
108 88
108 91
108 131
108 160
108 164
108 187
108 197
109 0
109 8
109 20
109 21
109 27
109 31
109 44
109 53
109 55
109 62
109 73
109 82
109 99
109 121
109 126
109 169
109 183
109 185
109 189
109 191
109 198
109 199
110 2
110 7
110 16
110 18
110 19
110 25
110 37
110 48
110 71
110 84
110 88
110 96
110 125
110 132
110 140
110 147
110 155
110 160
110 161
110 165
110 166
110 167
110 170
110 187
110 198
110 199
111 0
111 1
111 2
111 17
111 25
111 27
111 35
111 44
111 48
111 66
111 74
111 80
111 81
111 83
111 90
111 92
111 112
111 114
111 145
111 158
111 160
111 164
111 185
112 4
112 9
112 12
112 36
112 38
112 39
112 54
112 58
112 106
112 111
112 113
112 117
112 124
112 125
112 138
112 143
112 173
112 176
112 187
113 9
113 11
113 34
113 66
113 75
113 90
113 112
113 139
113 143
113 147
113 149
113 150
113 160
113 174
113 177
113 179
113 180
113 197
114 14
114 19
114 35
114 45
114 47
114 62
114 69
114 76
114 80
114 84
114 106
114 111
114 134
114 135
114 151
114 181
114 184
115 2
115 25
115 30
115 41
115 66
115 71
115 77
115 78
115 79
115 81
115 88
115 97
115 120
115 125
115 131
115 138
115 176
115 179
115 185
116 7
116 40
116 44
116 64
116 77
116 82
116 83
116 89
116 100
116 134
116 139
116 145
116 148
116 152
116 169
116 181
116 182
116 183
116 184
116 198
117 2
117 32
117 39
117 95
117 112
117 132
117 141
117 149
117 161
117 168
117 192
118 5
118 29
118 36
118 40
118 63
118 84
118 93
118 97
118 101
118 119
118 154
118 168
118 176
119 2
119 26
119 56
119 57
119 62
119 66
119 89
119 90
119 99
119 105
119 118
119 123
119 133
119 154
119 160
119 170
119 172
119 175
119 186
119 189
119 190
120 4
120 14
120 18
120 29
120 34
120 53
120 55
120 61
120 68
120 69
120 78
120 96
120 115
120 127
120 139
120 153
120 167
120 168
120 172
120 180
120 184
121 27
121 37
121 39
121 45
121 50
121 54
121 58
121 88
121 105
121 109
121 123
121 137
121 177
121 192
121 194
121 195
122 15
122 16
122 27
122 37
122 40
122 45
122 64
122 66
122 78
122 86
122 123
122 136
122 147
122 155
122 161
122 165
122 171
122 175
123 2
123 3
123 8
123 28
123 31
123 33
123 66
123 70
123 103
123 119
123 121
123 122
123 132
123 135
123 187
123 192
124 2
124 6
124 12
124 32
124 34
124 48
124 52
124 61
124 80
124 86
124 88
124 97
124 99
124 112
124 126
124 148
124 162
124 164
124 168
124 172
124 177
124 196
125 1
125 18
125 21
125 43
125 45
125 46
125 60
125 66
125 76
125 82
125 84
125 90
125 92
125 93
125 96
125 103
125 110
125 112
125 115
125 151
125 153
125 156
125 163
125 180
126 7
126 39
126 40
126 56
126 61
126 69
126 92
126 100
126 102
126 104
126 109
126 124
126 136
126 153
126 154
126 156
126 175
126 191
126 198
127 12
127 35
127 43
127 44
127 56
127 70
127 73
127 86
127 89
127 120
127 133
127 136
127 139
127 148
127 149
127 153
127 168
127 175
127 195
128 12
128 28
128 30
128 31
128 32
128 45
128 50
128 53
128 88
128 92
128 101
128 133
128 136
128 145
128 147
128 153
128 157
128 173
128 177
128 190
128 191
129 6
129 17
129 20
129 27
129 88
129 101
129 104
129 133
129 163
129 178
129 191
130 2
130 5
130 7
130 15
130 21
130 29
130 37
130 67
130 84
130 131
130 141
130 154
130 166
130 177
131 4
131 19
131 25
131 40
131 46
131 64
131 70
131 85
131 108
131 115
131 130
131 155
131 158
131 184
131 194
131 197
132 22
132 28
132 38
132 39
132 44
132 63
132 64
132 65
132 67
132 71
132 73
132 87
132 89
132 99
132 102
132 110
132 117
132 123
132 144
132 148
132 173
133 6
133 24
133 27
133 31
133 38
133 39
133 51
133 57
133 63
133 64
133 69
133 85
133 87
133 91
133 119
133 127
133 128
133 129
133 144
133 145
133 147
133 155
133 158
133 160
133 161
133 175
133 179
133 183
133 196
134 21
134 35
134 36
134 56
134 82
134 114
134 116
134 136
134 140
134 157
134 158
134 165
134 179
134 184
134 196
135 39
135 40
135 59
135 75
135 84
135 114
135 123
135 141
135 146
135 147
135 152
135 153
135 154
135 158
135 162
135 187
136 29
136 31
136 35
136 36
136 40
136 53
136 97
136 103
136 122
136 126
136 127
136 128
136 134
136 140
136 149
136 156
136 164
136 167
136 179
136 184
136 194
136 198
137 32
137 79
137 82
137 88
137 89
137 96
137 97
137 98
137 100
137 103
137 121
137 138
137 164
137 167
137 180
137 191
137 197
137 199
138 2
138 18
138 31
138 32
138 37
138 62
138 69
138 70
138 77
138 78
138 84
138 85
138 87
138 95
138 112
138 115
138 137
138 140
138 154
138 162
138 180
138 181
139 6
139 13
139 15
139 25
139 28
139 35
139 37
139 39
139 45
139 50
139 64
139 69
139 93
139 104
139 113
139 116
139 120
139 127
139 169
139 175
139 187
139 190
139 196
140 1
140 17
140 26
140 37
140 59
140 69
140 84
140 85
140 88
140 89
140 91
140 93
140 95
140 96
140 110
140 134
140 136
140 138
140 157
140 166
140 183
140 187
141 0
141 6
141 7
141 10
141 11
141 18
141 19
141 26
141 53
141 66
141 72
141 77
141 83
141 99
141 117
141 130
141 135
141 143
141 144
141 161
141 176
141 187
141 191
142 6
142 21
142 33
142 34
142 40
142 49
142 58
142 66
142 74
142 75
142 94
142 163
142 168
142 169
142 173
142 176
142 180
142 185
143 9
143 14
143 21
143 26
143 34
143 48
143 54
143 63
143 68
143 80
143 96
143 103
143 105
143 112
143 113
143 141
143 169
143 173
144 13
144 15
144 22
144 26
144 33
144 65
144 66
144 71
144 75
144 89
144 92
144 98
144 102
144 104
144 105
144 107
144 132
144 133
144 141
144 150
144 154
144 187
144 195
145 1
145 7
145 14
145 28
145 32
145 35
145 37
145 46
145 47
145 57
145 67
145 72
145 74
145 75
145 82
145 105
145 111
145 116
145 128
145 133
145 166
145 170
145 177
145 189
145 197
146 3
146 8
146 22
146 36
146 51
146 68
146 74
146 92
146 135
146 150
146 154
146 155
146 162
146 169
146 172
146 177
146 198
147 4
147 24
147 42
147 46
147 47
147 62
147 67
147 73
147 78
147 86
147 90
147 91
147 110
147 113
147 122
147 128
147 133
147 135
147 150
147 162
147 169
147 173
147 182
147 191
147 192
147 196
147 199
148 5
148 12
148 13
148 16
148 36
148 55
148 56
148 64
148 67
148 86
148 89
148 116
148 124
148 127
148 132
148 170
148 174
148 181
148 196
148 197
149 8
149 35
149 38
149 48
149 50
149 53
149 77
149 94
149 113
149 117
149 127
149 136
149 156
149 167
149 176
149 182
150 1
150 32
150 46
150 51
150 66
150 67
150 70
150 74
150 75
150 90
150 103
150 113
150 144
150 146
150 147
150 156
150 160
150 165
150 172
150 173
150 174
150 187
150 190
150 192
151 14
151 18
151 36
151 37
151 40
151 41
151 66
151 85
151 94
151 114
151 125
151 154
151 164
151 165
151 166
151 196
152 2
152 14
152 29
152 50
152 52
152 59
152 71
152 77
152 81
152 98
152 104
152 107
152 116
152 135
152 154
152 159
152 184
152 193
152 198
153 4
153 35
153 39
153 41
153 45
153 52
153 93
153 100
153 120
153 125
153 126
153 127
153 128
153 135
153 160
153 164
153 174
153 188
153 192
153 194
154 18
154 42
154 46
154 47
154 48
154 49
154 57
154 67
154 87
154 98
154 104
154 118
154 119
154 126
154 130
154 135
154 138
154 144
154 146
154 151
154 152
154 160
154 163
154 169
154 172
154 175
154 179
154 183
154 189
154 191
154 195
155 4
155 8
155 15
155 19
155 28
155 29
155 37
155 39
155 41
155 45
155 53
155 61
155 79
155 81
155 85
155 92
155 110
155 122
155 131
155 133
155 146
155 159
155 160
155 162
155 193
156 20
156 47
156 69
156 70
156 84
156 87
156 125
156 126
156 136
156 149
156 150
156 182
156 193
157 2
157 14
157 15
157 24
157 32
157 34
157 35
157 46
157 48
157 63
157 78
157 81
157 87
157 96
157 97
157 104
157 128
157 134
157 140
157 166
157 177
158 4
158 6
158 22
158 28
158 32
158 34
158 50
158 76
158 79
158 93
158 111
158 131
158 133
158 134
158 135
158 159
158 181
158 198
159 2
159 12
159 26
159 34
159 42
159 53
159 54
159 71
159 152
159 155
159 158
159 160
159 163
160 3
160 38
160 78
160 85
160 86
160 89
160 108
160 110
160 111
160 113
160 119
160 133
160 150
160 153
160 154
160 155
160 159
160 173
160 175
160 195
161 0
161 7
161 10
161 27
161 33
161 56
161 69
161 78
161 85
161 101
161 110
161 117
161 122
161 133
161 141
161 164
161 171
161 178
161 183
161 191
162 17
162 51
162 54
162 56
162 61
162 80
162 82
162 86
162 98
162 124
162 135
162 138
162 146
162 147
162 155
162 174
162 180
162 184
162 195
163 2
163 6
163 13
163 15
163 23
163 27
163 54
163 70
163 91
163 125
163 129
163 142
163 154
163 159
163 170
163 177
163 178
163 182
163 188
163 194
164 1
164 7
164 8
164 19
164 36
164 51
164 52
164 62
164 73
164 75
164 77
164 108
164 111
164 124
164 136
164 137
164 151
164 153
164 161
164 172
165 2
165 12
165 17
165 24
165 28
165 38
165 51
165 65
165 90
165 110
165 122
165 134
165 150
165 151
165 167
165 169
165 177
165 186
166 10
166 28
166 60
166 63
166 66
166 71
166 89
166 97
166 105
166 110
166 130
166 140
166 145
166 151
166 157
166 196
167 1
167 12
167 14
167 23
167 25
167 42
167 43
167 52
167 58
167 68
167 73
167 74
167 83
167 91
167 97
167 98
167 101
167 105
167 110
167 120
167 136
167 137
167 149
167 165
167 168
167 176
168 1
168 32
168 34
168 61
168 66
168 72
168 91
168 103
168 117
168 118
168 120
168 124
168 127
168 142
168 167
168 169
168 174
168 178
168 190
169 2
169 5
169 13
169 28
169 29
169 41
169 50
169 61
169 65
169 75
169 80
169 83
169 93
169 109
169 116
169 139
169 142
169 143
169 146
169 147
169 154
169 165
169 168
169 182
169 185
169 195
169 196
170 3
170 45
170 59
170 89
170 92
170 102
170 110
170 119
170 145
170 148
170 163
170 183
170 184
170 187
170 190
171 21
171 37
171 39
171 43
171 44
171 61
171 65
171 67
171 71
171 73
171 100
171 107
171 122
171 161
171 184
171 186
171 196
172 4
172 17
172 45
172 50
172 54
172 60
172 64
172 66
172 100
172 101
172 119
172 120
172 124
172 146
172 150
172 154
172 164
172 187
172 198
173 6
173 12
173 27
173 33
173 50
173 56
173 67
173 89
173 103
173 107
173 112
173 128
173 132
173 142
173 143
173 147
173 150
173 160
173 179
173 184
173 185
173 198
174 27
174 34
174 40
174 43
174 63
174 67
174 69
174 86
174 88
174 89
174 96
174 101
174 113
174 148
174 150
174 153
174 162
174 168
174 176
174 178
174 183
174 192
174 194
174 198
175 12
175 28
175 36
175 45
175 48
175 68
175 79
175 87
175 97
175 99
175 101
175 119
175 122
175 126
175 127
175 133
175 139
175 154
175 160
175 186
176 18
176 41
176 52
176 55
176 76
176 95
176 112
176 115
176 118
176 141
176 142
176 149
176 167
176 174
176 192
177 6
177 21
177 62
177 81
177 89
177 92
177 101
177 113
177 121
177 124
177 128
177 130
177 145
177 146
177 157
177 163
177 165
177 198
178 18
178 69
178 72
178 73
178 77
178 80
178 87
178 91
178 96
178 102
178 106
178 129
178 161
178 163
178 168
178 174
178 179
178 181
178 185
178 187
178 190
178 191
179 1
179 5
179 9
179 40
179 44
179 51
179 54
179 62
179 70
179 79
179 83
179 99
179 113
179 115
179 133
179 134
179 136
179 154
179 173
179 178
179 185
180 13
180 26
180 29
180 53
180 63
180 88
180 96
180 113
180 120
180 125
180 137
180 138
180 142
180 162
181 15
181 17
181 21
181 23
181 28
181 30
181 50
181 56
181 63
181 74
181 81
181 90
181 92
181 106
181 107
181 114
181 116
181 138
181 148
181 158
181 178
181 182
181 194
181 199
182 7
182 24
182 43
182 49
182 63
182 69
182 91
182 116
182 147
182 149
182 156
182 163
182 169
182 181
182 190
183 13
183 40
183 44
183 67
183 71
183 72
183 100
183 101
183 109
183 116
183 133
183 140
183 154
183 161
183 170
183 174
184 6
184 18
184 24
184 45
184 50
184 64
184 81
184 96
184 101
184 102
184 114
184 116
184 120
184 131
184 134
184 136
184 152
184 162
184 170
184 171
184 173
184 186
184 189
184 197
185 3
185 8
185 21
185 31
185 38
185 63
185 74
185 75
185 76
185 80
185 93
185 96
185 107
185 109
185 111
185 115
185 142
185 169
185 173
185 178
185 179
186 7
186 14
186 19
186 25
186 27
186 31
186 35
186 40
186 58
186 62
186 66
186 77
186 78
186 79
186 89
186 99
186 119
186 165
186 171
186 175
186 184
186 194
186 196
186 199
187 4
187 10
187 33
187 35
187 40
187 45
187 62
187 75
187 89
187 93
187 95
187 97
187 108
187 110
187 112
187 123
187 135
187 139
187 140
187 141
187 144
187 150
187 170
187 172
187 178
187 188
187 189
187 191
188 2
188 4
188 6
188 8
188 10
188 53
188 75
188 92
188 93
188 94
188 98
188 102
188 153
188 163
188 187
188 198
189 15
189 53
189 67
189 71
189 77
189 81
189 94
189 109
189 119
189 145
189 154
189 184
189 187
190 21
190 25
190 27
190 32
190 38
190 47
190 66
190 90
190 119
190 128
190 139
190 150
190 168
190 170
190 178
190 182
190 197
191 20
191 30
191 52
191 72
191 103
191 106
191 109
191 126
191 128
191 129
191 137
191 141
191 147
191 154
191 161
191 178
191 187
192 6
192 15
192 23
192 44
192 59
192 75
192 78
192 87
192 117
192 121
192 123
192 147
192 150
192 153
192 174
192 176
192 198
193 2
193 20
193 26
193 36
193 40
193 46
193 53
193 68
193 77
193 79
193 96
193 103
193 152
193 155
193 156
194 14
194 20
194 28
194 37
194 39
194 51
194 60
194 80
194 91
194 94
194 105
194 106
194 121
194 131
194 136
194 153
194 163
194 174
194 181
194 186
195 6
195 13
195 21
195 24
195 38
195 44
195 78
195 88
195 89
195 98
195 121
195 127
195 144
195 154
195 160
195 162
195 169
195 197
196 2
196 22
196 23
196 34
196 37
196 38
196 42
196 46
196 54
196 67
196 89
196 98
196 100
196 124
196 133
196 134
196 139
196 147
196 148
196 151
196 166
196 169
196 171
196 186
197 0
197 2
197 8
197 18
197 20
197 25
197 27
197 50
197 67
197 88
197 95
197 106
197 108
197 113
197 131
197 137
197 145
197 148
197 184
197 190
197 195
198 8
198 13
198 14
198 21
198 42
198 55
198 73
198 107
198 109
198 110
198 116
198 126
198 136
198 146
198 152
198 158
198 172
198 173
198 174
198 177
198 188
198 192
199 1
199 13
199 33
199 36
199 39
199 62
199 69
199 71
199 75
199 76
199 89
199 109
199 110
199 137
199 147
199 181
199 186