200 3948
0 26
0 36
0 41
0 47
0 53
0 57
0 71
0 72
0 76
0 98
0 105
0 110
0 111
0 113
0 118
0 125
0 126
0 128
0 129
0 133
0 135
0 140
0 142
0 143
0 145
0 150
0 153
0 160
0 170
0 173
0 187
0 188
1 2
1 5
1 17
1 20
1 28
1 31
1 32
1 37
1 40
1 45
1 51
1 52
1 58
1 69
1 70
1 76
1 77
1 85
1 86
1 88
1 92
1 109
1 110
1 112
1 113
1 127
1 133
1 136
1 139
1 140
1 143
1 146
1 163
1 164
1 171
1 172
1 174
1 176
1 177
1 180
1 181
2 1
2 8
2 9
2 12
2 18
2 20
2 23
2 24
2 30
2 35
2 37
2 38
2 41
2 52
2 56
2 65
2 71
2 72
2 80
2 87
2 93
2 96
2 99
2 103
2 104
2 106
2 108
2 111
2 117
2 118
2 120
2 123
2 124
2 127
2 135
2 137
2 139
2 148
2 149
2 150
2 151
2 152
2 156
2 159
2 163
2 184
2 189
2 192
2 197
3 10
3 12
3 17
3 23
3 30
3 45
3 49
3 58
3 61
3 63
3 66
3 68
3 73
3 74
3 83
3 86
3 93
3 101
3 104
3 107
3 108
3 109
3 111
3 131
3 132
3 133
3 135
3 143
3 149
3 150
3 154
3 163
3 165
3 168
3 172
3 173
3 174
3 179
3 183
3 184
3 186
4 6
4 8
4 17
4 19
4 33
4 38
4 39
4 43
4 57
4 62
4 77
4 78
4 91
4 92
4 94
4 95
4 98
4 99
4 106
4 117
4 121
4 122
4 126
4 131
4 133
4 136
4 137
4 142
4 147
4 149
4 150
4 152
4 172
4 174
4 198
5 1
5 14
5 15
5 16
5 17
5 25
5 29
5 30
5 32
5 33
5 47
5 52
5 63
5 76
5 84
5 93
5 94
5 95
5 103
5 106
5 109
5 112
5 115
5 116
5 117
5 119
5 132
5 133
5 134
5 138
5 140
5 147
5 157
5 160
5 163
5 166
5 171
5 180
5 188
5 190
5 192
5 194
5 196
5 199
6 4
6 11
6 12
6 20
6 22
6 25
6 27
6 30
6 35
6 36
6 42
6 47
6 51
6 53
6 55
6 56
6 66
6 69
6 75
6 77
6 79
6 83
6 86
6 88
6 93
6 98
6 101
6 117
6 121
6 125
6 127
6 129
6 136
6 149
6 151
6 161
6 163
6 166
6 172
6 182
7 13
7 14
7 24
7 29
7 33
7 42
7 45
7 54
7 55
7 61
7 67
7 72
7 74
7 77
7 78
7 79
7 85
7 86
7 88
7 91
7 93
7 103
7 104
7 113
7 126
7 145
7 148
7 161
7 168
7 169
7 172
7 176
7 178
7 179
7 182
7 184
7 185
7 188
7 189
8 2
8 4
8 14
8 26
8 27
8 29
8 43
8 45
8 59
8 64
8 65
8 72
8 81
8 96
8 97
8 98
8 111
8 119
8 128
8 135
8 137
8 142
8 145
8 153
8 156
8 167
8 168
8 171
8 176
8 182
8 184
8 190
8 195
8 197
9 2
9 15
9 44
9 49
9 52
9 61
9 64
9 68
9 77
9 81
9 91
9 102
9 105
9 111
9 118
9 121
9 131
9 141
9 142
9 147
9 148
9 149
9 151
9 162
9 165
9 168
9 173
9 176
9 177
9 183
9 187
10 3
10 15
10 30
10 34
10 36
10 39
10 42
10 43
10 47
10 49
10 63
10 68
10 69
10 70
10 78
10 80
10 91
10 99
10 101
10 102
10 107
10 113
10 119
10 126
10 127
10 128
10 130
10 131
10 137
10 141
10 144
10 153
10 156
10 158
10 166
10 168
10 170
10 171
10 177
10 181
10 183
10 189
10 195
11 6
11 12
11 13
11 14
11 30
11 36
11 37
11 42
11 43
11 46
11 51
11 60
11 61
11 65
11 75
11 96
11 101
11 108
11 116
11 119
11 121
11 131
11 132
11 146
11 153
11 155
11 159
11 162
11 168
11 173
11 179
11 183
11 185
11 188
11 197
11 198
12 2
12 3
12 6
12 11
12 14
12 15
12 17
12 20
12 27
12 34
12 38
12 47
12 48
12 56
12 59
12 60
12 67
12 69
12 72
12 81
12 83
12 84
12 85
12 95
12 104
12 115
12 116
12 121
12 124
12 129
12 135
12 141
12 148
12 149
12 154
12 161
12 164
12 166
12 175
12 184
12 185
12 188
12 190
12 194
13 7
13 11
13 16
13 18
13 22
13 27
13 52
13 60
13 61
13 62
13 68
13 71
13 72
13 76
13 77
13 83
13 97
13 104
13 105
13 112
13 113
13 114
13 117
13 124
13 125
13 128
13 131
13 138
13 141
13 145
13 146
13 170
13 174
13 179
13 180
13 183
13 188
13 193
13 195
14 5
14 7
14 8
14 11
14 12
14 18
14 19
14 23
14 31
14 32
14 45
14 60
14 61
14 64
14 69
14 72
14 73
14 75
14 77
14 86
14 89
14 90
14 95
14 99
14 109
14 113
14 114
14 115
14 119
14 120
14 124
14 125
14 127
14 131
14 137
14 141
14 143
14 156
14 163
14 164
14 168
14 169
14 172
14 176
14 181
14 183
14 185
14 186
14 195
15 5
15 9
15 10
15 12
15 19
15 24
15 35
15 36
15 43
15 49
15 62
15 74
15 76
15 80
15 87
15 90
15 93
15 94
15 95
15 107
15 117
15 120
15 130
15 132
15 135
15 136
15 139
15 144
15 157
15 160
15 162
15 163
15 166
15 170
15 172
15 178
15 192
15 196
15 197
15 198
16 5
16 13
16 20
16 25
16 29
16 34
16 40
16 43
16 50
16 52
16 56
16 57
16 61
16 62
16 76
16 77
16 86
16 91
16 95
16 98
16 100
16 101
16 115
16 116
16 120
16 121
16 135
16 138
16 140
16 141
16 143
16 159
16 166
16 195
16 199
17 1
17 3
17 4
17 5
17 12
17 19
17 23
17 26
17 29
17 31
17 32
17 34
17 36
17 38
17 42
17 51
17 53
17 56
17 66
17 77
17 82
17 97
17 100
17 109
17 113
17 120
17 123
17 128
17 129
17 134
17 142
17 158
17 170
17 176
17 186
17 194
17 195
17 196
18 2
18 13
18 14
18 21
18 31
18 33
18 37
18 44
18 49
18 53
18 54
18 55
18 60
18 64
18 77
18 79
18 80
18 81
18 82
18 86
18 89
18 112
18 113
18 114
18 115
18 124
18 133
18 142
18 146
18 150
18 153
18 155
18 157
18 161
18 166
18 178
18 184
18 189
18 195
18 196
18 198
19 4
19 14
19 15
19 17
19 20
19 21
19 24
19 36
19 40
19 44
19 48
19 50
19 51
19 58
19 65
19 66
19 78
19 93
19 98
19 100
19 101
19 102
19 104
19 107
19 116
19 120
19 122
19 124
19 127
19 142
19 143
19 146
19 147
19 154
19 178
19 194
20 1
20 2
20 6
20 12
20 16
20 19
20 37
20 45
20 49
20 51
20 52
20 56
20 58
20 66
20 71
20 75
20 76
20 80
20 95
20 96
20 101
20 105
20 111
20 116
20 119
20 125
20 132
20 136
20 140
20 144
20 145
20 148
20 160
20 161
20 174
20 175
20 178
20 180
20 181
20 183
20 185
20 192
20 198
20 199
21 18
21 19
21 41
21 43
21 45
21 48
21 49
21 57
21 65
21 68
21 84
21 101
21 107
21 109
21 111
21 115
21 116
21 120
21 129
21 132
21 139
21 148
21 149
21 152
21 161
21 166
21 173
21 175
21 178
21 186
21 191
22 6
22 13
22 23
22 25
22 27
22 28
22 30
22 36
22 38
22 40
22 41
22 43
22 49
22 50
22 64
22 78
22 82
22 85
22 86
22 95
22 97
22 103
22 108
22 112
22 113
22 114
22 122
22 130
22 142
22 167
22 170
22 187
22 194
22 198
22 199
23 2
23 3
23 14
23 17
23 22
23 24
23 27
23 30
23 38
23 47
23 49
23 51
23 53
23 74
23 82
23 84
23 87
23 89
23 90
23 95
23 98
23 110
23 114
23 115
23 125
23 132
23 133
23 137
23 142
23 148
23 156
23 165
23 166
23 170
23 173
23 174
23 175
23 181
23 182
23 184
23 196
23 197
23 199
24 2
24 7
24 15
24 19
24 23
24 28
24 42
24 43
24 49
24 58
24 61
24 66
24 70
24 73
24 87
24 93
24 96
24 99
24 102
24 112
24 118
24 122
24 125
24 127
24 129
24 131
24 139
24 143
24 145
24 146
24 151
24 155
24 168
24 169
24 174
24 176
24 178
24 179
24 181
24 188
24 189
24 192
24 196
24 198
25 5
25 6
25 16
25 22
25 32
25 33
25 34
25 38
25 44
25 49
25 50
25 53
25 57
25 90
25 93
25 97
25 101
25 102
25 109
25 111
25 116
25 125
25 132
25 133
25 139
25 142
25 154
25 155
25 162
25 163
25 174
25 175
25 177
25 187
25 188
25 191
25 197
26 0
26 8
26 17
26 53
26 62
26 65
26 66
26 76
26 88
26 94
26 97
26 104
26 110
26 116
26 120
26 124
26 125
26 134
26 138
26 148
26 151
26 154
26 161
26 182
26 184
26 189
26 193
26 196
27 6
27 8
27 12
27 13
27 22
27 23
27 33
27 39
27 48
27 49
27 50
27 58
27 76
27 83
27 85
27 89
27 91
27 96
27 101
27 102
27 118
27 120
27 126
27 128
27 133
27 140
27 149
27 152
27 154
27 155
27 160
27 162
27 163
27 168
27 169
27 171
27 175
27 187
27 192
27 193
27 199
28 1
28 22
28 24
28 29
28 30
28 31
28 34
28 35
28 41
28 45
28 46
28 47
28 52
28 60
28 67
28 68
28 71
28 84
28 102
28 113
28 129
28 133
28 136
28 140
28 148
28 159
28 160
28 163
28 164
28 167
28 168
28 169
28 172
28 178
28 185
28 188
28 189
28 190
28 191
28 196
29 5
29 7
29 8
29 16
29 17
29 28
29 31
29 35
29 42
29 45
29 56
29 57
29 58
29 78
29 80
29 81
29 88
29 92
29 120
29 122
29 123
29 130
29 132
29 145
29 146
29 153
29 157
29 168
29 171
29 176
29 193
29 198
29 199
30 2
30 3
30 5
30 6
30 10
30 11
30 22
30 23
30 28
30 32
30 38
30 44
30 52
30 56
30 64
30 66
30 67
30 70
30 72
30 80
30 89
30 95
30 96
30 99
30 103
30 104
30 114
30 120
30 123
30 127
30 128
30 139
30 140
30 141
30 161
30 173
30 178
30 179
30 180
30 189
30 197
31 1
31 14
31 17
31 18
31 28
31 29
31 33
31 48
31 52
31 53
31 58
31 62
31 67
31 70
31 75
31 82
31 83
31 86
31 87
31 90
31 97
31 107
31 124
31 134
31 136
31 139
31 140
31 141
31 146
31 149
31 151
31 161
31 164
31 165
31 187
31 189
31 194
32 1
32 5
32 14
32 17
32 25
32 30
32 35
32 36
32 37
32 38
32 63
32 67
32 71
32 74
32 84
32 94
32 102
32 105
32 109
32 111
32 113
32 119
32 120
32 123
32 130
32 131
32 133
32 139
32 149
32 153
32 154
32 157
32 158
32 161
32 162
32 171
32 173
32 180
32 184
32 196
33 4
33 5
33 7
33 18
33 25
33 27
33 31
33 39
33 49
33 50
33 51
33 54
33 64
33 76
33 77
33 80
33 82
33 95
33 97
33 99
33 104
33 112
33 117
33 118
33 119
33 120
33 121
33 129
33 135
33 138
33 143
33 149
33 151
33 153
33 165
33 179
33 186
33 188
33 190
33 192
33 195
33 196
34 10
34 12
34 16
34 17
34 25
34 28
34 40
34 45
34 48
34 56
34 60
34 63
34 64
34 69
34 71
34 74
34 78
34 88
34 101
34 117
34 122
34 126
34 129
34 130
34 137
34 141
34 144
34 154
34 157
34 161
34 162
34 165
34 168
34 177
34 180
34 181
34 184
34 190
34 196
34 198
34 199
35 2
35 6
35 15
35 28
35 29
35 32
35 37
35 40
35 41
35 43
35 44
35 47
35 57
35 62
35 63
35 77
35 82
35 119
35 121
35 123
35 125
35 127
35 131
35 137
35 140
35 153
35 155
35 156
35 158
35 159
35 169
35 170
35 172
35 178
35 183
35 195
36 0
36 6
36 10
36 11
36 15
36 17
36 19
36 22
36 32
36 41
36 47
36 49
36 66
36 79
36 84
36 88
36 97
36 98
36 106
36 108
36 109
36 112
36 123
36 131
36 141
36 154
36 155
36 157
36 169
36 171
36 172
36 181
36 183
36 185
36 190
36 191
37 1
37 2
37 11
37 18
37 20
37 32
37 35
37 47
37 51
37 57
37 60
37 61
37 72
37 73
37 84
37 98
37 100
37 105
37 115
37 121
37 125
37 129
37 134
37 162
37 163
37 166
37 168
37 172
37 184
37 196
38 2
38 4
38 12
38 17
38 22
38 23
38 25
38 30
38 32
38 40
38 44
38 53
38 56
38 57
38 59
38 64
38 72
38 74
38 76
38 80
38 84
38 85
38 86
38 91
38 95
38 106
38 107
38 114
38 115
38 116
38 119
38 126
38 137
38 147
38 160
38 163
38 164
38 166
38 168
38 176
38 177
38 179
38 187
38 194
38 196
39 4
39 10
39 27
39 33
39 41
39 43
39 56
39 58
39 67
39 74
39 82
39 85
39 90
39 104
39 111
39 118
39 120
39 123
39 136
39 145
39 148
39 165
39 169
39 176
39 177
39 183
39 186
39 188
39 189
39 190
39 193
39 194
39 196
39 197
40 1
40 16
40 19
40 22
40 34
40 35
40 38
40 41
40 50
40 55
40 65
40 80
40 88
40 92
40 108
40 122
40 123
40 141
40 145
40 148
40 158
40 160
40 164
40 179
40 184
40 186
40 189
41 0
41 2
41 21
41 22
41 28
41 35
41 36
41 39
41 40
41 44
41 45
41 48
41 55
41 58
41 59
41 62
41 66
41 68
41 70
41 82
41 89
41 93
41 94
41 97
41 99
41 101
41 108
41 113
41 123
41 124
41 127
41 137
41 139
41 145
41 149
41 151
41 152
41 153
41 161
41 171
41 175
41 182
41 187
41 188
41 189
41 190
41 195
41 196
42 6
42 7
42 10
42 11
42 17
42 24
42 29
42 46
42 63
42 67
42 78
42 84
42 87
42 107
42 116
42 126
42 127
42 129
42 133
42 134
42 136
42 138
42 144
42 146
42 149
42 154
42 158
42 164
42 165
42 174
42 184
42 186
42 189
42 190
42 192
42 199
43 4
43 8
43 10
43 11
43 15
43 16
43 21
43 22
43 24
43 35
43 39
43 50
43 56
43 58
43 62
43 67
43 69
43 74
43 77
43 80
43 82
43 90
43 95
43 96
43 97
43 98
43 100
43 101
43 105
43 110
43 115
43 123
43 135
43 137
43 139
43 147
43 150
43 151
43 161
43 172
43 176
43 177
43 184
43 186
43 191
43 192
43 195
43 199
44 9
44 18
44 19
44 25
44 30
44 35
44 38
44 41
44 45
44 55
44 70
44 84
44 87
44 93
44 94
44 97
44 99
44 103
44 108
44 109
44 113
44 115
44 119
44 126
44 131
44 134
44 139
44 144
44 146
44 147
44 150
44 151
44 154
44 157
44 160
44 166
44 167
44 172
44 176
44 182
44 184
44 188
44 190
44 194
44 195
44 196
44 197
45 1
45 3
45 7
45 8
45 14
45 20
45 21
45 28
45 29
45 34
45 41
45 44
45 51
45 52
45 53
45 68
45 70
45 72
45 74
45 81
45 83
45 84
45 99
45 102
45 103
45 109
45 121
45 130
45 137
45 147
45 158
45 166
45 172
45 173
45 175
45 177
45 179
45 181
45 183
45 189
45 191
46 11
46 28
46 42
46 51
46 56
46 57
46 58
46 72
46 78
46 79
46 83
46 84
46 86
46 88
46 94
46 95
46 101
46 106
46 110
46 121
46 134
46 135
46 148
46 156
46 164
46 169
46 186
46 188
46 191
46 195
47 0
47 5
47 6
47 10
47 12
47 23
47 28
47 35
47 36
47 37
47 49
47 53
47 57
47 60
47 63
47 65
47 81
47 85
47 89
47 92
47 103
47 104
47 110
47 113
47 125
47 126
47 128
47 137
47 138
47 139
47 142
47 145
47 152
47 155
47 161
47 165
47 166
47 171
47 178
47 179
47 185
47 195
47 196
48 12
48 19
48 21
48 27
48 31
48 34
48 41
48 52
48 64
48 69
48 70
48 91
48 95
48 97
48 109
48 115
48 120
48 123
48 131
48 135
48 136
48 149
48 150
48 151
48 154
48 165
48 167
48 168
48 184
48 189
48 197
49 3
49 9
49 10
49 15
49 18
49 20
49 21
49 22
49 23
49 24
49 25
49 27
49 33
49 36
49 47
49 53
49 58
49 90
49 97
49 100
49 105
49 109
49 111
49 116
49 123
49 130
49 136
49 144
49 146
49 154
49 156
49 159
49 167
49 182
49 184
50 16
50 19
50 22
50 25
50 27
50 33
50 40
50 43
50 52
50 60
50 63
50 66
50 74
50 75
50 82
50 83
50 84
50 85
50 87
50 89
50 101
50 106
50 112
50 117
50 122
50 123
50 125
50 126
50 128
50 133
50 134
50 138
50 143
50 146
50 148
50 153
50 156
50 158
50 159
50 162
50 165
50 167
50 175
50 183
50 185
50 187
50 194
50 199
51 1
51 6
51 11
51 17
51 19
51 20
51 23
51 33
51 37
51 45
51 46
51 54
51 67
51 71
51 74
51 81
51 82
51 90
51 96
51 101
51 104
51 107
51 116
51 118
51 122
51 124
51 128
51 130
51 133
51 153
51 159
51 166
51 167
51 177
51 178
51 180
51 181
51 185
51 189
51 190
51 192
51 193
51 196
51 197
52 1
52 2
52 5
52 9
52 13
52 16
52 20
52 28
52 30
52 31
52 45
52 48
52 50
52 56
52 61
52 64
52 65
52 67
52 75
52 76
52 81
52 82
52 83
52 87
52 88
52 91
52 96
52 104
52 106
52 111
52 115
52 116
52 120
52 128
52 136
52 137
52 144
52 145
52 146
52 149
52 151
52 153
52 155
52 164
52 169
52 183
52 186
52 189
52 193
52 196
52 199
53 0
53 6
53 17
53 18
53 23
53 25
53 26
53 31
53 38
53 45
53 47
53 49
53 61
53 65
53 76
53 78
53 85
53 86
53 100
53 105
53 106
53 114
53 115
53 117
53 120
53 126
53 127
53 135
53 141
53 149
53 150
53 159
53 170
53 172
53 181
53 186
53 187
53 193
53 198
54 7
54 18
54 33
54 51
54 55
54 58
54 68
54 73
54 81
54 86
54 88
54 100
54 104
54 108
54 111
54 112
54 114
54 115
54 117
54 120
54 127
54 131
54 133
54 137
54 138
54 153
54 154
54 164
54 167
54 177
54 179
54 181
54 188
54 195
55 6
55 7
55 18
55 40
55 41
55 44
55 54
55 63
55 68
55 69
55 72
55 77
55 78
55 87
55 92
55 93
55 95
55 100
55 102
55 104
55 112
55 115
55 122
55 129
55 132
55 143
55 146
55 151
55 159
55 163
55 172
55 173
55 174
55 176
55 190
55 194
55 199
56 2
56 6
56 12
56 16
56 17
56 20
56 29
56 30
56 34
56 38
56 39
56 43
56 46
56 52
56 57
56 60
56 64
56 67
56 77
56 79
56 81
56 85
56 90
56 105
56 106
56 108
56 115
56 117
56 121
56 135
56 136
56 147
56 149
56 168
56 169
56 173
56 174
56 182
56 183
56 188
56 193
56 194
56 196
57 0
57 4
57 16
57 21
57 25
57 29
57 35
57 37
57 38
57 46
57 47
57 56
57 58
57 63
57 66
57 71
57 72
57 73
57 74
57 77
57 87
57 97
57 100
57 102
57 103
57 113
57 118
57 119
57 120
57 122
57 123
57 124
57 134
57 135
57 138
57 145
57 151
57 152
57 153
57 155
57 158
57 164
57 165
57 168
57 170
57 172
57 173
57 181
57 193
57 199
58 1
58 3
58 19
58 20
58 24
58 27
58 29
58 31
58 39
58 41
58 43
58 46
58 49
58 54
58 57
58 61
58 63
58 71
58 75
58 86
58 92
58 94
58 104
58 105
58 117
58 119
58 125
58 129
58 138
58 140
58 143
58 149
58 151
58 154
58 156
58 157
58 160
58 162
58 163
58 173
58 176
58 177
58 181
58 190
58 192
58 199
59 8
59 12
59 38
59 41
59 66
59 75
59 76
59 77
59 101
59 102
59 111
59 126
59 127
59 130
59 145
59 146
59 147
59 149
59 167
59 169
59 173
59 177
59 178
59 186
59 189
59 193
59 199
60 11
60 12
60 13
60 14
60 18
60 28
60 34
60 37
60 47
60 50
60 56
60 74
60 77
60 78
60 81
60 89
60 92
60 97
60 98
60 101
60 105
60 108
60 110
60 115
60 116
60 128
60 130
60 132
60 135
60 137
60 142
60 149
60 157
60 163
60 169
60 172
60 179
60 180
60 183
60 190
60 196
60 197
61 3
61 7
61 9
61 11
61 13
61 14
61 16
61 24
61 37
61 52
61 53
61 58
61 63
61 72
61 96
61 102
61 105
61 120
61 124
61 128
61 130
61 132
61 141
61 152
61 159
61 165
61 170
61 176
61 180
61 184
61 185
61 195
62 4
62 13
62 15
62 16
62 26
62 31
62 35
62 41
62 43
62 68
62 79
62 83
62 90
62 91
62 101
62 105
62 108
62 119
62 121
62 124
62 131
62 133
62 139
62 160
62 169
62 171
62 172
62 194
63 3
63 5
63 10
63 32
63 34
63 35
63 42
63 47
63 50
63 55
63 57
63 58
63 61
63 65
63 76
63 77
63 79
63 82
63 91
63 92
63 103
63 120
63 121
63 125
63 126
63 139
63 142
63 147
63 148
63 150
63 154
63 156
63 159
63 161
63 164
63 166
63 169
63 174
63 185
63 188
63 190
63 192
63 193
63 197
64 8
64 9
64 14
64 18
64 22
64 30
64 33
64 34
64 38
64 48
64 52
64 56
64 67
64 83
64 94
64 102
64 103
64 105
64 110
64 116
64 123
64 127
64 140
64 142
64 146
64 148
64 150
64 153
64 154
64 156
64 158
64 169
64 173
64 176
64 177
64 182
64 187
64 191
64 199
65 2
65 8
65 11
65 19
65 21
65 26
65 40
65 47
65 52
65 53
65 63
65 71
65 73
65 74
65 77
65 81
65 88
65 90
65 95
65 106
65 108
65 109
65 112
65 115
65 118
65 131
65 138
65 139
65 143
65 150
65 155
65 156
65 168
65 169
65 176
65 177
65 189
65 195
66 3
66 6
66 17
66 19
66 20
66 24
66 26
66 30
66 36
66 41
66 50
66 57
66 59
66 69
66 74
66 79
66 85
66 100
66 102
66 103
66 104
66 110
66 132
66 137
66 150
66 153
66 164
66 167
66 171
66 177
66 180
66 189
66 192
66 193
66 195
66 197
67 7
67 12
67 28
67 30
67 31
67 32
67 39
67 42
67 43
67 51
67 52
67 56
67 64
67 72
67 76
67 79
67 85
67 89
67 93
67 95
67 97
67 98
67 99
67 103
67 105
67 111
67 112
67 120
67 123
67 125
67 129
67 131
67 143
67 157
67 188
67 192
67 198
68 3
68 9
68 10
68 13
68 21
68 28
68 41
68 45
68 54
68 55
68 62
68 74
68 76
68 80
68 83
68 87
68 90
68 97
68 98
68 99
68 109
68 115
68 116
68 121
68 123
68 128
68 130
68 132
68 139
68 153
68 155
68 156
68 159
68 163
68 164
68 168
68 172
68 180
68 186
68 192
69 1
69 6
69 10
69 12
69 14
69 34
69 43
69 48
69 55
69 66
69 77
69 88
69 96
69 101
69 104
69 112
69 115
69 117
69 121
69 129
69 135
69 136
69 142
69 145
69 149
69 152
69 159
69 160
69 168
69 169
69 171
69 176
69 185
69 192
69 193
69 194
69 197
69 198
70 1
70 10
70 24
70 30
70 31
70 41
70 44
70 45
70 48
70 72
70 73
70 74
70 75
70 82
70 87
70 88
70 90
70 92
70 93
70 101
70 106
70 111
70 117
70 119
70 125
70 130
70 132
70 136
70 137
70 138
70 139
70 144
70 154
70 159
70 161
70 163
70 168
70 177
70 178
70 179
70 180
70 184
70 187
70 188
70 191
70 199
71 0
71 2
71 13
71 20
71 28
71 32
71 34
71 51
71 57
71 58
71 65
71 72
71 76
71 77
71 79
71 82
71 84
71 101
71 102
71 103
71 106
71 108
71 116
71 123
71 124
71 127
71 129
71 132
71 145
71 170
71 177
71 178
71 179
71 180
71 181
71 185
71 193
71 198
71 199
72 0
72 2
72 7
72 8
72 12
72 13
72 14
72 30
72 37
72 38
72 45
72 46
72 55
72 57
72 61
72 67
72 70
72 71
72 73
72 76
72 82
72 84
72 86
72 93
72 101
72 103
72 106
72 115
72 117
72 119
72 121
72 127
72 142
72 149
72 154
72 162
72 168
72 170
72 178
72 191
72 195
72 196
72 197
73 3
73 14
73 24
73 37
73 54
73 57
73 65
73 70
73 72
73 79
73 81
73 83
73 88
73 100
73 127
73 146
73 149
73 151
73 155
73 157
73 159
73 160
73 165
73 166
73 167
73 173
73 175
73 177
73 182
73 185
73 187
73 188
73 191
73 194
74 3
74 7
74 15
74 23
74 32
74 34
74 38
74 39
74 43
74 45
74 50
74 51
74 57
74 60
74 65
74 66
74 68
74 70
74 77
74 78
74 83
74 85
74 86
74 90
74 94
74 96
74 98
74 102
74 116
74 129
74 130
74 136
74 145
74 147
74 150
74 155
74 159
74 164
74 166
74 182
74 188
74 189
74 199
75 6
75 11
75 14
75 20
75 31
75 50
75 52
75 58
75 59
75 70
75 78
75 79
75 87
75 88
75 89
75 90
75 91
75 94
75 98
75 103
75 105
75 106
75 117
75 122
75 124
75 125
75 131
75 135
75 139
75 152
75 156
75 157
75 164
75 166
75 169
75 171
75 192
75 193
75 194
75 197
76 0
76 1
76 5
76 13
76 15
76 16
76 20
76 26
76 27
76 33
76 38
76 52
76 53
76 59
76 63
76 67
76 68
76 71
76 72
76 81
76 84
76 97
76 99
76 101
76 110
76 112
76 115
76 121
76 122
76 124
76 126
76 137
76 139
76 145
76 147
76 152
76 153
76 158
76 169
76 172
76 173
76 175
76 194
76 198
77 1
77 4
77 6
77 7
77 9
77 13
77 14
77 16
77 17
77 18
77 33
77 35
77 43
77 55
77 56
77 57
77 59
77 60
77 63
77 65
77 69
77 71
77 74
77 78
77 80
77 85
77 98
77 101
77 111
77 112
77 116
77 120
77 121
77 135
77 140
77 151
77 152
77 157
77 177
77 181
77 183
77 185
77 186
77 189
77 192
77 195
78 4
78 7
78 10
78 19
78 22
78 29
78 34
78 42
78 46
78 53
78 55
78 60
78 74
78 75
78 77
78 82
78 101
78 105
78 115
78 119
78 120
78 123
78 125
78 126
78 127
78 133
78 139
78 150
78 157
78 160
78 161
78 163
78 165
78 166
78 167
78 182
78 192
78 197
79 6
79 7
79 18
79 36
79 46
79 56
79 62
79 63
79 66
79 67
79 71
79 73
79 75
79 85
79 88
79 93
79 94
79 100
79 102
79 114
79 119
79 120
79 128
79 136
79 141
79 148
79 151
79 171
79 172
79 173
79 175
79 187
79 188
79 190
79 193
79 195
79 198
79 199
80 2
80 10
80 15
80 18
80 20
80 29
80 30
80 33
80 38
80 40
80 43
80 68
80 77
80 82
80 86
80 91
80 99
80 106
80 109
80 110
80 121
80 125
80 128
80 131
80 139
80 140
80 149
80 152
80 153
80 158
80 161
80 168
80 172
80 175
80 178
80 182
80 188
80 199
81 8
81 9
81 12
81 18
81 29
81 45
81 47
81 51
81 52
81 54
81 56
81 60
81 65
81 73
81 76
81 85
81 88
81 91
81 96
81 102
81 103
81 104
81 108
81 109
81 114
81 116
81 120
81 121
81 123
81 125
81 128
81 132
81 136
81 142
81 143
81 155
81 167
81 173
81 178
81 181
82 17
82 18
82 22
82 23
82 31
82 33
82 35
82 39
82 41
82 43
82 50
82 51
82 52
82 63
82 70
82 71
82 72
82 78
82 80
82 86
82 90
82 97
82 98
82 115
82 116
82 123
82 125
82 141
82 144
82 155
82 159
82 193
82 197
83 3
83 6
83 12
83 13
83 27
83 31
83 45
83 46
83 50
83 52
83 62
83 64
83 68
83 73
83 74
83 84
83 91
83 93
83 97
83 99
83 101
83 104
83 107
83 115
83 122
83 126
83 127
83 133
83 148
83 155
83 156
83 163
83 169
83 186
83 187
83 190
83 195
84 5
84 12
84 21
84 23
84 28
84 32
84 36
84 37
84 38
84 42
84 44
84 45
84 46
84 50
84 71
84 72
84 76
84 83
84 93
84 94
84 98
84 108
84 109
84 116
84 124
84 128
84 131
84 133
84 136
84 137
84 140
84 147
84 153
84 155
84 160
84 164
84 168
84 173
84 174
84 184
84 188
84 189
84 192
84 198
84 199
85 1
85 7
85 12
85 22
85 27
85 38
85 39
85 47
85 50
85 53
85 56
85 66
85 67
85 74
85 77
85 79
85 81
85 92
85 96
85 100
85 110
85 115
85 122
85 124
85 126
85 130
85 131
85 134
85 135
85 137
85 145
85 148
85 150
85 157
85 170
85 176
85 178
85 192
85 194
86 1
86 3
86 6
86 7
86 14
86 16
86 18
86 22
86 31
86 38
86 46
86 53
86 54
86 58
86 72
86 74
86 80
86 82
86 94
86 97
86 101
86 108
86 110
86 114
86 116
86 117
86 118
86 120
86 124
86 134
86 159
86 163
86 166
86 175
86 178
86 185
86 187
86 192
86 196
86 198
86 199
87 2
87 15
87 23
87 24
87 31
87 42
87 44
87 50
87 52
87 55
87 57
87 68
87 70
87 75
87 90
87 97
87 101
87 108
87 117
87 130
87 139
87 144
87 151
87 152
87 168
87 169
87 171
87 173
87 176
87 186
87 192
87 193
87 195
88 1
88 6
88 7
88 26
88 29
88 34
88 36
88 40
88 46
88 52
88 54
88 65
88 69
88 70
88 73
88 75
88 79
88 81
88 91
88 93
88 94
88 95
88 98
88 104
88 105
88 109
88 111
88 113
88 114
88 116
88 126
88 127
88 133
88 136
88 137
88 146
88 151
88 155
88 161
88 163
88 167
88 172
88 176
88 178
88 182
88 183
88 188
89 14
89 18
89 23
89 27
89 30
89 41
89 47
89 50
89 60
89 67
89 75
89 90
89 91
89 93
89 108
89 114
89 121
89 123
89 125
89 129
89 130
89 135
89 153
89 158
89 159
89 161
89 167
89 185
89 186
89 191
89 193
90 14
90 15
90 23
90 25
90 31
90 39
90 43
90 49
90 51
90 56
90 62
90 65
90 68
90 70
90 74
90 75
90 82
90 87
90 89
90 93
90 95
90 97
90 102
90 105
90 109
90 113
90 116
90 120
90 127
90 134
90 143
90 151
90 156
90 158
90 159
90 169
90 172
90 179
90 185
90 192
90 199
91 4
91 7
91 9
91 10
91 16
91 27
91 38
91 48
91 52
91 62
91 63
91 75
91 80
91 81
91 83
91 88
91 89
91 96
91 105
91 106
91 108
91 111
91 127
91 129
91 134
91 137
91 155
91 172
91 180
91 183
91 186
91 189
91 191
91 196
92 1
92 4
92 29
92 40
92 47
92 55
92 58
92 60
92 63
92 70
92 85
92 97
92 104
92 110
92 111
92 113
92 114
92 116
92 130
92 134
92 137
92 139
92 141
92 144
92 154
92 156
92 159
92 160
92 162
92 163
92 168
92 180
93 2
93 3
93 5
93 6
93 7
93 15
93 19
93 24
93 25
93 41
93 44
93 55
93 67
93 70
93 72
93 79
93 83
93 84
93 88
93 89
93 90
93 99
93 104
93 107
93 108
93 109
93 112
93 115
93 116
93 127
93 128
93 130
93 131
93 139
93 156
93 160
93 165
93 170
93 173
93 176
93 182
93 184
93 185
93 186
93 187
93 188
94 4
94 5
94 15
94 26
94 32
94 41
94 44
94 46
94 58
94 64
94 74
94 75
94 79
94 84
94 86
94 88
94 95
94 102
94 107
94 108
94 115
94 117
94 118
94 126
94 130
94 134
94 135
94 148
94 151
94 153
94 155
94 160
94 165
94 167
94 176
94 177
94 184
94 185
94 186
94 191
94 193
94 195
94 198
95 4
95 5
95 12
95 14
95 15
95 16
95 20
95 22
95 23
95 30
95 33
95 38
95 43
95 46
95 48
95 55
95 65
95 67
95 88
95 90
95 94
95 106
95 109
95 113
95 125
95 129
95 134
95 146
95 150
95 152
95 159
95 162
95 164
95 166
95 168
95 170
95 172
95 175
95 180
95 190
95 192
95 195
95 199
96 2
96 8
96 11
96 20
96 24
96 27
96 30
96 43
96 51
96 52
96 61
96 69
96 74
96 81
96 85
96 91
96 102
96 109
96 112
96 114
96 117
96 123
96 127
96 132
96 133
96 135
96 137
96 138
96 145
96 146
96 147
96 153
96 161
96 162
96 177
96 180
96 188
96 190
96 196
97 8
97 13
97 17
97 22
97 25
97 26
97 31
97 33
97 36
97 41
97 43
97 44
97 48
97 49
97 57
97 60
97 67
97 68
97 76
97 82
97 83
97 86
97 87
97 90
97 92
97 98
97 108
97 111
97 113
97 115
97 116
97 121
97 122
97 127
97 128
97 129
97 138
97 146
97 157
97 158
97 159
97 164
97 165
97 174
97 176
97 178
97 180
97 187
97 191
97 198
98 0
98 4
98 6
98 8
98 16
98 19
98 23
98 36
98 37
98 43
98 60
98 67
98 68
98 74
98 75
98 77
98 82
98 84
98 88
98 97
98 99
98 110
98 111
98 117
98 118
98 121
98 124
98 125
98 139
98 142
98 143
98 148
98 151
98 152
98 156
98 157
98 162
98 169
98 178
98 180
98 181
98 186
98 188
98 191
99 2
99 4
99 10
99 14
99 24
99 30
99 33
99 41
99 44
99 45
99 67
99 68
99 76
99 80
99 83
99 93
99 98
99 111
99 113
99 119
99 130
99 132
99 135
99 147
99 150
99 151
99 154
99 156
99 157
99 160
99 168
99 174
99 181
99 187
99 188
99 199
100 16
100 17
100 19
100 37
100 43
100 49
100 53
100 54
100 55
100 57
100 66
100 73
100 79
100 85
100 101
100 103
100 107
100 118
100 123
100 129
100 130
100 139
100 142
100 143
100 144
100 147
100 156
100 159
100 171
100 180
100 186
100 187
100 189
100 192
100 197
100 198
100 199
101 3
101 6
101 10
101 11
101 16
101 19
101 20
101 21
101 25
101 27
101 34
101 41
101 43
101 46
101 50
101 51
101 59
101 60
101 62
101 69
101 70
101 71
101 72
101 76
101 77
101 78
101 83
101 86
101 87
101 100
101 104
101 106
101 122
101 127
101 139
101 142
101 149
101 151
101 160
101 162
101 164
101 169
101 171
101 177
101 181
101 192
101 194
102 9
102 10
102 19
102 24
102 25
102 27
102 28
102 32
102 45
102 55
102 57
102 59
102 61
102 64
102 66
102 71
102 74
102 79
102 81
102 90
102 94
102 96
102 103
102 106
102 117
102 122
102 128
102 129
102 145
102 149
102 156
102 157
102 158
102 161
102 163
102 174
102 176
102 177
102 178
102 180
102 189
102 190
102 193
102 199
103 2
103 5
103 7
103 22
103 30
103 44
103 45
103 47
103 57
103 63
103 64
103 66
103 67
103 71
103 72
103 75
103 81
103 100
103 102
103 105
103 110
103 112
103 116
103 126
103 130
103 131
103 150
103 154
103 157
103 163
103 164
103 166
103 169
103 173
103 177
103 180
103 181
103 182
103 183
103 191
103 196
103 197
103 198
104 2
104 3
104 7
104 12
104 13
104 19
104 26
104 30
104 33
104 39
104 47
104 51
104 52
104 54
104 55
104 58
104 66
104 69
104 81
104 83
104 88
104 92
104 93
104 101
104 108
104 112
104 115
104 118
104 120
104 123
104 125
104 126
104 130
104 131
104 142
104 145
104 147
104 149
104 151
104 156
104 159
104 163
104 173
104 174
104 197
105 0
105 9
105 13
105 20
105 32
105 37
105 43
105 49
105 53
105 56
105 58
105 60
105 61
105 62
105 64
105 67
105 75
105 78
105 88
105 90
105 91
105 103
105 106
105 107
105 112
105 115
105 117
105 121
105 123
105 124
105 136
105 140
105 147
105 158
105 164
105 169
105 178
105 180
105 183
105 186
105 188
105 190
105 191
105 194
106 2
106 4
106 5
106 36
106 38
106 46
106 50
106 52
106 53
106 56
106 65
106 70
106 71
106 72
106 75
106 80
106 91
106 95
106 101
106 102
106 105
106 108
106 110
106 123
106 124
106 126
106 130
106 148
106 165
106 181
106 182
106 184
106 185
106 192
106 194
106 199
107 3
107 10
107 15
107 19
107 21
107 31
107 38
107 42
107 51
107 83
107 93
107 94
107 100
107 105
107 110
107 120
107 121
107 125
107 126
107 127
107 130
107 140
107 144
107 145
107 146
107 150
107 156
107 159
107 170
107 185
107 188
107 189
107 193
107 197
108 2
108 3
108 11
108 22
108 36
108 40
108 41
108 44
108 54
108 56
108 60
108 62
108 65
108 71
108 81
108 84
108 86
108 87
108 89
108 91
108 93
108 94
108 97
108 104
108 106
108 110
108 111
108 117
108 128
108 131
108 132
108 135
108 141
108 146
108 147
108 150
108 151
108 158
108 168
108 178
108 182
108 183
108 184
108 185
108 192
109 1
109 3
109 5
109 14
109 17
109 21
109 25
109 32
109 36
109 44
109 45
109 48
109 49
109 65
109 68
109 80
109 81
109 84
109 88
109 90
109 93
109 95
109 96
109 112
109 125
109 126
109 127
109 128
109 129
109 131
109 145
109 146
109 149
109 153
109 163
109 166
109 171
109 180
109 187
109 190
109 192
109 194
109 195
110 0
110 1
110 23
110 26
110 43
110 46
110 47
110 60
110 64
110 66
110 76
110 80
110 85
110 86
110 92
110 98
110 103
110 106
110 107
110 108
110 114
110 120
110 124
110 131
110 141
110 158
110 159
110 160
110 164
110 165
110 166
110 167
110 170
110 178
110 185
110 188
110 197
111 0
111 2
111 3
111 8
111 9
111 20
111 21
111 25
111 32
111 39
111 49
111 52
111 54
111 59
111 67
111 70
111 77
111 88
111 91
111 92
111 97
111 98
111 99
111 108
111 119
111 131
111 135
111 147
111 158
111 161
111 171
111 177
111 180
111 189
111 198
112 1
112 5
112 13
112 18
112 22
112 24
112 33
112 36
112 50
112 54
112 55
112 65
112 67
112 69
112 76
112 77
112 93
112 96
112 103
112 104
112 105
112 109
112 113
112 121
112 122
112 127
112 132
112 135
112 141
112 155
112 161
112 169
112 180
112 199
113 0
113 1
113 7
113 10
113 13
113 14
113 17
113 18
113 22
113 28
113 32
113 41
113 44
113 47
113 57
113 88
113 90
113 92
113 95
113 97
113 99
113 112
113 118
113 121
113 126
113 128
113 134
113 135
113 141
113 152
113 154
113 159
113 169
113 186
113 191
113 194
113 199
114 13
114 14
114 18
114 22
114 23
114 30
114 38
114 53
114 54
114 79
114 81
114 86
114 88
114 89
114 92
114 96
114 110
114 116
114 122
114 129
114 133
114 138
114 142
114 147
114 150
114 153
114 156
114 157
114 159
114 165
114 167
114 170
114 172
114 173
114 175
114 181
114 182
114 191
114 197
115 5
115 12
115 14
115 16
115 18
115 21
115 23
115 37
115 38
115 43
115 44
115 48
115 52
115 53
115 54
115 55
115 56
115 60
115 65
115 68
115 69
115 72
115 76
115 78
115 82
115 83
115 85
115 93
115 94
115 97
115 104
115 105
115 126
115 128
115 130
115 131
115 135
115 144
115 151
115 152
115 154
115 155
115 163
115 164
115 165
115 166
115 175
115 179
115 184
115 187
115 189
115 191
115 192
115 193
116 5
116 11
116 12
116 16
116 19
116 20
116 21
116 25
116 26
116 38
116 42
116 49
116 51
116 52
116 60
116 64
116 68
116 71
116 74
116 77
116 81
116 82
116 84
116 86
116 88
116 90
116 92
116 93
116 97
116 103
116 114
116 118
116 119
116 131
116 136
116 137
116 140
116 142
116 148
116 153
116 160
116 167
116 168
116 171
116 172
116 173
116 174
116 181
116 184
116 190
117 2
117 4
117 5
117 6
117 13
117 15
117 33
117 34
117 50
117 53
117 54
117 56
117 58
117 69
117 70
117 72
117 75
117 86
117 87
117 94
117 96
117 98
117 102
117 105
117 108
117 118
117 124
117 127
117 137
117 140
117 156
117 163
117 174
117 175
117 179
117 185
117 187
117 190
117 193
117 199
118 0
118 2
118 9
118 24
118 27
118 33
118 39
118 51
118 57
118 65
118 86
118 94
118 98
118 100
118 104
118 113
118 116
118 117
118 120
118 142
118 144
118 148
118 151
118 152
118 155
118 156
118 157
118 159
118 168
118 191
118 193
119 5
119 8
119 10
119 11
119 14
119 20
119 32
119 33
119 35
119 38
119 44
119 57
119 58
119 62
119 70
119 72
119 78
119 79
119 99
119 111
119 116
119 129
119 133
119 135
119 136
119 141
119 151
119 159
119 165
119 178
119 182
119 183
119 185
119 186
119 187
119 188
119 193
120 2
120 14
120 15
120 16
120 17
120 19
120 21
120 26
120 27
120 29
120 30
120 32
120 33
120 39
120 48
120 52
120 53
120 54
120 57
120 61
120 63
120 67
120 77
120 78
120 79
120 81
120 86
120 90
120 104
120 107
120 110
120 118
120 122
120 125
120 130
120 141
120 143
120 145
120 147
120 152
120 154
120 155
120 156
120 157
120 160
120 161
120 163
120 166
120 167
120 174
120 182
120 186
120 190
120 191
120 196
120 199
121 4
121 6
121 9
121 11
121 12
121 16
121 33
121 35
121 37
121 45
121 46
121 56
121 62
121 63
121 68
121 69
121 72
121 76
121 77
121 80
121 81
121 89
121 97
121 98
121 105
121 107
121 112
121 113
121 128
121 142
121 147
121 163
121 175
121 176
121 188
121 190
121 194
122 4
122 19
122 22
122 24
122 29
122 34
122 40
122 50
122 51
122 55
122 57
122 75
122 76
122 83
122 85
122 97
122 101
122 102
122 112
122 114
122 120
122 126
122 145
122 156
122 164
122 173
122 174
122 175
122 194
123 2
123 17
123 29
123 30
123 32
123 35
123 36
123 39
123 40
123 41
123 43
123 48
123 49
123 50
123 57
123 64
123 67
123 68
123 71
123 78
123 81
123 82
123 89
123 96
123 100
123 104
123 105
123 106
123 129
123 130
123 131
123 132
123 138
123 140
123 143
123 149
123 151
123 158
123 162
123 166
123 167
123 171
123 174
123 185
123 189
123 199
124 2
124 12
124 13
124 14
124 18
124 19
124 26
124 31
124 41
124 51
124 57
124 61
124 62
124 71
124 75
124 76
124 84
124 85
124 86
124 98
124 105
124 106
124 110
124 117
124 138
124 141
124 143
124 146
124 150
124 151
124 152
124 155
124 170
124 174
124 177
124 181
124 184
124 195
124 198
124 199
125 0
125 6
125 13
125 14
125 20
125 23
125 24
125 25
125 26
125 35
125 37
125 47
125 50
125 58
125 63
125 67
125 70
125 75
125 78
125 80
125 81
125 82
125 89
125 95
125 98
125 104
125 107
125 109
125 120
125 129
125 137
125 147
125 160
125 164
125 175
125 180
125 182
125 198
126 0
126 4
126 7
126 10
126 27
126 34
126 38
126 42
126 44
126 47
126 50
126 53
126 59
126 63
126 76
126 78
126 83
126 85
126 88
126 94
126 103
126 104
126 106
126 107
126 109
126 113
126 115
126 122
126 129
126 132
126 134
126 135
126 139
126 149
126 150
126 151
126 156
126 160
126 171
126 187
126 195
127 1
127 2
127 6
127 10
127 14
127 19
127 24
127 30
127 35
127 41
127 42
127 53
127 54
127 59
127 64
127 71
127 72
127 73
127 78
127 83
127 88
127 90
127 91
127 93
127 96
127 97
127 101
127 107
127 109
127 112
127 117
127 129
127 130
127 135
127 142
127 145
127 146
127 152
127 156
127 166
127 174
127 182
127 183
127 184
127 198
128 0
128 8
128 10
128 13
128 17
128 27
128 30
128 47
128 50
128 51
128 52
128 60
128 61
128 68
128 79
128 80
128 81
128 84
128 93
128 97
128 102
128 108
128 109
128 113
128 115
128 121
128 134
128 138
128 148
128 150
128 157
128 158
128 159
128 160
128 166
128 172
128 175
128 180
128 183
128 184
128 192
128 197
129 0
129 6
129 12
129 17
129 21
129 24
129 28
129 33
129 34
129 37
129 42
129 55
129 58
129 67
129 69
129 71
129 74
129 89
129 91
129 95
129 97
129 100
129 102
129 109
129 114
129 119
129 123
129 125
129 126
129 127
129 138
129 144
129 146
129 147
129 151
129 155
129 161
129 166
129 169
129 177
129 179
129 183
129 185
129 188
129 190
129 194
129 195
130 10
130 15
130 22
130 29
130 32
130 34
130 45
130 49
130 51
130 59
130 60
130 61
130 68
130 70
130 74
130 85
130 87
130 89
130 92
130 93
130 94
130 99
130 100
130 103
130 104
130 106
130 107
130 115
130 120
130 123
130 127
130 131
130 144
130 151
130 153
130 154
130 167
130 173
130 175
130 178
130 179
130 185
131 3
131 4
131 9
131 10
131 11
131 13
131 14
131 24
131 32
131 35
131 36
131 44
131 48
131 54
131 62
131 65
131 67
131 75
131 80
131 84
131 85
131 93
131 103
131 104
131 108
131 109
131 110
131 111
131 115
131 116
131 123
131 130
131 137
131 142
131 160
131 161
131 162
131 166
131 173
131 174
131 180
131 199
132 3
132 5
132 11
132 15
132 20
132 21
132 23
132 25
132 29
132 55
132 60
132 61
132 66
132 68
132 70
132 71
132 81
132 96
132 99
132 108
132 112
132 123
132 126
132 138
132 141
132 152
132 159
132 161
132 162
132 163
132 166
132 167
132 168
132 169
132 178
132 182
132 186
132 193
132 195
133 0
133 1
133 3
133 4
133 5
133 18
133 23
133 25
133 27
133 28
133 32
133 42
133 50
133 51
133 54
133 62
133 78
133 83
133 84
133 88
133 96
133 114
133 119
133 135
133 144
133 146
133 152
133 163
133 172
133 173
133 181
134 5
134 17
134 26
134 31
134 37
134 42
134 44
134 46
134 50
134 57
134 85
134 86
134 90
134 91
134 92
134 94
134 95
134 113
134 126
134 128
134 137
134 138
134 139
134 140
134 141
134 143
134 153
134 158
134 168
134 170
134 180
134 184
134 188
135 0
135 2
135 3
135 8
135 12
135 15
135 16
135 33
135 43
135 46
135 48
135 53
135 56
135 57
135 60
135 69
135 75
135 77
135 85
135 89
135 94
135 96
135 99
135 108
135 111
135 112
135 113
135 115
135 119
135 126
135 127
135 133
135 137
135 140
135 144
135 145
135 148
135 150
135 162
135 164
135 168
135 175
135 179
135 188
135 192
135 196
135 197
136 1
136 4
136 6
136 15
136 20
136 28
136 31
136 39
136 42
136 48
136 49
136 52
136 56
136 69
136 70
136 74
136 79
136 81
136 84
136 88
136 105
136 116
136 119
136 140
136 143
136 146
136 150
136 153
136 175
136 177
136 178
136 180
136 181
136 182
136 185
136 196
137 2
137 4
137 8
137 10
137 14
137 23
137 34
137 35
137 38
137 41
137 43
137 45
137 47
137 52
137 54
137 60
137 66
137 70
137 76
137 84
137 85
137 88
137 91
137 92
137 96
137 116
137 117
137 125
137 131
137 134
137 135
137 142
137 148
137 160
137 171
137 178
137 186
137 191
137 192
138 5
138 13
138 16
138 26
138 33
138 42
138 47
138 50
138 54
138 57
138 58
138 65
138 70
138 96
138 97
138 114
138 123
138 124
138 128
138 129
138 132
138 134
138 139
138 154
138 165
138 167
138 175
138 176
138 179
138 192
138 193
139 1
139 2
139 15
139 21
139 24
139 25
139 30
139 31
139 32
139 41
139 43
139 44
139 47
139 62
139 63
139 65
139 68
139 70
139 75
139 76
139 78
139 80
139 87
139 92
139 93
139 98
139 100
139 101
139 126
139 134
139 138
139 140
139 146
139 150
139 151
139 152
139 157
139 167
139 170
139 172
139 186
139 189
139 194
140 0
140 1
140 5
140 16
140 20
140 27
140 28
140 30
140 31
140 35
140 58
140 64
140 77
140 80
140 84
140 105
140 107
140 116
140 117
140 123
140 134
140 135
140 136
140 139
140 143
140 149
140 153
140 154
140 158
140 165
140 184
140 187
140 188
141 9
141 10
141 12
141 13
141 14
141 16
141 30
141 31
141 34
141 36
141 40
141 53
141 61
141 79
141 82
141 92
141 108
141 110
141 112
141 113
141 119
141 120
141 124
141 132
141 134
141 149
141 150
141 165
141 168
141 171
141 172
141 179
141 182
141 187
141 193
141 197
142 0
142 4
142 8
142 9
142 17
142 18
142 19
142 22
142 23
142 25
142 47
142 60
142 63
142 64
142 69
142 72
142 81
142 98
142 100
142 101
142 104
142 114
142 116
142 118
142 121
142 127
142 131
142 137
142 152
142 154
142 165
142 168
142 174
142 182
142 184
142 189
142 190
142 191
142 194
142 196
142 199
143 0
143 1
143 3
143 14
143 16
143 19
143 24
143 33
143 50
143 55
143 58
143 65
143 67
143 81
143 90
143 98
143 100
143 120
143 123
143 124
143 134
143 136
143 140
143 152
143 154
143 160
143 169
143 179
143 180
143 182
143 195
143 196
144 10
144 15
144 20
144 34
144 42
144 44
144 49
144 52
144 70
144 82
144 87
144 92
144 100
144 107
144 115
144 118
144 129
144 130
144 133
144 135
144 151
144 154
144 164
144 169
144 180
144 196
145 0
145 7
145 8
145 13
145 20
145 24
145 29
145 39
145 40
145 41
145 47
145 52
145 57
145 59
145 69
145 71
145 74
145 76
145 85
145 96
145 102
145 104
145 107
145 109
145 120
145 122
145 127
145 135
145 147
145 151
145 157
145 162
145 165
145 166
145 171
145 172
145 182
145 187
145 188
145 191
146 1
146 11
146 13
146 18
146 19
146 24
146 29
146 31
146 42
146 44
146 49
146 50
146 52
146 55
146 59
146 64
146 73
146 88
146 95
146 96
146 97
146 107
146 108
146 109
146 124
146 127
146 129
146 133
146 136
146 139
146 149
146 159
146 170
146 174
146 180
146 185
146 186
146 187
146 188
146 191
147 4
147 5
147 9
147 19
147 38
147 43
147 44
147 45
147 56
147 59
147 63
147 74
147 76
147 84
147 96
147 99
147 100
147 104
147 105
147 108
147 111
147 114
147 120
147 121
147 125
147 129
147 145
147 151
147 154
147 156
147 157
147 161
147 179
147 182
147 183
147 193
147 196
147 197
147 198
147 199
148 2
148 7
148 9
148 12
148 20
148 21
148 23
148 26
148 28
148 39
148 40
148 46
148 50
148 63
148 64
148 79
148 83
148 85
148 94
148 98
148 106
148 116
148 118
148 128
148 135
148 137
148 149
148 155
148 182
148 193
148 194
148 196
149 2
149 3
149 4
149 6
149 9
149 12
149 21
149 27
149 31
149 32
149 33
149 41
149 42
149 48
149 52
149 53
149 56
149 58
149 59
149 60
149 69
149 72
149 73
149 80
149 101
149 102
149 104
149 109
149 123
149 126
149 140
149 141
149 146
149 148
149 153
149 164
149 171
149 174
149 176
149 180
149 181
149 183
149 186
149 198
150 0
150 2
150 3
150 4
150 18
150 43
150 44
150 48
150 53
150 63
150 64
150 65
150 66
150 74
150 78
150 85
150 95
150 99
150 103
150 107
150 108
150 114
150 124
150 126
150 128
150 135
150 136
150 139
150 141
150 155
150 159
150 162
150 167
150 179
150 184
150 186
150 198
151 2
151 6
151 9
151 24
151 26
151 31
151 33
151 41
151 43
151 44
151 48
151 52
151 55
151 57
151 58
151 73
151 77
151 79
151 87
151 88
151 90
151 94
151 98
151 99
151 101
151 104
151 108
151 115
151 118
151 119
151 123
151 124
151 126
151 129
151 130
151 139
151 144
151 145
151 147
151 156
151 162
151 163
151 177
151 180
151 190
151 199
152 2
152 4
152 21
152 27
152 41
152 47
152 57
152 61
152 69
152 75
152 76
152 77
152 80
152 87
152 95
152 98
152 113
152 115
152 118
152 120
152 124
152 127
152 132
152 133
152 139
152 142
152 143
152 154
152 161
152 162
152 164
152 169
152 173
152 190
152 191
152 192
153 0
153 8
153 10
153 11
153 18
153 29
153 32
153 33
153 35
153 41
153 50
153 51
153 52
153 54
153 57
153 64
153 66
153 68
153 76
153 80
153 84
153 89
153 94
153 96
153 109
153 114
153 116
153 130
153 134
153 136
153 140
153 149
153 155
153 163
153 169
153 173
153 174
153 178
154 3
154 12
154 19
154 25
154 26
154 27
154 32
154 34
154 36
154 42
154 44
154 48
154 49
154 54
154 58
154 63
154 64
154 70
154 72
154 92
154 99
154 103
154 113
154 115
154 120
154 130
154 138
154 140
154 142
154 143
154 144
154 147
154 152
154 166
154 171
154 173
154 174
154 179
154 180
154 184
154 190
154 195
155 11
155 18
155 24
155 25
155 27
155 35
155 36
155 47
155 52
155 57
155 65
155 68
155 73
155 74
155 81
155 82
155 83
155 84
155 88
155 91
155 94
155 112
155 115
155 118
155 120
155 124
155 129
155 148
155 150
155 153
155 157
155 159
155 160
155 173
155 191
156 2
156 8
156 10
156 14
156 23
156 35
156 46
156 49
156 50
156 58
156 63
156 64
156 65
156 68
156 75
156 83
156 90
156 92
156 93
156 98
156 99
156 100
156 102
156 104
156 107
156 114
156 117
156 118
156 120
156 122
156 126
156 127
156 147
156 151
156 159
156 166
156 169
156 179
156 182
156 189
156 190
156 191
156 194
156 197
157 5
157 15
157 18
157 29
157 32
157 34
157 36
157 44
157 58
157 60
157 67
157 73
157 75
157 77
157 78
157 85
157 97
157 98
157 99
157 102
157 103
157 114
157 118
157 120
157 128
157 139
157 145
157 147
157 155
157 172
157 177
157 178
157 181
157 182
157 186
157 189
157 192
158 10
158 17
158 32
158 35
158 40
158 42
158 45
158 50
158 57
158 64
158 76
158 80
158 89
158 90
158 97
158 102
158 105
158 108
158 110
158 111
158 123
158 128
158 134
158 140
158 159
158 163
158 165
158 171
158 173
158 179
158 180
158 184
158 188
158 197
159 2
159 11
159 16
159 28
159 35
159 49
159 50
159 51
159 53
159 55
159 61
159 63
159 68
159 69
159 70
159 73
159 74
159 82
159 86
159 89
159 90
159 92
159 95
159 97
159 100
159 104
159 107
159 110
159 113
159 114
159 118
159 119
159 128
159 132
159 146
159 150
159 155
159 156
159 158
159 161
159 172
159 182
159 183
159 191
159 194
159 195
159 199
160 0
160 5
160 15
160 20
160 27
160 28
160 38
160 40
160 44
160 58
160 62
160 69
160 73
160 78
160 84
160 92
160 93
160 94
160 99
160 101
160 110
160 116
160 120
160 125
160 126
160 128
160 131
160 137
160 143
160 155
160 172
160 173
160 175
160 179
160 181
160 193
160 198
161 6
161 7
161 12
161 18
161 20
161 21
161 26
161 30
161 31
161 32
161 34
161 41
161 43
161 47
161 63
161 70
161 78
161 80
161 88
161 89
161 96
161 102
161 111
161 112
161 120
161 129
161 131
161 132
161 147
161 152
161 159
161 167
161 168
161 177
161 179
161 182
162 9
162 11
162 15
162 25
162 27
162 32
162 34
162 37
162 50
162 58
162 72
162 92
162 95
162 96
162 98
162 101
162 123
162 131
162 132
162 135
162 145
162 150
162 151
162 152
162 165
162 166
162 168
162 172
162 173
162 176
162 195
162 199
163 1
163 2
163 3
163 5
163 6
163 14
163 15
163 25
163 27
163 28
163 37
163 38
163 55
163 58
163 60
163 68
163 70
163 78
163 83
163 86
163 88
163 92
163 102
163 103
163 104
163 109
163 115
163 117
163 120
163 121
163 132
163 133
163 151
163 153
163 158
163 169
163 182
163 192
163 195
164 1
164 12
164 14
164 28
164 31
164 38
164 40
164 42
164 46
164 52
164 54
164 57
164 63
164 66
164 68
164 74
164 75
164 84
164 95
164 97
164 101
164 103
164 105
164 110
164 115
164 122
164 125
164 135
164 144
164 149
164 152
164 172
164 174
164 178
164 179
164 181
164 185
164 190
164 192
164 193
164 195
164 199
165 3
165 9
165 23
165 31
165 33
165 34
165 39
165 42
165 47
165 48
165 50
165 57
165 61
165 73
165 78
165 93
165 94
165 97
165 106
165 110
165 114
165 115
165 119
165 138
165 140
165 141
165 142
165 145
165 158
165 162
165 170
165 175
165 188
165 194
165 195
166 5
166 6
166 10
166 12
166 15
166 16
166 18
166 21
166 23
166 37
166 38
166 44
166 45
166 47
166 51
166 63
166 73
166 74
166 75
166 78
166 86
166 95
166 103
166 109
166 110
166 115
166 120
166 123
166 127
166 128
166 129
166 131
166 132
166 145
166 154
166 156
166 162
166 185
166 190
166 199
167 8
167 22
167 28
167 44
167 48
167 49
167 50
167 51
167 54
167 59
167 66
167 73
167 78
167 81
167 88
167 89
167 94
167 110
167 114
167 116
167 120
167 123
167 130
167 132
167 138
167 139
167 150
167 161
167 170
167 182
167 183
167 193
168 3
168 7
168 8
168 9
168 10
168 11
168 14
168 24
168 27
168 28
168 29
168 34
168 37
168 38
168 48
168 56
168 57
168 65
168 68
168 69
168 70
168 72
168 80
168 84
168 87
168 92
168 95
168 99
168 108
168 116
168 118
168 132
168 134
168 135
168 141
168 142
168 161
168 162
168 169
168 178
168 183
168 188
168 190
169 7
169 14
169 24
169 27
169 28
169 35
169 36
169 39
169 46
169 52
169 56
169 59
169 60
169 62
169 63
169 64
169 65
169 69
169 75
169 76
169 83
169 87
169 90
169 98
169 101
169 103
169 105
169 112
169 113
169 129
169 132
169 143
169 144
169 152
169 153
169 156
169 163
169 168
169 174
169 182
169 188
169 195
169 196
170 0
170 10
170 13
170 15
170 17
170 22
170 23
170 35
170 53
170 57
170 61
170 71
170 72
170 85
170 93
170 95
170 107
170 110
170 114
170 124
170 134
170 139
170 146
170 165
170 167
170 172
170 175
170 183
170 187
170 195
170 197
171 1
171 5
171 8
171 10
171 27
171 29
171 32
171 36
171 41
171 47
171 62
171 66
171 69
171 75
171 79
171 87
171 100
171 101
171 109
171 111
171 116
171 123
171 126
171 137
171 141
171 145
171 149
171 154
171 158
171 175
171 179
171 180
171 181
171 188
171 191
171 192
171 194
171 195
172 1
172 3
172 4
172 6
172 7
172 14
172 15
172 28
172 35
172 36
172 37
172 43
172 44
172 45
172 53
172 55
172 57
172 60
172 62
172 68
172 76
172 79
172 80
172 88
172 90
172 91
172 95
172 114
172 116
172 128
172 133
172 139
172 141
172 145
172 157
172 159
172 160
172 162
172 164
172 170
172 175
172 183
172 189
173 0
173 3
173 9
173 11
173 21
173 23
173 30
173 32
173 45
173 55
173 56
173 57
173 58
173 59
173 64
173 73
173 76
173 79
173 81
173 84
173 87
173 93
173 103
173 104
173 114
173 116
173 122
173 130
173 131
173 133
173 152
173 153
173 154
173 155
173 158
173 160
173 162
173 180
173 181
173 183
173 184
173 193
173 198
174 1
174 3
174 4
174 13
174 20
174 23
174 24
174 25
174 42
174 55
174 56
174 63
174 84
174 97
174 99
174 102
174 104
174 116
174 117
174 120
174 122
174 123
174 124
174 127
174 131
174 142
174 146
174 149
174 153
174 154
174 164
174 169
174 178
174 180
174 181
174 188
174 193
174 196
174 199
175 12
175 20
175 21
175 23
175 25
175 27
175 41
175 45
175 50
175 73
175 76
175 79
175 80
175 86
175 95
175 114
175 115
175 117
175 121
175 122
175 125
175 128
175 130
175 135
175 136
175 138
175 160
175 165
175 170
175 171
175 172
175 178
175 179
175 192
175 193
175 195
176 1
176 7
176 8
176 9
176 14
176 17
176 24
176 29
176 38
176 39
176 43
176 44
176 55
176 58
176 61
176 64
176 65
176 69
176 85
176 87
176 88
176 93
176 94
176 97
176 102
176 121
176 138
176 149
176 162
176 180
176 187
177 1
177 9
177 10
177 25
177 34
177 38
177 39
177 43
177 45
177 51
177 54
177 58
177 59
177 64
177 65
177 66
177 70
177 71
177 73
177 77
177 94
177 96
177 101
177 102
177 103
177 111
177 124
177 129
177 136
177 151
177 157
177 161
177 179
177 186
178 7
178 15
178 18
178 19
178 20
178 21
178 24
178 28
178 30
178 35
178 47
178 51
178 59
178 70
178 71
178 72
178 80
178 81
178 85
178 86
178 88
178 97
178 98
178 102
178 105
178 108
178 110
178 119
178 130
178 132
178 136
178 137
178 153
178 157
178 164
178 168
178 174
178 175
178 180
178 183
178 187
178 190
178 199
179 3
179 7
179 11
179 13
179 24
179 30
179 33
179 38
179 40
179 45
179 47
179 54
179 60
179 70
179 71
179 90
179 115
179 117
179 129
179 130
179 135
179 138
179 141
179 143
179 147
179 150
179 154
179 156
179 158
179 160
179 161
179 164
179 171
179 175
179 177
179 182
179 196
179 197
179 198
180 1
180 5
180 13
180 20
180 30
180 32
180 34
180 51
180 60
180 61
180 66
180 68
180 70
180 71
180 91
180 92
180 95
180 96
180 97
180 98
180 100
180 102
180 103
180 105
180 109
180 111
180 112
180 125
180 128
180 131
180 134
180 136
180 143
180 144
180 146
180 149
180 151
180 154
180 158
180 171
180 173
180 174
180 176
180 178
180 183
180 186
180 187
180 188
180 196
181 1
181 10
181 14
181 20
181 23
181 24
181 34
181 36
181 45
181 51
181 53
181 54
181 57
181 58
181 71
181 77
181 81
181 98
181 99
181 101
181 103
181 106
181 114
181 116
181 124
181 133
181 136
181 149
181 157
181 160
181 164
181 171
181 173
181 174
181 182
181 187
181 193
181 195
182 6
182 7
182 8
182 23
182 26
182 41
182 44
182 49
182 56
182 64
182 73
182 74
182 78
182 80
182 88
182 93
182 103
182 106
182 108
182 114
182 119
182 120
182 125
182 127
182 132
182 136
182 141
182 142
182 143
182 145
182 147
182 148
182 156
182 157
182 159
182 161
182 163
182 167
182 169
182 179
182 181
182 184
182 188
182 191
182 195
183 3
183 9
183 10
183 11
183 13
183 14
183 20
183 35
183 36
183 39
183 45
183 50
183 52
183 56
183 60
183 77
183 88
183 91
183 103
183 105
183 108
183 119
183 127
183 128
183 129
183 147
183 149
183 159
183 167
183 168
183 170
183 172
183 173
183 178
183 180
183 186
183 192
183 198
183 199
184 2
184 3
184 7
184 8
184 12
184 18
184 23
184 26
184 32
184 34
184 37
184 40
184 42
184 43
184 44
184 48
184 49
184 61
184 70
184 84
184 93
184 94
184 106
184 108
184 115
184 116
184 124
184 127
184 128
184 134
184 140
184 142
184 150
184 154
184 158
184 173
184 182
184 191
184 193
184 194
184 195
184 196
185 7
185 11
185 12
185 14
185 20
185 28
185 36
185 47
185 50
185 51
185 61
185 63
185 69
185 71
185 73
185 77
185 86
185 89
185 90
185 93
185 94
185 106
185 107
185 108
185 110
185 117
185 119
185 123
185 129
185 130
185 136
185 146
185 164
185 166
185 189
185 193
185 194
185 195
186 3
186 14
186 17
186 21
186 33
186 39
186 40
186 42
186 43
186 46
186 52
186 53
186 59
186 68
186 77
186 83
186 87
186 89
186 91
186 93
186 94
186 98
186 100
186 105
186 113
186 119
186 120
186 132
186 137
186 139
186 146
186 149
186 150
186 157
186 177
186 180
186 183
186 191
186 192
186 196
186 198
187 0
187 9
187 22
187 25
187 27
187 31
187 38
187 41
187 50
187 53
187 64
187 70
187 73
187 79
187 83
187 86
187 93
187 97
187 99
187 100
187 109
187 115
187 117
187 119
187 126
187 140
187 141
187 145
187 146
187 170
187 176
187 178
187 180
187 181
187 190
187 191
188 0
188 5
188 7
188 11
188 12
188 13
188 24
188 25
188 28
188 33
188 39
188 41
188 44
188 46
188 54
188 56
188 63
188 67
188 70
188 73
188 74
188 79
188 80
188 84
188 88
188 93
188 96
188 98
188 99
188 105
188 107
188 110
188 119
188 121
188 129
188 134
188 135
188 140
188 145
188 146
188 158
188 165
188 168
188 169
188 171
188 174
188 180
188 182
188 191
188 199
189 2
189 7
189 10
189 18
189 24
189 26
189 28
189 30
189 31
189 39
189 40
189 41
189 42
189 45
189 48
189 51
189 52
189 59
189 65
189 66
189 74
189 77
189 84
189 91
189 100
189 102
189 107
189 111
189 115
189 123
189 139
189 142
189 156
189 157
189 172
189 185
189 190
189 191
190 5
190 8
190 12
190 28
190 33
190 34
190 36
190 39
190 41
190 42
190 44
190 51
190 55
190 58
190 60
190 63
190 79
190 83
190 95
190 96
190 102
190 105
190 109
190 116
190 117
190 120
190 121
190 129
190 142
190 151
190 152
190 154
190 156
190 164
190 166
190 168
190 178
190 187
190 189
190 192
190 196
191 21
191 25
191 28
191 36
191 43
191 45
191 46
191 64
191 70
191 72
191 73
191 89
191 91
191 94
191 97
191 98
191 103
191 105
191 113
191 114
191 115
191 118
191 120
191 137
191 142
191 145
191 146
191 152
191 155
191 156
191 159
191 171
191 182
191 184
191 186
191 187
191 188
191 189
191 193
191 197
191 198
191 199
192 2
192 5
192 15
192 20
192 24
192 27
192 33
192 42
192 43
192 51
192 58
192 63
192 66
192 67
192 68
192 69
192 75
192 77
192 78
192 84
192 85
192 86
192 87
192 90
192 95
192 100
192 101
192 106
192 108
192 109
192 115
192 128
192 135
192 137
192 138
192 152
192 157
192 163
192 164
192 171
192 175
192 183
192 186
192 190
192 197
192 199
193 13
193 26
193 27
193 29
193 39
193 51
193 52
193 53
193 56
193 57
193 59
193 63
193 66
193 69
193 71
193 75
193 79
193 82
193 87
193 89
193 94
193 102
193 107
193 115
193 117
193 118
193 119
193 132
193 138
193 141
193 147
193 148
193 160
193 164
193 167
193 173
193 174
193 175
193 181
193 184
193 185
193 191
193 195
193 197
193 199
194 5
194 12
194 17
194 19
194 22
194 31
194 38
194 39
194 44
194 50
194 55
194 56
194 62
194 69
194 73
194 75
194 76
194 85
194 101
194 105
194 106
194 109
194 113
194 121
194 122
194 129
194 139
194 142
194 148
194 156
194 159
194 165
194 171
194 184
194 185
195 8
195 10
195 13
195 14
195 16
195 17
195 18
195 33
195 35
195 41
195 43
195 44
195 46
195 47
195 54
195 61
195 65
195 66
195 72
195 77
195 79
195 83
195 87
195 94
195 95
195 109
195 124
195 126
195 129
195 132
195 143
195 154
195 159
195 162
195 163
195 164
195 165
195 169
195 170
195 171
195 175
195 181
195 182
195 184
195 185
195 193
195 196
196 5
196 15
196 17
196 18
196 23
196 24
196 26
196 28
196 32
196 33
196 34
196 37
196 38
196 39
196 41
196 44
196 47
196 51
196 52
196 56
196 60
196 72
196 86
196 91
196 96
196 103
196 120
196 135
196 136
196 142
196 143
196 144
196 147
196 148
196 169
196 174
196 179
196 180
196 184
196 186
196 190
196 195
197 2
197 8
197 11
197 15
197 23
197 25
197 30
197 39
197 44
197 48
197 51
197 60
197 63
197 66
197 69
197 72
197 75
197 78
197 82
197 100
197 103
197 104
197 107
197 110
197 114
197 128
197 135
197 141
197 147
197 156
197 158
197 170
197 179
197 191
197 192
197 193
197 198
198 4
198 11
198 15
198 18
198 20
198 22
198 24
198 29
198 34
198 53
198 67
198 69
198 71
198 76
198 79
198 84
198 86
198 94
198 97
198 100
198 103
198 111
198 124
198 125
198 127
198 147
198 149
198 150
198 160
198 173
198 179
198 183
198 186
198 191
198 197
199 5
199 16
199 20
199 22
199 23
199 27
199 29
199 34
199 42
199 43
199 50
199 52
199 55
199 57
199 58
199 59
199 64
199 70
199 71
199 74
199 79
199 80
199 84
199 86
199 90
199 95
199 99
199 100
199 102
199 106
199 112
199 113
199 117
199 120
199 123
199 124
199 131
199 142
199 147
199 151
199 159
199 162
199 164
199 166
199 174
199 178
199 183
199 188
199 191
199 192
199 193