500 6210
0 7
0 17
0 27
0 49
0 60
0 63
0 67
0 68
0 83
0 100
0 111
0 161
0 197
0 204
0 212
0 219
0 226
0 246
0 277
0 303
0 309
0 343
0 348
0 362
0 407
0 438
0 440
0 444
0 463
0 478
0 496
1 2
1 21
1 35
1 62
1 93
1 104
1 131
1 153
1 166
1 172
1 216
1 253
1 344
1 347
1 370
1 371
1 400
1 408
1 435
1 443
1 446
1 499
2 1
2 3
2 7
2 31
2 80
2 103
2 185
2 201
2 205
2 219
2 237
2 245
2 254
2 264
2 277
2 307
2 311
2 319
2 355
2 409
2 418
2 456
2 470
2 474
2 480
3 2
3 4
3 15
3 35
3 38
3 81
3 84
3 93
3 109
3 170
3 174
3 188
3 211
3 214
3 220
3 250
3 253
3 268
3 303
3 316
3 329
3 340
3 363
3 367
3 368
3 434
3 456
3 469
4 3
4 16
4 17
4 36
4 110
4 115
4 136
4 219
4 349
4 356
4 364
4 413
4 436
4 448
4 489
4 499
5 36
5 55
5 75
5 84
5 86
5 111
5 112
5 155
5 160
5 164
5 225
5 321
5 344
5 346
5 352
5 353
5 358
5 368
5 387
5 444
5 456
5 475
5 489
5 492
6 14
6 31
6 36
6 47
6 55
6 84
6 114
6 169
6 181
6 185
6 223
6 281
6 282
6 311
6 317
6 332
6 346
6 347
6 348
6 350
6 386
6 397
6 422
6 429
7 0
7 2
7 11
7 13
7 27
7 39
7 66
7 84
7 87
7 97
7 100
7 143
7 162
7 200
7 281
7 290
7 312
7 393
7 397
7 461
7 498
8 11
8 22
8 43
8 54
8 65
8 70
8 80
8 82
8 94
8 101
8 117
8 122
8 134
8 135
8 163
8 173
8 182
8 204
8 218
8 222
8 224
8 243
8 273
8 301
8 313
8 327
8 365
8 387
8 388
8 393
8 412
8 441
9 22
9 36
9 47
9 51
9 93
9 96
9 107
9 177
9 195
9 261
9 286
9 314
9 343
9 371
9 394
9 401
9 407
9 412
9 428
9 440
9 445
9 461
9 466
9 468
9 472
9 496
10 32
10 81
10 108
10 157
10 169
10 171
10 181
10 234
10 246
10 250
10 277
10 281
10 310
10 333
10 354
10 363
10 370
10 389
10 400
10 406
10 412
10 425
10 450
10 455
10 461
10 493
11 7
11 8
11 65
11 82
11 93
11 119
11 133
11 197
11 273
11 302
11 306
11 328
11 340
11 359
11 373
11 383
11 386
11 435
11 436
11 483
12 14
12 15
12 29
12 35
12 67
12 75
12 80
12 87
12 88
12 98
12 120
12 132
12 167
12 181
12 193
12 238
12 269
12 295
12 314
12 327
12 330
12 356
12 364
12 374
12 385
12 403
12 404
12 418
12 420
12 485
13 7
13 23
13 36
13 50
13 53
13 78
13 84
13 88
13 92
13 96
13 125
13 144
13 149
13 188
13 197
13 214
13 236
13 248
13 253
13 277
13 295
13 301
13 352
13 368
13 385
13 404
13 415
13 419
13 435
13 460
13 476
13 488
14 6
14 12
14 26
14 31
14 52
14 100
14 105
14 125
14 146
14 147
14 166
14 212
14 221
14 232
14 233
14 235
14 239
14 255
14 271
14 299
14 301
14 315
14 375
14 433
14 438
14 445
14 452
14 482
14 497
15 3
15 12
15 29
15 88
15 109
15 152
15 178
15 181
15 244
15 249
15 257
15 288
15 299
15 373
15 417
15 458
15 459
15 491
16 4
16 20
16 27
16 29
16 89
16 97
16 110
16 113
16 121
16 129
16 164
16 179
16 186
16 193
16 194
16 200
16 211
16 225
16 256
16 288
16 308
16 356
16 370
16 379
16 421
16 425
16 427
16 446
16 451
16 491
17 0
17 4
17 40
17 42
17 49
17 106
17 152
17 154
17 156
17 157
17 195
17 221
17 338
17 401
17 426
17 438
17 466
17 484
17 497
18 22
18 33
18 36
18 45
18 61
18 102
18 109
18 158
18 162
18 176
18 206
18 240
18 247
18 251
18 283
18 311
18 326
18 335
18 350
18 371
18 409
18 413
18 414
18 454
18 460
18 485
18 493
18 494
18 498
19 28
19 37
19 48
19 52
19 55
19 67
19 77
19 82
19 133
19 142
19 149
19 195
19 199
19 262
19 383
19 405
19 419
19 430
19 438
20 16
20 53
20 151
20 182
20 203
20 247
20 269
20 294
20 302
20 336
20 371
20 393
21 1
21 34
21 78
21 100
21 120
21 162
21 168
21 169
21 251
21 275
21 314
21 316
21 336
21 362
21 371
21 430
21 447
21 454
21 458
21 478
21 481
21 484
21 488
21 489
21 495
22 8
22 9
22 18
22 32
22 47
22 53
22 62
22 63
22 79
22 103
22 135
22 139
22 158
22 230
22 234
22 283
22 288
22 301
22 309
22 321
22 339
22 340
22 342
22 348
22 370
22 430
22 475
22 480
23 13
23 25
23 37
23 43
23 65
23 71
23 87
23 128
23 160
23 190
23 199
23 202
23 203
23 208
23 211
23 235
23 241
23 253
23 271
23 276
23 314
23 321
23 336
23 341
23 350
23 367
23 371
23 375
23 382
23 394
23 400
23 407
23 423
23 444
23 466
23 473
23 479
23 482
23 487
24 49
24 63
24 68
24 80
24 86
24 96
24 132
24 215
24 226
24 239
24 297
24 314
24 321
24 348
24 358
24 386
24 420
24 425
24 456
24 497
24 498
25 23
25 60
25 67
25 69
25 70
25 89
25 110
25 112
25 117
25 124
25 153
25 162
25 206
25 224
25 247
25 308
25 311
25 322
25 348
25 379
25 385
25 391
25 406
25 413
25 429
25 448
25 451
25 452
25 477
25 483
25 499
26 14
26 27
26 30
26 38
26 44
26 96
26 113
26 147
26 153
26 168
26 171
26 219
26 235
26 242
26 356
26 359
26 364
26 397
26 401
26 417
26 429
26 437
26 454
26 496
27 0
27 7
27 16
27 26
27 30
27 47
27 52
27 77
27 103
27 105
27 115
27 141
27 148
27 154
27 161
27 165
27 169
27 181
27 186
27 191
27 255
27 265
27 305
27 316
27 325
27 326
27 400
27 426
28 19
28 51
28 52
28 57
28 73
28 111
28 151
28 158
28 159
28 210
28 225
28 234
28 256
28 259
28 272
28 277
28 284
28 288
28 306
28 314
28 317
28 326
28 327
28 336
28 339
28 360
28 362
28 368
28 462
28 497
29 12
29 15
29 16
29 34
29 50
29 55
29 69
29 87
29 91
29 94
29 105
29 122
29 149
29 171
29 175
29 182
29 203
29 225
29 239
29 240
29 253
29 258
29 287
29 347
29 356
29 399
29 409
29 426
29 449
30 26
30 27
30 37
30 48
30 63
30 68
30 80
30 86
30 100
30 121
30 123
30 136
30 145
30 160
30 163
30 169
30 181
30 182
30 290
30 298
30 308
30 341
30 342
30 355
30 365
30 378
30 387
30 446
30 452
30 461
30 471
31 2
31 6
31 14
31 48
31 49
31 60
31 73
31 136
31 142
31 147
31 149
31 150
31 152
31 159
31 216
31 242
31 256
31 311
31 318
31 341
31 359
31 389
31 392
31 402
31 407
31 415
31 420
31 476
31 478
32 10
32 22
32 33
32 34
32 56
32 84
32 95
32 97
32 161
32 164
32 174
32 177
32 219
32 246
32 256
32 273
32 297
32 353
32 425
32 439
32 441
32 454
32 470
32 477
33 18
33 32
33 34
33 39
33 44
33 46
33 66
33 79
33 112
33 125
33 152
33 167
33 171
33 178
33 179
33 192
33 197
33 227
33 230
33 241
33 279
33 283
33 287
33 300
33 317
33 360
33 376
33 406
33 434
33 440
33 494
34 21
34 29
34 32
34 33
34 61
34 96
34 108
34 109
34 110
34 141
34 150
34 170
34 177
34 201
34 244
34 266
34 293
34 303
34 340
34 342
34 359
34 376
34 417
34 433
35 1
35 3
35 12
35 40
35 57
35 58
35 76
35 95
35 105
35 148
35 151
35 217
35 268
35 287
35 316
35 318
35 321
35 374
35 391
35 392
35 429
35 436
35 446
35 449
35 458
35 459
35 478
35 485
36 4
36 5
36 6
36 9
36 13
36 18
36 42
36 51
36 63
36 65
36 95
36 188
36 223
36 234
36 283
36 319
36 322
36 340
36 413
36 433
36 441
36 459
36 463
36 480
36 488
37 19
37 23
37 30
37 45
37 57
37 66
37 71
37 72
37 77
37 78
37 79
37 144
37 152
37 188
37 217
37 230
37 241
37 247
37 249
37 251
37 291
37 340
37 346
37 358
37 367
37 413
37 417
37 431
37 449
37 464
37 475
37 479
38 3
38 26
38 47
38 53
38 57
38 64
38 113
38 149
38 190
38 219
38 246
38 256
38 271
38 274
38 300
38 304
38 316
38 323
38 327
38 336
38 350
38 353
38 375
38 379
38 386
38 401
38 422
38 437
38 460
38 464
38 469
38 478
38 491
38 494
39 7
39 33
39 46
39 56
39 57
39 88
39 93
39 98
39 132
39 159
39 173
39 179
39 190
39 202
39 205
39 219
39 221
39 267
39 299
39 310
39 400
39 474
39 481
39 488
39 495
40 17
40 35
40 41
40 69
40 90
40 101
40 169
40 177
40 186
40 229
40 233
40 241
40 270
40 274
40 286
40 308
40 321
40 322
40 339
40 342
40 379
40 397
40 408
40 420
40 434
40 439
40 453
40 471
41 40
41 42
41 74
41 78
41 83
41 149
41 157
41 184
41 219
41 224
41 225
41 228
41 264
41 280
41 305
41 320
41 338
41 364
41 375
41 387
41 388
41 427
41 443
41 467
41 473
41 475
42 17
42 36
42 41
42 65
42 104
42 194
42 199
42 215
42 221
42 222
42 227
42 236
42 274
42 303
42 307
42 312
42 319
42 322
42 329
42 376
42 416
42 430
43 8
43 23
43 57
43 63
43 73
43 97
43 115
43 124
43 180
43 193
43 205
43 215
43 220
43 285
43 319
43 326
43 335
43 339
43 346
43 377
43 449
43 464
43 467
43 471
44 26
44 33
44 49
44 52
44 77
44 97
44 131
44 137
44 177
44 220
44 264
44 284
44 299
44 329
44 340
44 349
44 351
44 366
44 375
44 394
44 421
44 453
44 456
44 457
44 471
44 473
44 497
45 18
45 37
45 68
45 85
45 95
45 163
45 174
45 229
45 283
45 301
45 320
45 331
45 332
45 351
45 363
45 377
45 403
45 423
45 472
46 33
46 39
46 48
46 94
46 109
46 112
46 123
46 133
46 146
46 147
46 194
46 201
46 216
46 227
46 262
46 273
46 298
46 314
46 337
46 400
46 412
46 478
46 481
47 6
47 9
47 22
47 27
47 38
47 62
47 74
47 102
47 120
47 141
47 170
47 197
47 238
47 281
47 292
47 293
47 341
47 382
47 389
47 392
47 418
47 459
47 460
48 19
48 30
48 31
48 46
48 66
48 68
48 69
48 82
48 151
48 167
48 179
48 196
48 205
48 206
48 222
48 228
48 247
48 269
48 360
48 362
48 379
48 391
48 407
48 419
48 434
48 478
48 486
49 0
49 17
49 24
49 31
49 44
49 78
49 91
49 115
49 116
49 127
49 141
49 152
49 183
49 194
49 198
49 203
49 325
49 369
49 373
49 377
49 442
49 444
49 448
49 499
50 13
50 29
50 53
50 109
50 116
50 118
50 143
50 200
50 277
50 285
50 329
50 358
50 366
50 386
50 388
50 390
50 405
50 410
50 423
50 442
50 481
51 9
51 28
51 36
51 78
51 90
51 121
51 162
51 197
51 198
51 208
51 261
51 279
51 306
51 308
51 311
51 331
51 368
51 382
51 404
51 409
51 413
51 422
51 456
51 478
51 480
51 486
52 14
52 19
52 27
52 28
52 44
52 162
52 168
52 174
52 244
52 251
52 299
52 301
52 308
52 321
52 343
52 368
52 417
52 436
52 449
52 462
52 465
53 13
53 20
53 22
53 38
53 50
53 102
53 109
53 114
53 139
53 171
53 180
53 215
53 218
53 224
53 231
53 238
53 259
53 274
53 290
53 303
53 351
53 356
53 382
53 383
53 417
53 429
53 464
53 486
53 490
54 8
54 61
54 110
54 114
54 134
54 140
54 162
54 165
54 171
54 217
54 238
54 258
54 283
54 293
54 312
54 317
54 335
54 343
54 356
54 382
54 411
54 415
54 429
54 438
54 459
54 479
54 484
54 493
55 5
55 6
55 19
55 29
55 72
55 121
55 130
55 157
55 163
55 190
55 198
55 210
55 289
55 311
55 316
55 322
55 332
55 399
55 418
55 456
55 473
56 32
56 39
56 67
56 79
56 83
56 85
56 91
56 99
56 127
56 201
56 238
56 260
56 271
56 299
56 302
56 311
56 330
56 382
56 394
56 435
56 450
56 452
56 460
56 461
56 495
57 28
57 35
57 37
57 38
57 39
57 43
57 120
57 157
57 189
57 209
57 234
57 279
57 324
57 341
57 392
57 393
57 395
57 399
57 400
57 404
57 421
57 429
57 464
57 485
57 497
58 35
58 69
58 88
58 97
58 135
58 136
58 166
58 167
58 170
58 231
58 255
58 270
58 329
58 334
58 380
58 399
58 410
58 464
59 147
59 230
59 231
59 248
59 258
59 284
59 288
59 305
59 308
59 315
59 323
59 346
59 351
59 386
59 412
59 417
59 420
59 427
59 435
59 464
59 497
60 0
60 25
60 31
60 72
60 85
60 125
60 157
60 191
60 199
60 227
60 230
60 236
60 241
60 288
60 311
60 359
60 371
60 374
60 388
60 397
60 405
60 409
60 436
60 446
60 485
61 18
61 34
61 54
61 78
61 85
61 88
61 149
61 204
61 219
61 239
61 250
61 251
61 254
61 266
61 277
61 298
61 309
61 310
61 323
61 328
61 335
61 355
61 356
61 357
61 458
61 466
61 471
61 484
61 490
62 1
62 22
62 47
62 99
62 152
62 162
62 168
62 188
62 194
62 212
62 222
62 273
62 300
62 324
62 332
62 359
62 374
62 375
62 414
62 440
62 453
62 468
62 474
62 478
62 497
63 0
63 22
63 24
63 30
63 36
63 43
63 73
63 97
63 100
63 105
63 112
63 138
63 153
63 162
63 177
63 229
63 234
63 249
63 270
63 279
63 298
63 327
63 377
63 391
63 398
63 414
63 417
63 432
63 444
63 449
63 465
63 473
63 481
64 38
64 68
64 73
64 82
64 105
64 106
64 107
64 161
64 174
64 184
64 190
64 191
64 201
64 238
64 241
64 261
64 299
64 303
64 386
64 391
64 401
64 403
64 450
64 477
64 479
65 8
65 11
65 23
65 36
65 42
65 106
65 133
65 154
65 155
65 159
65 165
65 167
65 185
65 201
65 210
65 252
65 259
65 263
65 265
65 320
65 325
65 377
65 382
65 415
65 429
65 450
65 452
65 497
65 499
66 7
66 33
66 37
66 48
66 77
66 82
66 90
66 91
66 93
66 112
66 164
66 165
66 192
66 238
66 246
66 254
66 273
66 288
66 321
66 331
66 356
66 376
66 456
66 477
67 0
67 12
67 19
67 25
67 56
67 74
67 82
67 97
67 126
67 176
67 180
67 200
67 202
67 214
67 250
67 267
67 378
67 386
67 395
67 444
67 492
67 494
67 495
68 0
68 24
68 30
68 45
68 48
68 64
68 102
68 104
68 116
68 123
68 125
68 147
68 186
68 190
68 235
68 248
68 267
68 284
68 305
68 353
68 363
68 381
68 390
68 405
68 429
68 467
68 494
69 25
69 29
69 40
69 48
69 58
69 75
69 77
69 87
69 105
69 119
69 128
69 133
69 142
69 146
69 152
69 177
69 182
69 219
69 225
69 248
69 273
69 282
69 288
69 299
69 310
69 357
69 370
69 429
69 449
69 450
69 464
69 476
69 483
69 486
70 8
70 25
70 93
70 141
70 239
70 242
70 295
70 296
70 377
70 388
70 390
70 404
70 410
70 422
70 434
71 23
71 37
71 78
71 114
71 124
71 143
71 153
71 181
71 198
71 211
71 254
71 275
71 290
71 323
71 371
71 431
71 436
71 441
71 480
71 485
72 37
72 55
72 60
72 89
72 104
72 115
72 145
72 151
72 157
72 165
72 201
72 206
72 215
72 227
72 240
72 294
72 297
72 315
72 323
72 331
72 359
72 411
72 422
72 464
72 483
72 484
72 494
72 495
73 28
73 31
73 43
73 63
73 64
73 106
73 108
73 111
73 116
73 196
73 212
73 240
73 243
73 264
73 290
73 297
73 326
73 335
73 353
73 396
74 41
74 47
74 67
74 88
74 132
74 160
74 187
74 191
74 205
74 320
74 325
74 451
74 482
75 5
75 12
75 69
75 81
75 96
75 137
75 143
75 166
75 219
75 220
75 238
75 239
75 240
75 254
75 265
75 296
75 308
75 312
75 357
75 375
75 384
75 392
75 394
75 401
75 428
75 468
75 473
76 35
76 92
76 130
76 139
76 165
76 167
76 179
76 194
76 195
76 197
76 262
76 289
76 308
76 374
76 454
76 455
76 481
77 19
77 27
77 37
77 44
77 66
77 69
77 95
77 197
77 244
77 257
77 261
77 265
77 299
77 304
77 305
77 306
77 319
77 327
77 333
77 334
77 340
77 357
77 396
77 425
77 426
77 427
77 441
77 462
78 13
78 21
78 37
78 41
78 49
78 51
78 61
78 71
78 83
78 102
78 105
78 165
78 201
78 214
78 221
78 242
78 247
78 260
78 261
78 269
78 272
78 279
78 302
78 308
78 316
78 362
78 363
78 398
78 400
78 401
78 407
78 408
78 443
78 487
79 22
79 33
79 37
79 56
79 88
79 113
79 151
79 186
79 189
79 194
79 200
79 209
79 217
79 223
79 227
79 235
79 283
79 305
79 326
79 341
79 359
79 392
79 433
79 487
79 493
80 2
80 8
80 12
80 24
80 30
80 125
80 126
80 148
80 152
80 162
80 166
80 195
80 203
80 219
80 220
80 227
80 263
80 273
80 284
80 287
80 324
80 344
80 362
80 387
80 416
80 440
80 442
80 457
80 481
80 483
81 3
81 10
81 75
81 101
81 120
81 122
81 158
81 183
81 190
81 193
81 208
81 220
81 245
81 260
81 299
81 308
81 315
81 317
81 327
81 346
81 348
81 365
81 393
81 409
81 411
81 424
81 437
81 441
81 460
81 479
81 483
82 8
82 11
82 19
82 48
82 64
82 66
82 67
82 127
82 149
82 204
82 252
82 273
82 281
82 286
82 314
82 324
82 334
82 339
82 424
82 427
82 435
82 439
82 471
82 475
82 477
82 483
83 0
83 41
83 56
83 78
83 103
83 105
83 111
83 121
83 122
83 189
83 214
83 247
83 316
83 326
83 338
83 415
83 425
83 447
83 449
83 450
83 466
83 468
83 478
83 492
84 3
84 5
84 6
84 7
84 13
84 32
84 90
84 104
84 213
84 214
84 236
84 279
84 295
84 299
84 320
84 348
84 384
84 452
84 473
84 483
84 488
84 492
85 45
85 56
85 60
85 61
85 163
85 181
85 218
85 233
85 246
85 288
85 302
85 347
85 353
85 368
85 390
85 411
85 455
85 461
85 465
85 473
86 5
86 24
86 30
86 97
86 156
86 189
86 193
86 197
86 199
86 295
86 314
86 318
86 323
86 326
86 364
86 372
86 401
86 409
86 414
86 459
86 495
87 7
87 12
87 23
87 29
87 69
87 182
87 232
87 263
87 291
87 337
87 342
87 345
87 347
87 369
87 370
87 382
87 445
87 493
88 12
88 13
88 15
88 39
88 58
88 61
88 74
88 79
88 99
88 106
88 127
88 149
88 169
88 176
88 193
88 221
88 223
88 238
88 274
88 329
88 336
88 348
88 353
88 367
88 369
88 383
88 396
88 420
88 423
88 436
89 16
89 25
89 72
89 100
89 111
89 120
89 125
89 149
89 205
89 215
89 229
89 232
89 242
89 278
89 300
89 303
89 332
89 342
89 345
89 417
89 463
89 465
89 477
89 484
89 491
89 498
90 40
90 51
90 66
90 84
90 133
90 185
90 214
90 247
90 248
90 342
90 354
90 370
90 401
90 419
90 434
90 438
90 485
91 29
91 49
91 56
91 66
91 119
91 147
91 155
91 193
91 233
91 261
91 296
91 305
91 318
91 324
91 331
91 359
91 379
91 390
91 425
91 436
91 450
91 464
91 480
91 494
92 13
92 76
92 93
92 115
92 125
92 151
92 179
92 181
92 184
92 191
92 201
92 205
92 207
92 251
92 254
92 261
92 318
92 319
92 338
92 376
92 382
92 409
92 411
92 458
92 474
92 477
92 486
93 1
93 3
93 9
93 11
93 39
93 66
93 70
93 92
93 124
93 145
93 148
93 150
93 156
93 170
93 203
93 218
93 254
93 262
93 296
93 305
93 319
93 323
93 385
93 440
93 474
93 488
94 8
94 29
94 46
94 105
94 151
94 160
94 162
94 164
94 177
94 191
94 193
94 211
94 226
94 248
94 271
94 277
94 293
94 309
94 315
94 327
94 398
94 402
94 403
94 412
94 423
94 449
95 32
95 35
95 36
95 45
95 77
95 108
95 127
95 174
95 184
95 223
95 233
95 234
95 254
95 259
95 262
95 264
95 289
95 291
95 321
95 324
95 345
95 357
95 381
95 414
95 450
95 498
96 9
96 13
96 24
96 26
96 34
96 75
96 104
96 129
96 147
96 160
96 164
96 203
96 232
96 268
96 321
96 323
96 326
96 331
96 339
96 345
96 422
96 428
96 430
96 433
96 466
96 476
97 7
97 16
97 32
97 43
97 44
97 58
97 63
97 67
97 86
97 105
97 163
97 174
97 176
97 208
97 238
97 242
97 255
97 307
97 311
97 317
97 331
97 344
97 386
97 395
97 399
97 413
97 418
97 462
97 479
98 12
98 39
98 107
98 109
98 140
98 152
98 157
98 213
98 233
98 237
98 265
98 330
98 347
98 365
98 373
98 374
98 388
98 393
98 403
98 416
98 422
98 469
98 476
99 56
99 62
99 88
99 103
99 111
99 129
99 167
99 176
99 200
99 217
99 221
99 228
99 245
99 268
99 269
99 283
99 285
99 309
99 320
99 321
99 322
99 341
99 360
99 382
99 386
99 394
99 447
99 458
99 482
100 0
100 7
100 14
100 21
100 30
100 63
100 89
100 111
100 156
100 171
100 176
100 197
100 250
100 279
100 311
100 314
100 326
100 364
100 398
100 420
100 468
100 495
100 497
101 8
101 40
101 81
101 114
101 124
101 145
101 147
101 151
101 176
101 208
101 217
101 234
101 237
101 242
101 280
101 294
101 322
101 385
101 389
101 393
101 405
101 406
101 432
101 434
101 449
101 473
101 487
101 489
101 492
102 18
102 47
102 53
102 68
102 78
102 103
102 107
102 115
102 118
102 119
102 124
102 127
102 128
102 146
102 168
102 190
102 209
102 223
102 227
102 252
102 259
102 265
102 267
102 293
102 321
102 323
102 339
102 358
102 385
102 387
102 390
102 394
102 469
102 487
103 2
103 22
103 27
103 83
103 99
103 102
103 104
103 105
103 120
103 129
103 141
103 143
103 156
103 171
103 174
103 200
103 205
103 207
103 211
103 234
103 239
103 273
103 283
103 313
103 340
103 364
103 421
103 447
103 470
103 494
104 1
104 42
104 68
104 72
104 84
104 96
104 103
104 105
104 164
104 201
104 212
104 288
104 303
104 358
104 403
104 455
104 457
104 470
105 14
105 27
105 29
105 35
105 63
105 64
105 69
105 78
105 83
105 94
105 97
105 103
105 104
105 139
105 150
105 180
105 192
105 194
105 197
105 248
105 262
105 282
105 304
105 330
105 336
105 343
105 374
105 451
105 473
105 485
105 491
106 17
106 64
106 65
106 73
106 88
106 139
106 158
106 245
106 290
106 301
106 326
106 414
106 415
106 445
106 451
106 468
106 490
106 494
107 9
107 64
107 98
107 102
107 141
107 160
107 166
107 171
107 211
107 220
107 245
107 263
107 277
107 279
107 288
107 303
107 312
107 341
107 354
107 370
107 374
107 397
107 403
107 419
107 447
107 449
107 454
107 469
107 474
107 489
107 490
108 10
108 34
108 73
108 95
108 114
108 119
108 124
108 136
108 137
108 138
108 145
108 159
108 162
108 171
108 180
108 191
108 197
108 200
108 205
108 214
108 268
108 273
108 313
108 331
108 358
108 379
108 385
108 401
108 431
108 496
109 3
109 15
109 18
109 34
109 46
109 50
109 53
109 98
109 149
109 162
109 198
109 204
109 211
109 251
109 263
109 329
109 341
109 347
109 400
109 481
109 486
110 4
110 16
110 25
110 34
110 54
110 119
110 137
110 144
110 153
110 184
110 192
110 204
110 228
110 261
110 284
110 304
110 313
110 334
110 349
110 356
110 364
110 380
110 401
110 437
110 463
110 468
110 476
110 482
110 489
111 0
111 5
111 28
111 73
111 83
111 89
111 99
111 100
111 115
111 130
111 139
111 220
111 231
111 238
111 244
111 249
111 330
111 345
111 432
111 452
111 472
112 5
112 25
112 33
112 46
112 63
112 66
112 154
112 201
112 210
112 219
112 243
112 271
112 290
112 318
112 371
112 392
112 405
112 407
112 451
112 481
113 16
113 26
113 38
113 79
113 115
113 120
113 124
113 157
113 164
113 172
113 176
113 203
113 217
113 235
113 241
113 254
113 288
113 348
113 351
113 359
113 376
113 423
113 439
113 442
113 483
113 490
113 496
114 6
114 53
114 54
114 71
114 101
114 108
114 130
114 143
114 156
114 216
114 217
114 239
114 247
114 268
114 269
114 298
114 349
114 387
114 393
114 401
114 413
114 427
114 465
114 491
114 499
115 4
115 27
115 43
115 49
115 72
115 92
115 102
115 111
115 113
115 187
115 232
115 244
115 254
115 263
115 264
115 274
115 293
115 309
115 331
115 346
115 369
115 380
115 385
115 394
115 395
115 416
115 434
115 435
115 471
115 473
115 485
115 488
116 49
116 50
116 68
116 73
116 143
116 180
116 208
116 216
116 236
116 248
116 307
116 327
116 333
116 340
116 410
116 422
116 432
116 462
116 470
117 8
117 25
117 123
117 143
117 166
117 198
117 210
117 239
117 247
117 249
117 268
117 277
117 331
117 373
117 386
117 399
117 419
117 449
117 473
117 483
117 488
118 50
118 102
118 134
118 162
118 187
118 194
118 206
118 230
118 245
118 278
118 321
118 383
118 387
118 394
118 406
118 424
118 426
118 431
118 449
118 461
119 11
119 69
119 91
119 102
119 108
119 110
119 124
119 134
119 192
119 203
119 209
119 218
119 264
119 283
119 296
119 309
119 336
119 341
119 370
119 375
119 376
119 393
119 416
119 427
119 429
119 437
119 447
119 492
120 12
120 21
120 47
120 57
120 81
120 89
120 103
120 113
120 155
120 159
120 172
120 184
120 194
120 205
120 210
120 212
120 217
120 223
120 289
120 302
120 318
120 334
120 336
120 337
120 361
120 373
120 398
120 428
120 444
120 474
120 477
120 487
121 16
121 30
121 51
121 55
121 83
121 148
121 183
121 211
121 227
121 247
121 254
121 323
121 324
121 337
121 398
121 409
121 432
121 459
121 475
121 481
121 498
122 8
122 29
122 81
122 83
122 146
122 226
122 247
122 276
122 277
122 283
122 303
122 309
122 355
122 386
122 396
122 479
123 30
123 46
123 68
123 117
123 142
123 148
123 153
123 177
123 187
123 188
123 266
123 291
123 358
123 403
123 427
124 25
124 43
124 71
124 93
124 101
124 102
124 108
124 113
124 119
124 201
124 220
124 227
124 232
124 241
124 246
124 250
124 251
124 253
124 256
124 263
124 283
124 298
124 305
124 329
124 330
124 384
124 393
124 406
124 439
124 441
124 478
124 488
125 13
125 14
125 33
125 60
125 68
125 80
125 89
125 92
125 141
125 166
125 172
125 189
125 197
125 212
125 213
125 217
125 225
125 236
125 249
125 256
125 275
125 363
125 406
125 410
125 428
125 452
125 457
125 484
125 487
125 489
125 498
125 499
126 67
126 80
126 138
126 143
126 168
126 215
126 217
126 226
126 286
126 305
126 308
126 316
126 321
126 333
126 366
126 385
126 442
126 484
126 489
126 498
127 49
127 56
127 82
127 88
127 95
127 102
127 165
127 243
127 273
127 298
127 335
127 339
127 344
127 374
127 381
127 383
127 389
127 401
127 402
127 413
127 454
128 23
128 69
128 102
128 146
128 202
128 217
128 241
128 245
128 319
128 379
128 412
128 461
128 464
128 488
129 16
129 96
129 99
129 103
129 144
129 167
129 177
129 178
129 207
129 227
129 231
129 236
129 250
129 262
129 394
129 429
129 434
129 446
129 453
129 478
129 483
130 55
130 76
130 111
130 114
130 150
130 178
130 187
130 205
130 209
130 210
130 211
130 223
130 224
130 252
130 266
130 292
130 303
130 314
130 332
130 334
130 384
130 392
130 404
130 406
130 410
131 1
131 44
131 141
131 143
131 154
131 166
131 182
131 183
131 184
131 287
131 308
131 332
131 353
131 355
131 375
131 378
131 386
131 387
131 405
131 448
131 456
131 477
132 12
132 24
132 39
132 74
132 142
132 145
132 188
132 199
132 206
132 212
132 218
132 226
132 275
132 294
132 315
132 334
132 337
132 352
132 391
132 398
132 426
132 427
132 460
132 467
133 11
133 19
133 46
133 65
133 69
133 90
133 166
133 170
133 234
133 433
133 445
133 473
133 485
133 496
133 498
134 8
134 54
134 118
134 119
134 173
134 182
134 188
134 199
134 200
134 220
134 223
134 233
134 256
134 261
134 267
134 306
134 336
134 376
134 409
134 430
134 438
134 444
134 457
134 479
135 8
135 22
135 58
135 137
135 139
135 183
135 232
135 242
135 270
135 286
135 288
135 303
135 314
135 323
135 348
135 385
135 390
135 391
135 394
135 398
135 406
135 417
135 443
135 496
136 4
136 30
136 31
136 58
136 108
136 147
136 164
136 169
136 268
136 274
136 275
136 276
136 317
136 339
136 357
136 411
136 417
136 433
136 444
136 451
136 490
136 495
137 44
137 75
137 108
137 110
137 135
137 149
137 156
137 198
137 219
137 241
137 262
137 303
137 351
137 388
137 400
137 404
137 460
137 466
137 468
137 484
137 487
137 493
138 63
138 108
138 126
138 143
138 148
138 155
138 189
138 212
138 222
138 256
138 275
138 325
138 338
138 348
138 368
138 378
138 397
138 420
138 432
138 448
138 470
138 473
138 490
139 22
139 53
139 76
139 105
139 106
139 111
139 135
139 147
139 175
139 196
139 249
139 259
139 283
139 290
139 333
139 366
139 395
139 412
139 420
139 421
139 443
139 478
139 483
139 486
139 487
140 54
140 98
140 149
140 212
140 218
140 234
140 264
140 353
140 356
140 367
140 409
140 411
140 414
140 428
140 468
140 476
140 499
141 27
141 34
141 47
141 49
141 70
141 103
141 107
141 125
141 131
141 165
141 190
141 211
141 232
141 320
141 337
141 339
141 358
141 407
141 442
141 483
141 494
141 497
142 19
142 31
142 69
142 123
142 132
142 165
142 167
142 198
142 209
142 225
142 247
142 272
142 276
142 311
142 320
142 330
142 399
142 425
142 459
142 467
142 487
143 7
143 50
143 71
143 75
143 103
143 114
143 116
143 117
143 126
143 131
143 138
143 185
143 192
143 208
143 237
143 260
143 295
143 298
143 308
143 312
143 342
143 345
143 426
143 461
143 483
143 487
144 13
144 37
144 110
144 129
144 155
144 169
144 180
144 252
144 261
144 312
144 374
144 383
144 397
144 406
144 413
144 418
144 419
144 442
144 458
144 488
145 30
145 72
145 93
145 101
145 108
145 132
145 179
145 236
145 243
145 253
145 275
145 276
145 291
145 308
145 320
145 328
145 370
145 402
145 431
145 452
145 456
145 474
145 489
145 492
145 494
145 495
146 14
146 46
146 69
146 102
146 122
146 128
146 167
146 173
146 236
146 260
146 270
146 281
146 317
146 365
146 377
146 379
146 383
146 396
146 429
146 465
146 490
146 493
147 14
147 26
147 31
147 46
147 59
147 68
147 91
147 96
147 101
147 136
147 139
147 159
147 171
147 197
147 205
147 212
147 217
147 228
147 229
147 253
147 272
147 284
147 318
147 319
147 384
147 404
147 416
147 433
147 451
147 459
147 472
147 478
148 27
148 35
148 80
148 93
148 121
148 123
148 138
148 149
148 173
148 174
148 175
148 185
148 186
148 251
148 264
148 266
148 271
148 275
148 285
148 399
148 406
148 410
148 411
148 436
148 474
149 13
149 19
149 29
149 31
149 38
149 41
149 61
149 82
149 88
149 89
149 109
149 137
149 140
149 148
149 159
149 171
149 189
149 222
149 229
149 263
149 270
149 275
149 289
149 293
149 302
149 318
149 323
149 362
149 406
149 439
149 461
150 31
150 34
150 93
150 105
150 130
150 155
150 157
150 176
150 178
150 201
150 215
150 237
150 283
150 306
150 309
150 316
150 317
150 337
150 338
150 348
150 360
150 394
150 396
150 397
150 434
150 440
150 442
150 455
150 465
150 486
151 20
151 28
151 35
151 48
151 72
151 79
151 92
151 94
151 101
151 157
151 176
151 192
151 210
151 222
151 223
151 234
151 236
151 263
151 268
151 331
151 333
151 423
151 428
151 433
151 485
152 15
152 17
152 31
152 33
152 37
152 49
152 62
152 69
152 80
152 98
152 167
152 180
152 225
152 229
152 252
152 266
152 275
152 276
152 296
152 352
152 379
152 394
152 434
152 445
152 490
152 492
153 1
153 25
153 26
153 63
153 71
153 110
153 123
153 158
153 201
153 212
153 229
153 233
153 248
153 269
153 297
153 298
153 346
153 360
153 377
153 378
153 393
153 427
153 458
153 466
154 17
154 27
154 65
154 112
154 131
154 165
154 184
154 207
154 208
154 258
154 265
154 279
154 282
154 334
154 346
154 353
154 362
154 373
154 393
154 409
154 437
154 439
154 452
154 470
154 485
155 5
155 65
155 91
155 120
155 138
155 144
155 150
155 174
155 188
155 200
155 218
155 225
155 277
155 299
155 316
155 321
155 360
155 419
155 466
156 17
156 86
156 93
156 100
156 103
156 114
156 137
156 203
156 219
156 224
156 235
156 299
156 305
156 340
156 350
156 358
156 366
156 373
156 385
156 386
156 394
156 409
156 415
156 439
156 498
157 10
157 17
157 41
157 55
157 57
157 60
157 72
157 98
157 113
157 150
157 151
157 243
157 244
157 251
157 263
157 277
157 366
157 369
157 378
157 381
157 396
157 402
157 430
157 453
157 476
157 490
157 499
158 18
158 22
158 28
158 81
158 106
158 153
158 176
158 188
158 198
158 201
158 220
158 243
158 253
158 258
158 268
158 310
158 335
158 356
158 385
158 395
158 397
158 405
158 414
158 436
158 459
158 482
158 489
159 28
159 31
159 39
159 65
159 108
159 120
159 147
159 149
159 185
159 194
159 195
159 208
159 245
159 252
159 267
159 269
159 289
159 305
159 326
159 376
159 415
159 425
159 426
159 430
159 463
160 5
160 23
160 30
160 74
160 94
160 96
160 107
160 163
160 165
160 172
160 179
160 201
160 209
160 214
160 224
160 231
160 273
160 286
160 314
160 325
160 357
160 371
160 386
160 396
160 467
160 469
160 493
161 0
161 27
161 32
161 64
161 180
161 189
161 194
161 220
161 221
161 243
161 253
161 273
161 296
161 317
161 347
161 348
161 359
161 428
161 450
161 483
162 7
162 18
162 21
162 25
162 51
162 52
162 54
162 62
162 63
162 80
162 94
162 108
162 109
162 118
162 179
162 234
162 237
162 238
162 239
162 255
162 306
162 358
162 388
162 399
162 409
162 424
162 485
162 498
163 8
163 30
163 45
163 55
163 85
163 97
163 160
163 217
163 238
163 240
163 243
163 277
163 283
163 302
163 310
163 314
163 327
163 343
163 359
163 382
163 402
163 426
163 427
164 5
164 16
164 32
164 66
164 94
164 96
164 104
164 113
164 136
164 176
164 198
164 210
164 230
164 235
164 269
164 274
164 315
164 334
164 339
164 344
164 348
164 372
164 377
164 389
164 418
164 492
165 27
165 54
165 65
165 66
165 72
165 76
165 78
165 127
165 141
165 142
165 154
165 160
165 189
165 211
165 216
165 228
165 247
165 265
165 274
165 296
165 307
165 325
165 333
165 384
165 398
165 411
165 448
165 491
166 1
166 14
166 58
166 75
166 80
166 107
166 117
166 125
166 131
166 133
166 168
166 169
166 223
166 230
166 261
166 265
166 271
166 279
166 336
166 347
166 371
166 401
166 415
166 425
166 442
166 452
166 474
166 494
167 12
167 33
167 48
167 58
167 65
167 76
167 99
167 129
167 142
167 146
167 152
167 190
167 191
167 234
167 236
167 279
167 316
167 324
167 338
167 376
167 418
167 471
167 475
168 21
168 26
168 52
168 62
168 102
168 126
168 166
168 227
168 289
168 296
168 322
168 411
168 415
168 420
168 450
169 6
169 10
169 21
169 27
169 30
169 40
169 88
169 136
169 144
169 166
169 185
169 194
169 242
169 248
169 254
169 256
169 303
169 325
169 345
169 365
169 369
169 371
169 379
169 395
169 399
169 419
169 427
169 474
169 493
170 3
170 34
170 47
170 58
170 93
170 133
170 178
170 179
170 189
170 198
170 214
170 237
170 310
170 327
170 403
170 433
170 467
170 498
170 499
171 10
171 26
171 29
171 33
171 53
171 54
171 100
171 103
171 107
171 108
171 147
171 149
171 205
171 216
171 254
171 291
171 302
171 308
171 331
171 355
171 357
171 387
171 407
171 422
171 434
171 435
171 442
171 443
171 464
171 467
172 1
172 113
172 120
172 125
172 160
172 176
172 193
172 204
172 274
172 278
172 292
172 322
172 367
172 369
172 378
172 383
172 386
172 441
172 465
172 468
172 483
173 8
173 39
173 134
173 146
173 148
173 223
173 292
173 306
173 330
173 344
173 384
173 439
173 459
173 463
173 470
173 494
174 3
174 32
174 45
174 52
174 64
174 95
174 97
174 103
174 148
174 155
174 262
174 278
174 287
174 290
174 295
174 311
174 344
174 357
174 368
174 369
174 376
174 391
174 418
174 432
174 465
174 477
174 478
174 480
175 29
175 139
175 148
175 195
175 250
175 255
175 271
175 280
175 283
175 301
175 328
175 335
175 382
175 397
175 425
175 429
175 472
176 18
176 67
176 88
176 97
176 99
176 100
176 101
176 113
176 150
176 151
176 158
176 164
176 172
176 214
176 241
176 260
176 277
176 302
176 311
176 312
176 355
176 417
176 419
176 432
176 435
176 470
176 494
177 9
177 32
177 34
177 40
177 44
177 63
177 69
177 94
177 123
177 129
177 179
177 192
177 222
177 232
177 237
177 245
177 254
177 255
177 271
177 327
177 343
177 376
177 387
177 453
177 471
177 481
177 484
178 15
178 33
178 129
178 130
178 150
178 170
178 245
178 271
178 273
178 317
178 346
178 355
178 366
178 369
178 394
178 425
178 428
178 443
178 499
179 16
179 33
179 39
179 48
179 76
179 92
179 145
179 160
179 162
179 170
179 177
179 185
179 229
179 237
179 254
179 259
179 319
179 343
179 353
179 390
179 395
179 413
179 418
179 453
179 457
179 474
179 488
180 43
180 53
180 67
180 105
180 108
180 116
180 144
180 152
180 161
180 209
180 214
180 285
180 289
180 326
180 356
180 362
180 395
180 441
180 474
180 475
180 482
180 498
181 6
181 10
181 12
181 15
181 27
181 30
181 71
181 85
181 92
181 262
181 298
181 299
181 312
181 336
181 359
181 364
181 380
181 400
181 453
181 454
181 475
182 8
182 20
182 29
182 30
182 69
182 87
182 131
182 134
182 231
182 236
182 242
182 255
182 266
182 272
182 296
182 309
182 319
182 383
182 389
182 406
182 449
182 474
182 480
182 498
183 49
183 81
183 121
183 131
183 135
183 201
183 217
183 240
183 256
183 270
183 287
183 342
183 350
183 405
183 433
183 436
183 441
183 487
184 41
184 64
184 92
184 95
184 110
184 120
184 131
184 154
184 226
184 231
184 241
184 246
184 281
184 300
184 396
184 416
184 480
185 2
185 6
185 65
185 90
185 143
185 148
185 159
185 169
185 179
185 193
185 202
185 216
185 234
185 307
185 334
185 346
185 384
185 394
185 463
185 467
185 474
186 16
186 27
186 40
186 68
186 79
186 148
186 257
186 280
186 315
186 330
186 352
186 372
186 373
186 375
186 376
186 404
186 420
186 442
186 443
186 466
187 74
187 115
187 118
187 123
187 130
187 193
187 215
187 224
187 236
187 253
187 262
187 289
187 370
187 382
187 388
187 438
187 466
187 467
187 472
188 3
188 13
188 36
188 37
188 62
188 123
188 132
188 134
188 155
188 158
188 196
188 221
188 226
188 227
188 229
188 265
188 266
188 269
188 330
188 360
188 385
188 392
188 393
188 407
188 432
188 445
188 499
189 57
189 79
189 83
189 86
189 125
189 138
189 149
189 161
189 165
189 170
189 194
189 196
189 212
189 228
189 239
189 247
189 255
189 284
189 328
189 348
189 383
189 431
189 437
189 446
189 456
189 468
189 484
189 488
190 23
190 38
190 39
190 55
190 64
190 68
190 81
190 102
190 141
190 167
190 210
190 235
190 262
190 297
190 298
190 301
190 304
190 307
190 310
190 328
190 347
190 356
190 374
190 381
190 390
190 431
190 434
190 438
190 445
190 459
190 460
190 473
190 477
191 27
191 60
191 64
191 74
191 92
191 94
191 108
191 167
191 193
191 224
191 247
191 256
191 263
191 288
191 328
191 338
191 363
191 365
191 413
191 424
191 433
191 451
191 489
191 497
192 33
192 66
192 105
192 110
192 119
192 143
192 151
192 177
192 224
192 264
192 287
192 299
192 313
192 314
192 315
192 341
192 366
192 389
192 422
192 429
192 433
192 445
192 465
192 473
192 474
192 479
192 484
192 490
193 12
193 16
193 43
193 81
193 86
193 88
193 91
193 94
193 172
193 185
193 187
193 191
193 197
193 275
193 279
193 283
193 293
193 298
193 321
193 339
193 343
193 370
193 381
193 387
193 388
193 412
193 446
193 464
194 16
194 42
194 46
194 49
194 62
194 76
194 79
194 105
194 118
194 120
194 159
194 161
194 169
194 189
194 195
194 270
194 271
194 288
194 296
194 298
194 306
194 326
194 358
194 360
194 371
194 395
194 415
194 432
194 448
194 462
194 491
195 9
195 17
195 19
195 76
195 80
195 159
195 175
195 194
195 204
195 210
195 237
195 241
195 249
195 250
195 274
195 277
195 289
195 329
195 332
195 347
195 360
195 361
195 375
195 384
195 400
195 422
195 444
195 494
195 495
196 48
196 73
196 139
196 188
196 189
196 197
196 201
196 206
196 214
196 223
196 227
196 238
196 257
196 282
196 294
196 302
196 312
196 323
196 390
196 439
196 484
196 495
197 0
197 11
197 13
197 33
197 47
197 51
197 76
197 77
197 86
197 100
197 105
197 108
197 125
197 147
197 193
197 196
197 206
197 207
197 242
197 274
197 301
197 311
197 316
197 328
197 335
197 341
197 371
197 402
197 416
197 432
197 451
197 466
198 49
198 51
198 55
198 71
198 109
198 117
198 137
198 142
198 158
198 164
198 170
198 201
198 229
198 247
198 255
198 317
198 331
198 347
198 349
198 351
198 371
198 385
198 392
198 441
199 19
199 23
199 42
199 60
199 86
199 132
199 134
199 228
199 231
199 247
199 265
199 287
199 317
199 329
199 343
199 420
199 443
199 450
199 471
199 485
200 7
200 16
200 50
200 67
200 79
200 99
200 103
200 108
200 134
200 155
200 220
200 222
200 256
200 276
200 299
200 317
200 352
200 353
200 354
200 386
200 390
200 430
200 445
200 469
201 2
201 34
201 46
201 56
201 64
201 65
201 72
201 78
201 92
201 104
201 112
201 124
201 150
201 153
201 158
201 160
201 183
201 196
201 198
201 205
201 278
201 286
201 287
201 293
201 308
201 326
201 331
201 346
201 390
201 407
201 417
201 447
201 453
201 474
201 489
202 23
202 39
202 67
202 128
202 185
202 209
202 213
202 236
202 280
202 301
202 307
202 313
202 318
202 360
202 363
202 379
202 383
202 391
202 429
202 435
202 444
202 468
202 477
202 478
203 20
203 23
203 29
203 49
203 80
203 93
203 96
203 113
203 119
203 156
203 212
203 239
203 244
203 248
203 273
203 313
203 326
203 403
203 447
203 460
203 487
203 492
204 0
204 8
204 61
204 82
204 109
204 110
204 172
204 195
204 224
204 248
204 272
204 293
204 341
204 346
204 375
204 382
204 423
204 426
205 2
205 39
205 43
205 48
205 74
205 89
205 92
205 103
205 108
205 120
205 130
205 147
205 171
205 201
205 220
205 232
205 239
205 242
205 254
205 335
205 337
205 400
205 402
205 403
205 413
205 421
205 424
205 428
206 18
206 25
206 48
206 72
206 118
206 132
206 196
206 197
206 207
206 216
206 227
206 230
206 257
206 272
206 280
206 294
206 295
206 310
206 317
206 326
206 380
206 423
206 442
206 490
206 491
207 92
207 103
207 129
207 154
207 197
207 206
207 208
207 241
207 301
207 302
207 335
207 344
207 388
207 408
207 430
207 457
207 459
208 23
208 51
208 81
208 97
208 101
208 116
208 143
208 154
208 159
208 207
208 248
208 266
208 269
208 304
208 308
208 316
208 329
208 331
208 336
208 352
208 384
208 390
208 394
208 398
208 403
208 435
208 436
208 463
208 477
208 493
208 496
209 57
209 79
209 102
209 119
209 130
209 142
209 160
209 180
209 202
209 220
209 223
209 251
209 273
209 282
209 381
209 394
209 420
209 428
209 447
209 449
210 28
210 55
210 65
210 112
210 117
210 120
210 130
210 151
210 164
210 190
210 195
210 218
210 247
210 250
210 276
210 289
210 296
210 334
210 335
210 349
210 358
210 402
210 414
210 484
211 3
211 16
211 23
211 71
211 94
211 103
211 107
211 109
211 121
211 130
211 141
211 165
211 219
211 222
211 224
211 251
211 267
211 317
211 345
211 393
211 411
211 415
211 440
211 445
211 449
211 466
211 498
212 0
212 14
212 62
212 73
212 104
212 120
212 125
212 132
212 138
212 140
212 147
212 153
212 189
212 203
212 219
212 294
212 305
212 312
212 372
212 376
212 391
212 416
212 421
212 426
212 436
212 447
212 449
212 491
213 84
213 98
213 125
213 202
213 214
213 219
213 230
213 244
213 278
213 279
213 284
213 302
213 307
213 315
213 429
213 432
213 485
213 488
213 492
214 3
214 13
214 67
214 78
214 83
214 84
214 90
214 108
214 160
214 170
214 176
214 180
214 196
214 213
214 220
214 235
214 260
214 266
214 274
214 296
214 311
214 325
214 348
214 386
214 421
214 427
214 434
214 456
214 499
215 24
215 42
215 43
215 53
215 72
215 89
215 126
215 150
215 187
215 247
215 288
215 311
215 324
215 354
215 369
215 388
215 401
215 417
215 420
215 421
215 458
215 469
215 493
215 497
216 1
216 31
216 46
216 114
216 116
216 165
216 171
216 185
216 206
216 217
216 241
216 247
216 251
216 300
216 313
216 350
216 360
216 372
216 397
216 427
216 431
216 492
217 35
217 37
217 54
217 79
217 99
217 101
217 113
217 114
217 120
217 125
217 126
217 128
217 147
217 163
217 183
217 216
217 235
217 237
217 259
217 275
217 312
217 322
217 349
217 381
217 382
217 422
217 424
217 435
217 439
217 446
217 451
218 8
218 53
218 85
218 93
218 119
218 132
218 140
218 155
218 210
218 258
218 260
218 271
218 301
218 327
218 359
218 363
218 395
218 417
218 444
218 445
218 447
219 0
219 2
219 4
219 26
219 32
219 38
219 39
219 41
219 61
219 69
219 75
219 80
219 112
219 137
219 156
219 211
219 212
219 213
219 234
219 238
219 246
219 277
219 307
219 313
219 323
219 351
219 353
219 358
219 375
219 382
219 401
219 405
219 421
219 438
219 477
219 489
220 3
220 43
220 44
220 75
220 80
220 81
220 107
220 111
220 124
220 134
220 158
220 161
220 200
220 205
220 209
220 214
220 224
220 230
220 263
220 305
220 308
220 352
220 375
220 414
220 437
220 453
220 461
220 474
220 481
221 14
221 17
221 39
221 42
221 78
221 88
221 99
221 161
221 188
221 246
221 248
221 287
221 318
221 321
221 364
221 375
221 402
221 407
221 422
221 429
221 441
221 443
221 444
221 472
221 491
222 8
222 42
222 48
222 62
222 138
222 149
222 151
222 177
222 200
222 211
222 229
222 256
222 286
222 326
222 336
222 350
222 365
222 390
222 409
222 425
222 427
222 441
222 466
222 475
223 6
223 36
223 79
223 88
223 95
223 102
223 120
223 130
223 134
223 151
223 166
223 173
223 196
223 209
223 260
223 273
223 289
223 292
223 300
223 335
223 362
223 432
223 450
224 8
224 25
224 41
224 53
224 130
224 156
224 160
224 187
224 191
224 192
224 204
224 211
224 220
224 262
224 294
224 301
224 307
224 324
224 325
224 341
224 370
224 376
224 405
224 430
224 464
224 473
224 493
224 494
225 5
225 16
225 28
225 29
225 41
225 69
225 125
225 142
225 152
225 155
225 229
225 246
225 262
225 274
225 283
225 301
225 334
225 348
225 350
225 368
225 372
225 401
225 411
225 445
226 0
226 24
226 94
226 122
226 126
226 132
226 184
226 188
226 238
226 283
226 302
226 317
226 318
226 346
226 352
226 369
226 426
226 485
227 33
227 42
227 46
227 60
227 72
227 79
227 80
227 102
227 121
227 124
227 129
227 168
227 188
227 196
227 206
227 235
227 248
227 255
227 259
227 318
227 324
227 332
227 339
227 372
227 381
227 388
227 403
227 448
227 465
227 488
228 41
228 48
228 99
228 110
228 147
228 165
228 189
228 199
228 238
228 248
228 284
228 315
228 319
228 345
228 358
228 385
228 430
228 468
228 496
229 40
229 45
229 63
229 89
229 147
229 149
229 152
229 153
229 179
229 188
229 198
229 222
229 225
229 263
229 284
229 300
229 338
229 342
229 416
229 439
230 22
230 33
230 37
230 59
230 60
230 118
230 164
230 166
230 206
230 213
230 220
230 296
230 331
230 354
230 355
230 359
230 382
230 388
230 393
230 418
230 420
230 421
230 429
230 439
230 442
231 53
231 58
231 59
231 111
231 129
231 160
231 182
231 184
231 199
231 246
231 273
231 312
231 340
231 345
231 370
231 398
231 401
231 415
231 479
231 489
232 14
232 87
232 89
232 96
232 115
232 124
232 135
232 141
232 177
232 205
232 262
232 263
232 265
232 266
232 285
232 296
232 300
232 322
232 336
232 379
232 404
232 424
232 466
232 494
233 14
233 40
233 85
233 91
233 95
233 98
233 134
233 153
233 239
233 265
233 285
233 288
233 311
233 326
233 411
233 419
233 437
233 455
233 459
233 465
233 468
233 483
234 10
234 22
234 28
234 36
234 57
234 63
234 95
234 101
234 103
234 133
234 140
234 151
234 162
234 167
234 185
234 219
234 263
234 270
234 286
234 290
234 313
234 333
234 345
234 351
234 354
234 378
234 402
234 408
234 435
234 476
234 485
234 489
235 14
235 23
235 26
235 68
235 79
235 113
235 156
235 164
235 190
235 214
235 217
235 227
235 244
235 320
235 354
235 361
235 366
235 396
235 399
235 435
235 436
235 440
235 443
235 474
235 481
236 13
236 42
236 60
236 84
236 116
236 125
236 129
236 145
236 146
236 151
236 167
236 182
236 187
236 202
236 252
236 256
236 270
236 306
236 320
236 327
236 331
236 371
236 407
236 453
237 2
237 98
237 101
237 143
237 150
237 162
237 170
237 177
237 179
237 195
237 217
237 256
237 260
237 275
237 287
237 296
237 302
237 306
237 320
237 346
237 359
237 367
237 378
237 387
237 432
237 442
237 481
238 12
238 47
238 53
238 54
238 56
238 64
238 66
238 75
238 88
238 97
238 111
238 162
238 163
238 196
238 219
238 226
238 228
238 256
238 294
238 305
238 309
238 327
238 347
238 362
238 376
238 401
238 415
238 417
238 427
238 437
238 456
238 478
238 489
239 14
239 24
239 29
239 61
239 70
239 75
239 103
239 114
239 117
239 162
239 189
239 203
239 205
239 233
239 249
239 251
239 283
239 284
239 293
239 308
239 314
239 325
239 336
239 361
239 365
239 369
239 371
239 375
239 395
239 424
239 430
239 441
240 18
240 29
240 72
240 73
240 75
240 163
240 183
240 253
240 272
240 294
240 297
240 303
240 313
240 343
240 370
240 395
240 404
240 429
240 448
241 23
241 33
241 37
241 40
241 60
241 64
241 113
241 124
241 128
241 137
241 176
241 184
241 195
241 207
241 216
241 255
241 272
241 285
241 341
241 377
241 384
241 416
241 417
241 424
241 443
241 464
242 26
242 31
242 70
242 78
242 89
242 97
242 101
242 135
242 169
242 182
242 197
242 205
242 267
242 278
242 301
242 348
242 351
242 369
242 390
242 413
242 453
242 456
242 462
242 491
243 8
243 73
243 112
243 127
243 145
243 157
243 158
243 161
243 163
243 253
243 273
243 308
243 333
243 369
243 390
243 411
243 440
243 456
244 15
244 34
244 52
244 77
244 111
244 115
244 157
244 203
244 213
244 235
244 252
244 280
244 293
244 298
244 314
244 331
244 357
244 367
244 391
244 418
244 420
244 427
244 430
244 445
244 449
244 454
244 456
244 468
244 496
245 2
245 81
245 99
245 106
245 107
245 118
245 128
245 159
245 177
245 178
245 253
245 297
245 323
245 333
245 409
245 410
245 420
245 426
245 438
245 497
246 0
246 10
246 32
246 38
246 66
246 85
246 124
246 184
246 219
246 221
246 225
246 231
246 262
246 281
246 299
246 307
246 331
246 344
246 355
246 369
246 388
246 462
247 18
247 20
247 25
247 37
247 48
247 78
247 83
247 90
247 114
247 117
247 121
247 122
247 142
247 165
247 189
247 191
247 198
247 199
247 210
247 215
247 216
247 251
247 278
247 298
247 427
247 479
247 492
247 496
248 13
248 59
248 68
248 69
248 90
248 94
248 105
248 116
248 153
248 169
248 203
248 204
248 208
248 221
248 227
248 228
248 252
248 364
248 370
248 408
248 422
248 431
248 446
248 455
248 495
249 15
249 37
249 63
249 111
249 117
249 125
249 139
249 195
249 239
249 265
249 281
249 288
249 297
249 305
249 355
249 376
249 399
249 437
249 448
249 469
250 3
250 10
250 61
250 67
250 100
250 124
250 129
250 175
250 195
250 210
250 255
250 279
250 299
250 322
250 340
250 410
250 413
250 479
251 18
251 21
251 37
251 52
251 61
251 92
251 109
251 124
251 148
251 157
251 209
251 211
251 216
251 239
251 247
251 368
251 390
251 428
251 453
251 490
252 65
252 82
252 102
252 130
252 144
252 152
252 159
252 236
252 244
252 248
252 253
252 270
252 284
252 304
252 330
252 422
252 423
252 427
252 438
252 441
252 475
252 485
252 499
253 1
253 3
253 13
253 23
253 29
253 124
253 145
253 147
253 158
253 161
253 187
253 240
253 243
253 245
253 252
253 261
253 277
253 278
253 287
253 333
253 335
253 337
253 343
253 356
253 361
253 364
253 393
253 403
253 474
253 492
254 2
254 61
254 66
254 71
254 75
254 92
254 93
254 95
254 113
254 115
254 121
254 169
254 171
254 177
254 179
254 205
254 284
254 306
254 358
254 379
254 401
254 427
254 440
254 456
254 495
255 14
255 27
255 58
255 97
255 162
255 175
255 177
255 182
255 189
255 198
255 227
255 241
255 250
255 260
255 281
255 285
255 290
255 304
255 306
255 323
255 345
255 353
255 367
255 375
255 378
255 380
255 385
255 389
255 456
255 465
256 16
256 28
256 31
256 32
256 38
256 124
256 125
256 134
256 138
256 169
256 183
256 191
256 200
256 222
256 236
256 237
256 238
256 257
256 298
256 318
256 341
256 357
256 364
256 371
256 419
256 430
256 443
256 450
256 454
256 458
257 15
257 77
257 186
257 196
257 206
257 256
257 285
257 302
257 307
257 403
257 415
257 468
258 29
258 54
258 59
258 154
258 158
258 218
258 259
258 307
258 349
258 362
258 379
258 396
258 411
258 416
258 439
258 450
258 459
258 474
259 28
259 53
259 65
259 95
259 102
259 139
259 179
259 217
259 227
259 258
259 292
259 301
259 303
259 322
259 340
259 363
259 402
259 407
259 410
259 437
259 457
259 458
259 480
260 56
260 78
260 81
260 143
260 146
260 176
260 214
260 218
260 223
260 237
260 255
260 305
260 309
260 311
260 338
260 353
260 368
260 393
260 434
260 454
260 456
260 462
260 486
260 492
261 9
261 51
261 64
261 77
261 78
261 91
261 92
261 110
261 134
261 144
261 166
261 253
261 286
261 293
261 328
261 361
261 362
261 379
261 387
261 392
261 414
261 420
261 425
261 447
261 451
261 473
261 474
261 480
262 19
262 46
262 76
262 93
262 95
262 105
262 129
262 137
262 174
262 181
262 187
262 190
262 224
262 225
262 232
262 246
262 263
262 385
262 389
262 407
262 436
262 451
262 453
262 470
263 65
263 80
263 87
263 107
263 109
263 115
263 124
263 149
263 151
263 157
263 191
263 220
263 229
263 232
263 234
263 262
263 280
263 297
263 309
263 330
263 334
263 400
263 401
263 442
263 459
263 476
264 2
264 41
264 44
264 73
264 95
264 115
264 119
264 140
264 148
264 192
264 267
264 275
264 285
264 306
264 424
264 442
264 445
264 464
265 27
265 65
265 75
265 77
265 98
265 102
265 154
265 165
265 166
265 188
265 199
265 232
265 233
265 249
265 269
265 281
265 288
265 293
265 298
265 303
265 310
265 315
265 344
265 358
265 368
265 385
265 388
265 406
265 415
265 477
266 34
266 61
266 123
266 130
266 148
266 152
266 182
266 188
266 208
266 214
266 232
266 271
266 283
266 295
266 302
266 344
266 353
266 373
266 414
266 420
266 425
266 434
266 461
266 493
266 497
267 39
267 67
267 68
267 102
267 134
267 159
267 211
267 242
267 264
267 280
267 290
267 324
267 334
267 340
267 346
267 352
267 373
267 381
267 385
267 386
267 393
267 454
267 456
267 459
267 471
267 487
268 3
268 35
268 96
268 99
268 108
268 114
268 117
268 136
268 151
268 158
268 271
268 305
268 342
268 377
268 383
268 401
268 416
268 460
268 470
268 491
269 12
269 20
269 48
269 78
269 99
269 114
269 153
269 159
269 164
269 188
269 208
269 265
269 278
269 305
269 382
269 387
269 398
269 399
269 405
269 445
270 40
270 58
270 63
270 135
270 146
270 149
270 183
270 194
270 234
270 236
270 252
270 273
270 284
270 304
270 311
270 317
270 346
270 369
270 382
270 384
270 464
270 489
271 14
271 23
271 38
271 56
271 94
271 112
271 148
271 166
271 175
271 177
271 178
271 194
271 218
271 266
271 268
271 283
271 326
271 336
271 358
271 361
271 373
271 443
271 451
271 452
271 458
271 460
271 480
271 489
272 28
272 78
272 142
272 147
272 182
272 204
272 206
272 240
272 241
272 306
272 362
272 369
272 380
272 440
272 470
272 488
273 8
273 11
273 32
273 46
273 62
273 66
273 69
273 80
273 82
273 103
273 108
273 127
273 160
273 161
273 178
273 203
273 209
273 223
273 231
273 243
273 270
273 352
273 356
273 359
273 380
273 381
273 399
273 486
273 496
273 498
273 499
274 38
274 40
274 42
274 53
274 88
274 115
274 136
274 164
274 165
274 172
274 195
274 197
274 214
274 225
274 283
274 312
274 324
274 355
274 387
274 390
274 393
274 394
274 403
274 411
274 413
274 414
274 421
274 499
275 21
275 71
275 125
275 132
275 136
275 138
275 145
275 148
275 149
275 152
275 193
275 217
275 237
275 264
275 304
275 309
275 356
275 378
275 407
275 440
275 449
275 454
275 483
275 497
276 23
276 122
276 136
276 142
276 145
276 152
276 200
276 210
276 289
276 386
276 394
276 418
276 433
276 459
276 463
276 481
276 491
277 0
277 2
277 10
277 13
277 28
277 50
277 61
277 94
277 107
277 117
277 122
277 155
277 157
277 163
277 176
277 195
277 219
277 253
277 278
277 286
277 316
277 318
277 319
277 367
277 390
277 397
277 416
277 428
277 461
277 499
278 89
278 118
278 172
278 174
278 201
278 213
278 242
278 247
278 253
278 269
278 277
278 303
278 344
278 354
278 395
278 396
278 429
278 431
278 460
278 488
278 498
279 33
279 51
279 57
279 63
279 78
279 84
279 100
279 107
279 154
279 166
279 167
279 193
279 213
279 250
279 319
279 321
279 381
279 383
279 386
279 435
279 448
279 454
279 476
280 41
280 101
280 175
280 186
280 202
280 206
280 244
280 263
280 267
280 304
280 328
280 337
280 362
280 386
280 411
280 440
281 6
281 7
281 10
281 47
281 82
281 146
281 184
281 246
281 249
281 255
281 265
281 288
281 299
281 313
281 315
281 322
281 381
281 424
281 439
281 460
281 466
281 471
282 6
282 69
282 105
282 154
282 196
282 209
282 285
282 286
282 290
282 342
282 363
282 440
282 447
282 461
282 497
283 18
283 22
283 33
283 36
283 45
283 54
283 79
283 99
283 103
283 119
283 122
283 124
283 139
283 150
283 163
283 175
283 193
283 225
283 226
283 239
283 266
283 271
283 274
283 317
283 332
283 371
283 385
283 390
283 394
283 403
283 418
283 440
283 450
283 468
283 478
284 28
284 44
284 59
284 68
284 80
284 110
284 147
284 189
284 213
284 228
284 229
284 239
284 252
284 254
284 270
284 287
284 292
284 310
284 327
284 338
284 352
284 355
284 362
284 369
284 385
284 395
284 403
284 410
284 412
284 470
285 43
285 50
285 99
285 148
285 180
285 232
285 233
285 241
285 255
285 257
285 264
285 282
285 306
285 315
285 324
285 325
285 334
285 339
285 352
285 369
285 375
285 398
285 465
285 477
285 491
285 492
286 9
286 40
286 82
286 126
286 135
286 160
286 201
286 222
286 234
286 261
286 277
286 282
286 296
286 299
286 321
286 336
286 375
286 385
286 412
286 439
286 442
286 443
286 499
287 29
287 33
287 35
287 80
287 131
287 174
287 183
287 192
287 199
287 201
287 221
287 237
287 253
287 284
287 346
287 347
287 350
287 370
287 391
287 398
287 407
287 417
287 437
287 440
287 495
288 15
288 16
288 22
288 28
288 59
288 60
288 66
288 69
288 85
288 104
288 107
288 113
288 135
288 191
288 194
288 215
288 233
288 249
288 265
288 281
288 302
288 320
288 347
288 358
288 368
288 384
288 386
288 393
288 400
288 408
288 413
288 421
288 439
288 466
288 482
289 55
289 76
289 95
289 120
289 149
289 159
289 168
289 180
289 187
289 195
289 210
289 223
289 276
289 310
289 336
289 340
289 346
289 375
289 404
289 410
289 458
289 476
289 499
290 7
290 30
290 53
290 71
290 73
290 106
290 112
290 139
290 174
290 234
290 255
290 267
290 282
290 292
290 309
290 313
290 321
290 361
290 449
290 492
290 494
291 37
291 87
291 95
291 123
291 145
291 171
291 299
291 301
291 307
291 335
291 338
291 402
291 413
291 425
291 446
291 456
291 461
291 497
291 498
292 47
292 130
292 172
292 173
292 223
292 259
292 284
292 290
292 309
292 331
292 333
292 350
292 364
292 382
292 402
292 405
292 407
292 424
292 462
292 464
292 473
292 476
292 479
293 34
293 47
293 54
293 94
293 102
293 115
293 149
293 193
293 201
293 204
293 239
293 244
293 261
293 265
293 298
293 305
293 322
293 328
293 336
293 342
293 347
293 363
293 395
293 411
293 418
293 436
293 462
293 475
293 485
294 20
294 72
294 101
294 132
294 196
294 206
294 212
294 224
294 238
294 240
294 327
294 331
294 332
294 372
294 394
294 409
294 414
294 428
294 434
294 438
294 458
294 474
294 475
295 12
295 13
295 70
295 84
295 86
295 143
295 174
295 206
295 266
295 304
295 314
295 369
295 371
295 399
295 430
295 446
295 469
296 70
296 75
296 91
296 93
296 119
296 152
296 161
296 165
296 168
296 182
296 194
296 210
296 214
296 230
296 232
296 237
296 286
296 305
296 314
296 317
296 359
296 368
296 380
296 388
296 389
296 401
296 403
296 415
296 476
296 483
296 485
296 489
297 24
297 32
297 72
297 73
297 153
297 190
297 240
297 245
297 249
297 263
297 314
297 322
297 339
297 350
297 351
297 369
297 384
297 385
297 413
297 416
297 460
297 476
297 485
298 30
298 46
298 61
298 63
298 114
298 124
298 127
298 143
298 153
298 181
298 190
298 193
298 194
298 244
298 247
298 256
298 265
298 293
298 321
298 326
298 343
298 374
298 380
298 381
298 383
298 404
298 410
298 442
298 447
298 461
299 14
299 15
299 39
299 44
299 52
299 56
299 64
299 69
299 77
299 81
299 84
299 155
299 156
299 181
299 192
299 200
299 246
299 250
299 281
299 286
299 291
299 345
299 348
299 365
299 382
299 410
299 411
299 412
299 419
299 427
299 444
299 448
299 452
299 470
299 479
299 482
299 496
299 498
300 33
300 38
300 62
300 89
300 184
300 216
300 223
300 229
300 232
300 302
300 308
300 369
300 422
300 457
300 495
301 8
301 13
301 14
301 22
301 45
301 52
301 106
301 175
301 190
301 197
301 202
301 207
301 218
301 224
301 225
301 242
301 259
301 291
301 343
301 351
301 362
301 385
301 390
301 396
301 405
301 426
301 457
301 495
302 11
302 20
302 56
302 78
302 85
302 120
302 149
302 163
302 171
302 176
302 196
302 207
302 213
302 226
302 237
302 257
302 266
302 288
302 300
302 309
302 325
302 332
302 337
302 339
302 367
302 382
302 419
302 420
302 476
303 0
303 3
303 34
303 42
303 53
303 64
303 89
303 104
303 107
303 122
303 130
303 135
303 137
303 169
303 240
303 259
303 265
303 278
303 305
303 316
303 337
303 345
303 391
303 456
303 479
303 486
304 38
304 77
304 105
304 110
304 190
304 208
304 252
304 255
304 270
304 275
304 280
304 295
304 334
304 359
304 394
304 418
304 438
304 439
304 470
304 476
304 486
304 488
304 490
304 494
305 27
305 41
305 59
305 68
305 77
305 79
305 91
305 93
305 124
305 126
305 156
305 159
305 212
305 220
305 238
305 249
305 260
305 268
305 269
305 293
305 296
305 303
305 326
305 350
305 362
305 375
305 391
305 425
305 427
305 466
305 483
306 11
306 28
306 51
306 77
306 134
306 150
306 162
306 173
306 194
306 236
306 237
306 254
306 255
306 264
306 272
306 285
306 385
306 406
306 425
306 481
306 488
306 491
307 2
307 42
307 97
307 116
307 165
307 185
307 190
307 202
307 213
307 219
307 224
307 246
307 257
307 258
307 291
307 308
307 320
307 340
307 360
307 370
307 374
307 456
307 472
307 492
307 497
308 16
308 25
308 30
308 40
308 51
308 52
308 59
308 75
308 76
308 78
308 81
308 126
308 131
308 143
308 145
308 171
308 201
308 208
308 220
308 239
308 243
308 300
308 307
308 312
308 313
308 320
308 338
308 346
308 359
308 373
308 384
308 389
308 429
308 436
308 441
308 455
308 468
309 0
309 22
309 61
309 94
309 99
309 115
309 119
309 122
309 150
309 182
309 238
309 260
309 263
309 275
309 290
309 292
309 302
309 330
309 335
309 348
309 368
309 377
309 379
309 411
309 421
309 445
309 475
309 495
310 10
310 39
310 61
310 69
310 158
310 163
310 170
310 190
310 206
310 265
310 284
310 289
310 356
310 359
310 377
310 385
310 394
310 424
310 468
310 481
310 492
311 2
311 6
311 18
311 25
311 31
311 51
311 55
311 56
311 60
311 97
311 100
311 142
311 174
311 176
311 197
311 214
311 215
311 233
311 260
311 270
311 324
311 335
311 339
311 375
311 378
311 391
311 400
311 415
311 455
311 465
311 479
311 480
311 484
311 492
312 7
312 42
312 54
312 75
312 107
312 143
312 144
312 176
312 181
312 196
312 212
312 217
312 231
312 274
312 308
312 315
312 330
312 364
312 389
312 419
312 435
312 492
312 499
313 8
313 103
313 108
313 110
313 192
313 202
313 203
313 216
313 219
313 234
313 240
313 281
313 290
313 308
313 334
313 335
313 346
313 361
313 369
313 376
313 400
313 416
313 422
313 452
313 475
314 9
314 12
314 21
314 23
314 24
314 28
314 46
314 82
314 86
314 100
314 130
314 135
314 160
314 163
314 192
314 239
314 244
314 295
314 296
314 297
314 329
314 385
314 403
314 405
314 425
314 435
315 14
315 59
315 72
315 81
315 94
315 132
315 164
315 186
315 192
315 213
315 228
315 265
315 281
315 285
315 312
315 316
315 327
315 355
315 393
315 411
315 427
315 436
315 458
315 460
316 3
316 21
316 27
316 35
316 38
316 55
316 78
316 83
316 126
316 150
316 155
316 167
316 197
316 208
316 277
316 303
316 315
316 323
316 341
316 345
316 374
316 392
316 488
316 495
317 6
317 28
317 33
317 54
317 81
317 97
317 136
317 146
317 150
317 161
317 178
317 198
317 199
317 200
317 206
317 211
317 226
317 270
317 283
317 296
317 413
317 415
317 427
317 489
317 494
317 499
318 31
318 35
318 86
318 91
318 92
318 112
318 120
318 147
318 149
318 202
318 221
318 226
318 227
318 256
318 277
318 363
318 432
318 437
318 450
318 454
318 467
318 495
319 2
319 36
319 42
319 43
319 77
319 92
319 93
319 128
319 147
319 179
319 182
319 228
319 277
319 279
319 359
319 400
319 416
319 443
319 450
319 462
319 465
319 472
319 479
320 41
320 45
320 65
320 74
320 84
320 99
320 141
320 142
320 145
320 235
320 236
320 237
320 288
320 307
320 308
320 360
320 374
320 379
320 415
320 446
320 467
320 473
320 478
320 489
320 496
321 5
321 22
321 23
321 24
321 35
321 40
321 52
321 66
321 95
321 96
321 99
321 102
321 118
321 126
321 155
321 193
321 221
321 279
321 286
321 290
321 298
321 338
321 341
321 345
321 355
321 372
321 380
321 382
321 384
321 394
321 419
321 424
321 441
321 456
321 466
321 467
321 473
321 477
322 25
322 36
322 40
322 42
322 55
322 99
322 101
322 168
322 172
322 217
322 232
322 250
322 259
322 281
322 293
322 297
322 340
322 347
322 353
322 376
322 384
322 386
322 390
322 393
322 395
322 406
322 429
322 439
322 459
323 38
323 59
323 61
323 71
323 72
323 86
323 93
323 96
323 102
323 121
323 135
323 149
323 196
323 219
323 245
323 255
323 316
323 328
323 336
323 350
323 379
323 405
323 413
323 450
323 478
323 498
324 57
324 62
324 80
324 82
324 91
324 95
324 121
324 167
324 215
324 224
324 227
324 267
324 274
324 285
324 311
324 325
324 339
324 345
324 361
324 371
324 389
324 391
324 404
324 423
324 457
324 461
324 468
324 490
324 498
325 27
325 49
325 65
325 74
325 138
325 160
325 165
325 169
325 214
325 224
325 239
325 285
325 302
325 324
325 326
325 330
325 352
325 367
325 378
325 402
325 431
325 461
326 18
326 27
326 28
326 43
326 73
326 79
326 83
326 86
326 96
326 100
326 106
326 159
326 180
326 194
326 201
326 203
326 206
326 222
326 233
326 271
326 298
326 305
326 325
326 341
326 377
326 423
326 442
326 493
327 8
327 12
327 28
327 38
327 63
327 77
327 81
327 94
327 116
327 163
327 170
327 177
327 218
327 236
327 238
327 284
327 294
327 315
327 351
327 367
327 380
327 435
327 438
328 11
328 61
328 145
328 175
328 189
328 190
328 191
328 197
328 261
328 280
328 293
328 323
328 332
328 342
328 351
328 363
328 378
328 431
328 434
328 442
328 463
328 483
328 499
329 3
329 42
329 44
329 50
329 58
329 88
329 109
329 124
329 195
329 199
329 208
329 314
329 368
329 370
329 385
329 399
329 420
329 451
329 486
330 12
330 56
330 98
330 105
330 111
330 124
330 142
330 173
330 186
330 188
330 252
330 263
330 309
330 312
330 325
330 339
330 357
330 368
330 374
330 383
330 385
330 414
330 415
330 423
330 430
330 439
330 454
330 455
330 461
330 467
330 474
330 477
330 479
330 487
330 499
331 45
331 51
331 66
331 72
331 91
331 96
331 97
331 108
331 115
331 117
331 151
331 171
331 198
331 201
331 208
331 230
331 236
331 244
331 246
331 292
331 294
331 337
331 366
331 377
331 378
331 381
331 390
331 411
331 434
331 459
331 474
332 6
332 45
332 55
332 62
332 89
332 130
332 131
332 195
332 227
332 283
332 294
332 302
332 328
332 335
332 338
332 403
332 407
332 409
333 10
333 77
333 116
333 126
333 139
333 151
333 165
333 234
333 243
333 245
333 253
333 292
333 350
333 354
333 363
333 391
333 396
333 410
333 490
334 58
334 77
334 82
334 110
334 120
334 130
334 132
334 154
334 164
334 185
334 210
334 225
334 263
334 267
334 285
334 304
334 313
334 359
334 400
334 439
334 448
334 463
334 488
334 489
335 18
335 43
335 54
335 61
335 73
335 127
335 158
335 175
335 197
335 205
335 207
335 210
335 223
335 253
335 291
335 309
335 311
335 313
335 332
335 363
335 374
335 446
335 450
335 455
335 480
335 485
336 20
336 21
336 23
336 28
336 38
336 88
336 105
336 119
336 120
336 134
336 166
336 181
336 208
336 222
336 232
336 239
336 271
336 286
336 289
336 293
336 323
336 356
336 385
336 395
336 403
336 407
336 435
336 436
336 444
336 445
336 469
336 474
337 46
337 87
337 120
337 121
337 132
337 141
337 150
337 205
337 253
337 280
337 302
337 303
337 331
337 364
337 379
337 404
337 422
337 432
337 440
337 448
337 484
338 17
338 41
338 83
338 92
338 138
338 150
338 167
338 191
338 229
338 260
338 284
338 291
338 308
338 321
338 332
338 379
338 383
338 392
338 401
338 433
338 446
338 452
338 458
338 467
338 478
338 496
339 22
339 28
339 40
339 43
339 82
339 96
339 102
339 127
339 136
339 141
339 164
339 193
339 227
339 285
339 297
339 302
339 311
339 324
339 330
339 388
339 400
339 401
339 405
339 432
339 433
339 473
339 477
340 3
340 11
340 22
340 34
340 36
340 37
340 44
340 77
340 103
340 116
340 156
340 231
340 250
340 259
340 267
340 289
340 307
340 322
340 383
340 445
340 451
340 463
340 464
340 471
340 474
341 23
341 30
341 31
341 47
341 57
341 79
341 99
341 107
341 109
341 119
341 192
341 197
341 204
341 224
341 241
341 256
341 316
341 321
341 326
341 360
341 397
341 476
341 493
342 22
342 30
342 34
342 40
342 87
342 89
342 90
342 143
342 183
342 229
342 268
342 282
342 293
342 328
342 352
342 367
342 386
342 400
342 418
342 422
342 447
342 467
343 0
343 9
343 52
343 54
343 105
343 163
343 177
343 179
343 193
343 199
343 240
343 253
343 298
343 301
343 360
343 362
343 366
343 379
343 381
343 382
343 384
343 426
343 464
343 481
344 1
344 5
344 80
344 97
344 127
344 164
344 173
344 174
344 207
344 246
344 265
344 266
344 278
344 401
344 465
344 468
344 493
345 87
345 89
345 95
345 96
345 111
345 143
345 169
345 211
345 228
345 231
345 234
345 255
345 299
345 303
345 316
345 321
345 324
345 351
345 360
345 363
345 417
345 422
345 445
345 473
345 490
346 5
346 6
346 37
346 43
346 59
346 81
346 115
346 153
346 154
346 178
346 185
346 201
346 204
346 226
346 237
346 267
346 270
346 287
346 289
346 308
346 313
346 374
346 382
346 386
346 391
346 430
346 465
346 478
346 487
347 1
347 6
347 29
347 85
347 87
347 98
347 109
347 161
347 166
347 190
347 195
347 198
347 238
347 287
347 288
347 293
347 322
347 370
347 373
347 386
347 394
347 400
347 408
347 433
347 461
347 489
348 0
348 6
348 22
348 24
348 25
348 81
348 84
348 88
348 113
348 135
348 138
348 150
348 161
348 164
348 189
348 214
348 225
348 242
348 299
348 309
348 350
348 363
348 379
348 381
348 411
348 429
348 486
348 491
349 4
349 44
349 110
349 114
349 198
349 210
349 217
349 258
349 356
349 357
349 360
349 368
349 390
349 413
349 426
349 435
349 437
349 448
349 449
349 479
349 497
350 6
350 18
350 23
350 38
350 156
350 183
350 216
350 222
350 225
350 287
350 292
350 297
350 305
350 323
350 333
350 348
350 357
350 361
350 373
350 382
350 408
350 426
350 497
351 44
351 45
351 53
351 59
351 113
351 137
351 198
351 219
351 234
351 242
351 297
351 301
351 327
351 328
351 345
351 370
351 387
351 391
351 411
351 412
351 467
351 470
351 491
352 5
352 13
352 132
352 152
352 186
352 200
352 208
352 220
352 226
352 267
352 273
352 284
352 285
352 325
352 342
352 372
352 399
352 400
352 457
352 498
353 5
353 32
353 38
353 68
353 73
353 85
353 88
353 131
353 140
353 154
353 179
353 200
353 219
353 255
353 260
353 266
353 322
353 388
353 397
353 398
353 417
353 420
353 436
353 486
353 492
354 10
354 90
354 107
354 200
354 215
354 230
354 234
354 235
354 278
354 333
354 365
354 441
354 452
354 474
355 2
355 30
355 61
355 122
355 131
355 171
355 176
355 178
355 230
355 246
355 249
355 274
355 284
355 315
355 321
355 390
355 399
355 402
355 453
355 463
355 470
355 472
356 4
356 12
356 16
356 26
356 29
356 53
356 54
356 61
356 66
356 110
356 140
356 158
356 180
356 190
356 253
356 273
356 275
356 310
356 336
356 349
356 359
356 374
356 389
356 408
356 411
356 422
356 429
356 433
356 436
356 437
356 445
357 61
357 69
357 75
357 77
357 95
357 136
357 160
357 171
357 174
357 244
357 256
357 330
357 349
357 350
357 370
357 371
357 426
357 429
357 435
357 446
357 447
357 459
357 479
357 482
357 493
358 5
358 24
358 37
358 50
358 102
358 104
358 108
358 123
358 141
358 156
358 162
358 194
358 210
358 219
358 228
358 254
358 265
358 271
358 288
358 367
358 376
358 378
358 402
358 409
358 422
358 425
358 439
359 11
359 26
359 31
359 34
359 60
359 62
359 72
359 79
359 91
359 113
359 161
359 163
359 181
359 218
359 230
359 237
359 273
359 296
359 304
359 308
359 310
359 319
359 334
359 356
359 374
359 384
359 416
359 437
359 453
359 459
359 460
360 28
360 33
360 48
360 99
360 150
360 153
360 155
360 188
360 194
360 195
360 202
360 216
360 307
360 320
360 341
360 343
360 345
360 349
360 369
360 384
360 387
360 406
360 407
360 437
360 453
360 465
360 466
361 120
361 195
361 235
361 239
361 253
361 261
361 271
361 290
361 313
361 324
361 350
361 377
361 401
361 410
361 411
361 418
361 422
361 447
361 460
361 467
361 485
361 496
362 0
362 21
362 28
362 48
362 78
362 80
362 149
362 154
362 180
362 223
362 238
362 258
362 261
362 272
362 280
362 284
362 301
362 305
362 343
362 411
362 436
362 442
362 464
363 3
363 10
363 45
363 68
363 78
363 125
363 191
363 202
363 218
363 259
363 282
363 293
363 318
363 328
363 333
363 335
363 345
363 348
363 394
363 396
363 397
363 399
363 409
363 431
363 434
363 478
364 4
364 12
364 26
364 41
364 86
364 100
364 103
364 110
364 181
364 221
364 248
364 253
364 256
364 292
364 312
364 337
364 395
364 420
364 431
364 435
364 455
364 474
364 488
365 8
365 30
365 81
365 98
365 146
365 169
365 191
365 222
365 239
365 299
365 354
365 403
365 442
365 465
365 468
365 484
366 44
366 50
366 126
366 139
366 156
366 157
366 178
366 192
366 235
366 331
366 343
366 374
366 404
366 431
366 486
366 490
367 3
367 23
367 37
367 88
367 140
367 172
367 237
367 244
367 255
367 277
367 302
367 325
367 327
367 342
367 358
367 383
367 407
367 450
367 487
368 3
368 5
368 13
368 28
368 51
368 52
368 85
368 138
368 174
368 225
368 251
368 260
368 265
368 288
368 296
368 309
368 329
368 330
368 349
368 376
368 380
368 386
368 448
368 467
368 472
369 49
369 87
369 88
369 115
369 157
369 169
369 172
369 174
369 178
369 215
369 226
369 239
369 242
369 243
369 246
369 270
369 272
369 284
369 285
369 295
369 297
369 300
369 313
369 360
369 373
369 374
369 418
369 447
369 471
369 483
369 488
370 1
370 10
370 16
370 22
370 69
370 87
370 90
370 107
370 119
370 145
370 187
370 193
370 224
370 231
370 240
370 248
370 287
370 307
370 329
370 347
370 351
370 357
370 397
370 398
370 408
370 431
370 459
370 474
370 485
370 486
371 1
371 9
371 18
371 20
371 21
371 23
371 60
371 71
371 112
371 160
371 166
371 169
371 194
371 197
371 198
371 236
371 239
371 256
371 283
371 295
371 324
371 357
371 373
371 381
371 417
371 427
371 433
372 86
372 164
372 186
372 212
372 216
372 225
372 227
372 294
372 321
372 352
372 462
372 477
373 11
373 15
373 49
373 98
373 117
373 120
373 154
373 156
373 186
373 266
373 267
373 271
373 308
373 347
373 350
373 369
373 371
373 410
373 428
373 459
374 12
374 35
374 60
374 62
374 76
374 98
374 105
374 107
374 127
374 144
374 190
374 298
374 307
374 316
374 320
374 330
374 335
374 346
374 356
374 359
374 366
374 369
374 387
374 429
374 453
374 466
374 498
375 14
375 23
375 38
375 41
375 44
375 62
375 75
375 119
375 131
375 186
375 195
375 204
375 219
375 220
375 221
375 239
375 255
375 285
375 286
375 289
375 305
375 311
375 376
375 384
375 399
375 410
375 424
375 428
375 445
375 460
375 475
375 485
376 33
376 34
376 42
376 66
376 92
376 113
376 119
376 134
376 159
376 167
376 174
376 177
376 186
376 212
376 224
376 238
376 249
376 313
376 322
376 358
376 368
376 375
376 378
376 382
376 396
376 401
376 407
376 432
376 466
376 467
377 43
377 45
377 49
377 63
377 65
377 70
377 146
377 153
377 164
377 241
377 268
377 309
377 310
377 326
377 331
377 361
377 378
377 391
377 408
377 475
377 478
377 479
378 30
378 67
378 131
378 138
378 153
378 157
378 172
378 234
378 237
378 255
378 275
378 311
378 325
378 328
378 331
378 358
378 376
378 377
378 438
378 458
379 16
379 25
379 38
379 40
379 48
379 91
379 108
379 128
379 146
379 152
379 169
379 202
379 232
379 254
379 258
379 261
379 309
379 320
379 323
379 337
379 338
379 343
379 348
379 394
379 405
379 411
379 422
379 428
379 434
379 446
379 464
379 472
379 483
379 492
379 495
379 496
380 58
380 110
380 115
380 181
380 206
380 255
380 272
380 273
380 296
380 298
380 321
380 327
380 368
380 381
380 383
380 417
380 433
380 434
380 468
380 472
381 68
381 95
381 127
381 157
381 190
381 193
381 209
381 217
381 227
381 267
381 273
381 279
381 281
381 298
381 331
381 343
381 348
381 371
381 380
381 388
381 396
381 412
381 426
381 434
381 439
381 448
382 23
382 47
382 51
382 53
382 54
382 56
382 65
382 87
382 92
382 99
382 163
382 175
382 187
382 204
382 217
382 219
382 230
382 269
382 270
382 292
382 299
382 302
382 321
382 343
382 346
382 350
382 376
382 410
382 422
382 474
382 478
382 496
383 11
383 19
383 53
383 88
383 118
383 127
383 144
383 146
383 172
383 182
383 189
383 202
383 268
383 279
383 298
383 330
383 338
383 340
383 367
383 380
383 437
383 450
383 466
384 75
384 84
384 124
384 130
384 147
384 165
384 173
384 185
384 195
384 208
384 241
384 270
384 288
384 297
384 308
384 321
384 322
384 343
384 359
384 360
384 375
384 434
384 438
384 472
384 488
384 492
385 12
385 13
385 25
385 93
385 101
385 102
385 108
385 115
385 126
385 135
385 156
385 158
385 188
385 198
385 228
385 255
385 262
385 265
385 267
385 283
385 284
385 286
385 297
385 301
385 306
385 310
385 314
385 329
385 330
385 336
385 392
385 405
385 407
385 420
385 428
385 444
385 467
385 474
385 490
386 6
386 11
386 24
386 38
386 50
386 59
386 64
386 67
386 97
386 99
386 117
386 122
386 131
386 156
386 160
386 172
386 200
386 214
386 267
386 276
386 279
386 280
386 288
386 322
386 342
386 346
386 347
386 368
386 400
386 406
386 413
386 436
386 439
386 454
387 5
387 8
387 30
387 41
387 80
387 102
387 114
387 118
387 131
387 171
387 177
387 193
387 237
387 261
387 269
387 274
387 351
387 360
387 374
387 388
387 400
387 430
387 437
387 450
387 466
387 479
387 493
388 8
388 41
388 50
388 60
388 70
388 98
388 137
388 162
388 187
388 193
388 207
388 215
388 227
388 230
388 246
388 265
388 296
388 339
388 353
388 381
388 387
388 398
388 425
388 434
388 438
388 442
388 446
388 466
388 474
388 478
388 491
388 496
389 10
389 31
389 47
389 101
389 127
389 164
389 182
389 192
389 255
389 262
389 296
389 308
389 312
389 324
389 356
389 399
389 401
389 408
389 440
389 453
389 454
389 495
390 50
390 68
390 70
390 85
390 91
390 102
390 135
390 179
390 190
390 196
390 200
390 201
390 208
390 222
390 242
390 243
390 251
390 274
390 277
390 283
390 301
390 322
390 331
390 349
390 355
390 452
390 480
391 25
391 35
391 48
391 63
391 64
391 132
391 135
391 174
391 202
391 212
391 244
391 287
391 303
391 305
391 311
391 324
391 333
391 346
391 351
391 377
391 396
391 401
391 413
391 449
391 461
391 463
391 480
391 481
392 31
392 35
392 47
392 57
392 75
392 79
392 112
392 130
392 188
392 198
392 261
392 316
392 338
392 385
392 450
392 476
392 478
393 7
393 8
393 20
393 57
393 81
393 98
393 101
393 114
393 119
393 124
393 153
393 154
393 188
393 211
393 230
393 253
393 260
393 267
393 274
393 288
393 315
393 322
393 394
393 396
393 409
393 416
393 458
393 460
393 462
394 9
394 23
394 44
394 56
394 75
394 99
394 102
394 115
394 118
394 129
394 135
394 150
394 152
394 156
394 178
394 185
394 208
394 209
394 274
394 276
394 283
394 294
394 304
394 310
394 321
394 347
394 363
394 379
394 393
394 398
394 406
394 413
394 419
394 443
395 57
395 67
395 97
395 115
395 139
395 158
395 169
395 179
395 180
395 194
395 218
395 239
395 240
395 278
395 284
395 293
395 322
395 336
395 364
395 397
395 404
395 453
395 483
395 484
395 495
395 499
396 73
396 77
396 88
396 122
396 146
396 150
396 157
396 160
396 184
396 235
396 258
396 278
396 301
396 333
396 363
396 376
396 381
396 391
396 393
396 454
396 455
396 456
396 491
397 6
397 7
397 26
397 40
397 60
397 107
397 138
397 144
397 150
397 158
397 175
397 216
397 277
397 341
397 353
397 363
397 370
397 395
397 400
397 413
397 415
397 445
397 459
397 479
397 480
398 63
398 78
398 94
398 100
398 120
398 121
398 132
398 135
398 165
398 208
398 231
398 269
398 285
398 287
398 353
398 370
398 388
398 394
398 460
398 483
399 29
399 55
399 57
399 58
399 97
399 117
399 142
399 148
399 162
399 169
399 235
399 249
399 269
399 273
399 295
399 329
399 352
399 355
399 363
399 375
399 389
399 458
399 485
399 490
399 497
400 1
400 10
400 23
400 27
400 39
400 46
400 57
400 78
400 109
400 137
400 181
400 195
400 205
400 263
400 288
400 311
400 313
400 319
400 334
400 339
400 342
400 347
400 352
400 386
400 387
400 397
400 405
400 420
400 427
400 429
400 446
400 453
401 9
401 17
401 26
401 38
401 64
401 75
401 78
401 86
401 90
401 108
401 110
401 114
401 127
401 166
401 215
401 219
401 225
401 231
401 238
401 254
401 263
401 268
401 296
401 338
401 339
401 344
401 361
401 376
401 389
401 391
401 408
401 435
401 449
401 450
401 458
401 464
402 31
402 94
402 127
402 145
402 157
402 163
402 197
402 205
402 210
402 221
402 234
402 259
402 291
402 292
402 325
402 355
402 358
402 418
402 445
402 451
403 12
403 45
403 64
403 94
403 98
403 104
403 107
403 123
403 170
403 203
403 205
403 208
403 227
403 253
403 257
403 274
403 283
403 284
403 296
403 314
403 332
403 336
403 365
403 410
403 420
403 444
403 498
404 12
404 13
404 51
404 57
404 70
404 130
404 137
404 147
404 186
404 232
404 240
404 289
404 298
404 324
404 337
404 366
404 395
404 449
405 19
405 50
405 60
405 68
405 101
405 112
405 131
405 158
405 183
405 219
405 224
405 269
405 292
405 301
405 314
405 323
405 339
405 379
405 385
405 400
405 412
405 431
405 445
405 446
405 447
405 475
405 492
406 10
406 25
406 33
406 101
406 118
406 124
406 125
406 130
406 135
406 144
406 148
406 149
406 182
406 265
406 306
406 322
406 360
406 386
406 394
406 411
406 440
406 443
406 465
406 482
407 0
407 9
407 23
407 31
407 48
407 78
407 112
407 141
407 171
407 188
407 201
407 221
407 236
407 259
407 262
407 275
407 287
407 292
407 332
407 336
407 360
407 367
407 376
407 385
407 451
407 472
407 477
407 492
408 1
408 40
408 78
408 207
408 234
408 248
408 288
408 347
408 350
408 356
408 370
408 377
408 389
408 401
408 413
408 416
408 428
408 431
408 442
409 2
409 18
409 29
409 51
409 60
409 81
409 86
409 92
409 121
409 134
409 140
409 154
409 156
409 162
409 222
409 245
409 294
409 332
409 358
409 363
409 393
409 477
410 50
410 58
410 70
410 116
410 125
410 130
410 148
410 245
410 250
410 259
410 284
410 289
410 298
410 299
410 333
410 361
410 373
410 375
410 382
410 403
410 415
410 427
410 433
410 467
410 478
410 480
411 54
411 72
411 81
411 85
411 92
411 136
411 140
411 148
411 165
411 168
411 211
411 225
411 233
411 243
411 258
411 274
411 280
411 293
411 299
411 309
411 315
411 331
411 348
411 351
411 356
411 361
411 362
411 379
411 406
411 413
411 421
411 428
411 442
411 446
412 8
412 9
412 10
412 46
412 59
412 94
412 128
412 139
412 193
412 284
412 286
412 299
412 351
412 381
412 405
412 413
412 423
412 426
412 444
412 461
412 477
412 493
413 4
413 18
413 25
413 36
413 37
413 51
413 97
413 114
413 127
413 144
413 179
413 191
413 205
413 242
413 250
413 274
413 288
413 291
413 297
413 317
413 323
413 349
413 386
413 391
413 394
413 397
413 408
413 411
413 412
413 448
413 459
413 466
413 468
414 18
414 62
414 63
414 86
414 95
414 106
414 140
414 158
414 210
414 220
414 261
414 266
414 274
414 294
414 330
414 447
414 460
414 475
414 481
414 484
415 13
415 31
415 54
415 65
415 83
415 106
415 156
415 159
415 166
415 168
415 194
415 211
415 231
415 238
415 257
415 265
415 296
415 311
415 317
415 320
415 330
415 397
415 410
415 468
415 469
415 482
415 486
415 493
416 42
416 80
416 98
416 115
416 119
416 147
416 184
416 197
416 212
416 229
416 241
416 258
416 268
416 277
416 297
416 313
416 319
416 359
416 393
416 408
416 467
416 477
416 484
416 485
417 15
417 26
417 34
417 37
417 52
417 53
417 59
417 63
417 89
417 135
417 136
417 176
417 201
417 215
417 218
417 238
417 241
417 287
417 345
417 353
417 371
417 380
417 421
417 451
417 462
417 479
418 2
418 12
418 47
418 55
418 97
418 144
418 164
418 167
418 174
418 179
418 230
418 244
418 276
418 283
418 293
418 304
418 342
418 361
418 369
418 402
418 427
419 13
419 19
419 48
419 90
419 107
419 117
419 144
419 155
419 169
419 176
419 233
419 256
419 299
419 302
419 312
419 321
419 394
419 434
419 437
419 460
419 481
420 12
420 24
420 31
420 40
420 59
420 88
420 100
420 138
420 139
420 168
420 186
420 199
420 209
420 215
420 230
420 244
420 245
420 261
420 266
420 302
420 329
420 353
420 364
420 385
420 400
420 403
420 433
420 466
421 16
421 44
421 57
421 103
421 139
421 205
421 212
421 214
421 215
421 219
421 230
421 274
421 288
421 309
421 411
421 417
421 423
421 482
421 494
422 6
422 38
422 51
422 70
422 72
422 96
422 98
422 116
422 171
422 192
422 195
422 217
422 221
422 248
422 252
422 300
422 313
422 337
422 342
422 345
422 356
422 358
422 361
422 379
422 382
422 441
423 23
423 45
423 50
423 88
423 94
423 113
423 151
423 204
423 206
423 252
423 324
423 326
423 330
423 412
423 421
423 445
423 448
423 454
423 477
424 81
424 82
424 118
424 162
424 191
424 205
424 217
424 232
424 239
424 241
424 264
424 281
424 292
424 310
424 321
424 375
424 445
424 482
425 10
425 16
425 24
425 32
425 77
425 83
425 91
425 142
425 159
425 166
425 175
425 178
425 222
425 261
425 266
425 291
425 305
425 306
425 314
425 358
425 388
425 482
426 17
426 27
426 29
426 77
426 118
426 132
426 143
426 159
426 163
426 204
426 212
426 226
426 245
426 301
426 343
426 349
426 350
426 357
426 381
426 412
426 435
426 461
426 483
427 16
427 41
427 59
427 77
427 82
427 114
427 119
427 123
427 132
427 153
427 163
427 169
427 214
427 216
427 222
427 238
427 244
427 247
427 252
427 254
427 299
427 305
427 315
427 317
427 371
427 400
427 410
427 418
427 440
427 454
427 457
427 471
427 488
427 498
428 9
428 75
428 96
428 120
428 125
428 140
428 151
428 161
428 178
428 205
428 209
428 251
428 277
428 294
428 373
428 375
428 379
428 385
428 408
428 411
428 429
428 438
428 461
428 483
428 489
428 494
429 6
429 25
429 26
429 35
429 53
429 54
429 57
429 65
429 68
429 69
429 119
429 129
429 146
429 175
429 192
429 202
429 213
429 221
429 230
429 240
429 278
429 308
429 322
429 348
429 356
429 357
429 374
429 400
429 428
429 433
429 472
430 19
430 21
430 22
430 42
430 96
430 134
430 157
430 159
430 200
430 207
430 224
430 228
430 239
430 244
430 256
430 295
430 330
430 346
430 387
430 447
430 464
430 493
430 495
431 37
431 71
431 108
431 118
431 145
431 189
431 190
431 216
431 248
431 278
431 325
431 328
431 363
431 364
431 366
431 370
431 405
431 408
431 471
431 477
431 480
432 63
432 101
432 111
432 116
432 121
432 138
432 174
432 176
432 188
432 194
432 197
432 213
432 223
432 237
432 318
432 337
432 339
432 376
432 485
433 14
433 34
433 36
433 79
433 96
433 133
433 136
433 147
433 151
433 170
433 183
433 191
433 192
433 276
433 338
433 339
433 347
433 356
433 371
433 380
433 410
433 420
433 429
433 454
433 462
433 468
433 490
433 498
434 3
434 33
434 40
434 48
434 70
434 90
434 101
434 115
434 129
434 150
434 152
434 171
434 190
434 214
434 260
434 266
434 294
434 328
434 331
434 363
434 379
434 380
434 381
434 384
434 388
434 419
434 454
434 459
435 1
435 11
435 13
435 56
435 59
435 82
435 115
435 171
435 176
435 202
435 208
435 217
435 234
435 235
435 279
435 312
435 314
435 327
435 336
435 349
435 357
435 364
435 401
435 426
435 441
435 464
435 481
435 494
436 4
436 11
436 35
436 52
436 60
436 71
436 88
436 91
436 148
436 158
436 183
436 208
436 212
436 235
436 262
436 293
436 308
436 315
436 336
436 353
436 356
436 362
436 386
436 439
436 455
436 469
436 484
436 494
436 499
437 26
437 38
437 81
437 110
437 119
437 154
437 189
437 220
437 233
437 238
437 249
437 259
437 287
437 318
437 349
437 356
437 359
437 360
437 383
437 387
437 419
437 443
437 458
437 469
437 496
438 0
438 14
438 17
438 19
438 54
438 90
438 134
438 187
438 190
438 219
438 245
438 252
438 294
438 304
438 327
438 378
438 384
438 388
438 428
438 487
439 32
439 40
439 82
439 113
439 124
439 149
439 154
439 156
439 173
439 196
439 217
439 229
439 230
439 258
439 281
439 286
439 288
439 304
439 322
439 330
439 334
439 358
439 381
439 386
439 436
439 441
439 483
440 0
440 9
440 33
440 62
440 80
440 93
440 150
440 211
440 235
440 243
440 254
440 272
440 275
440 280
440 282
440 283
440 287
440 337
440 389
440 406
440 427
440 442
440 443
440 459
440 466
441 8
441 32
441 36
441 71
441 77
441 81
441 124
441 172
441 180
441 183
441 198
441 221
441 222
441 239
441 252
441 308
441 321
441 354
441 422
441 435
441 439
441 448
441 449
441 450
442 49
442 50
442 80
442 113
442 126
442 141
442 144
442 150
442 166
442 171
442 186
442 206
442 230
442 237
442 263
442 264
442 286
442 298
442 326
442 328
442 362
442 365
442 388
442 408
442 411
442 440
442 466
442 493
443 1
443 41
443 78
443 135
443 139
443 171
443 178
443 186
443 199
443 221
443 235
443 241
443 256
443 271
443 286
443 319
443 394
443 406
443 437
443 440
443 460
443 462
444 0
444 5
444 23
444 49
444 63
444 67
444 120
444 134
444 136
444 195
444 202
444 218
444 221
444 299
444 336
444 385
444 403
444 412
444 454
444 485
445 9
445 14
445 87
445 106
445 133
445 152
445 188
445 190
445 192
445 200
445 211
445 218
445 225
445 244
445 264
445 269
445 309
445 336
445 340
445 345
445 356
445 375
445 397
445 402
445 405
445 423
445 424
445 449
445 456
445 458
445 475
445 477
445 481
446 1
446 16
446 30
446 35
446 60
446 129
446 189
446 193
446 217
446 248
446 291
446 295
446 320
446 335
446 338
446 357
446 379
446 388
446 400
446 405
446 411
446 449
446 457
446 459
447 21
447 83
447 99
447 103
447 107
447 119
447 201
447 203
447 209
447 212
447 218
447 261
447 282
447 298
447 342
447 357
447 361
447 369
447 405
447 414
447 430
447 478
447 483
447 493
448 4
448 25
448 49
448 131
448 138
448 165
448 194
448 227
448 240
448 249
448 279
448 299
448 334
448 337
448 349
448 368
448 381
448 413
448 423
448 441
448 454
448 466
448 483
448 489
448 497
449 29
449 35
449 37
449 43
449 52
449 63
449 69
449 83
449 94
449 101
449 107
449 117
449 118
449 182
449 209
449 211
449 212
449 244
449 275
449 290
449 349
449 391
449 401
449 404
449 441
449 445
449 446
449 469
449 474
450 10
450 56
450 64
450 65
450 69
450 83
450 91
450 95
450 161
450 168
450 199
450 223
450 256
450 258
450 283
450 318
450 319
450 323
450 335
450 367
450 383
450 387
450 392
450 401
450 441
450 457
450 458
450 495
451 16
451 25
451 74
451 105
451 106
451 112
451 136
451 147
451 191
451 197
451 217
451 261
451 262
451 271
451 329
451 340
451 402
451 407
451 417
452 14
452 25
452 30
452 56
452 65
452 84
452 111
452 125
452 145
452 154
452 166
452 271
452 299
452 313
452 338
452 354
452 390
452 467
452 487
452 499
453 40
453 44
453 62
453 129
453 157
453 177
453 179
453 181
453 201
453 220
453 236
453 242
453 251
453 262
453 355
453 359
453 360
453 374
453 389
453 395
453 400
453 481
454 18
454 21
454 26
454 32
454 76
454 107
454 127
454 181
454 244
454 256
454 260
454 267
454 275
454 279
454 318
454 330
454 386
454 389
454 396
454 423
454 427
454 433
454 434
454 444
454 448
454 489
455 10
455 76
455 85
455 104
455 150
455 233
455 248
455 308
455 311
455 330
455 335
455 364
455 396
455 436
455 470
455 482
455 487
456 2
456 3
456 5
456 24
456 44
456 51
456 55
456 66
456 131
456 145
456 189
456 214
456 238
456 242
456 243
456 244
456 254
456 255
456 260
456 267
456 291
456 303
456 307
456 321
456 396
456 445
456 463
456 467
457 44
457 80
457 104
457 125
457 134
457 179
457 207
457 259
457 300
457 301
457 324
457 352
457 427
457 446
457 450
457 473
458 15
458 21
458 35
458 61
458 92
458 99
458 144
458 153
458 215
458 256
458 259
458 271
458 289
458 294
458 315
458 338
458 378
458 393
458 399
458 401
458 437
458 445
458 450
458 486
458 499
459 15
459 35
459 36
459 47
459 54
459 86
459 121
459 142
459 147
459 158
459 173
459 190
459 207
459 233
459 258
459 263
459 267
459 276
459 322
459 331
459 357
459 359
459 370
459 373
459 397
459 413
459 434
459 440
459 446
459 466
460 13
460 18
460 38
460 47
460 56
460 81
460 132
460 137
460 190
460 203
460 268
460 271
460 278
460 281
460 297
460 315
460 359
460 361
460 375
460 393
460 398
460 414
460 419
460 443
460 463
460 479
460 489
461 7
461 9
461 10
461 30
461 56
461 85
461 118
461 128
461 143
461 149
461 220
461 266
461 277
461 282
461 291
461 298
461 324
461 325
461 330
461 347
461 391
461 412
461 426
461 428
461 471
461 472
462 28
462 52
462 77
462 97
462 116
462 194
462 242
462 246
462 260
462 292
462 293
462 319
462 372
462 393
462 417
462 433
462 443
462 477
462 490
463 0
463 36
463 89
463 110
463 159
463 173
463 185
463 208
463 276
463 328
463 334
463 340
463 355
463 391
463 456
463 460
463 482
464 37
464 38
464 43
464 53
464 57
464 58
464 59
464 69
464 72
464 91
464 128
464 171
464 193
464 224
464 241
464 264
464 270
464 292
464 340
464 343
464 362
464 379
464 401
464 430
464 435
465 52
465 63
465 85
465 89
465 114
465 146
465 150
465 172
465 174
465 192
465 227
465 233
465 255
465 285
465 311
465 319
465 344
465 346
465 360
465 365
465 406
465 466
465 479
465 484
466 9
466 17
466 23
466 61
466 83
466 96
466 137
466 153
466 155
466 186
466 187
466 197
466 211
466 222
466 232
466 281
466 288
466 305
466 321
466 360
466 374
466 376
466 383
466 387
466 388
466 413
466 420
466 440
466 442
466 448
466 459
466 465
466 482
466 494
466 497
466 498
467 41
467 43
467 68
467 132
467 142
467 160
467 170
467 171
467 185
467 187
467 318
467 320
467 321
467 330
467 338
467 342
467 351
467 361
467 368
467 376
467 385
467 410
467 416
467 452
467 456
467 471
467 491
467 493
467 494
468 9
468 62
468 75
468 83
468 100
468 106
468 110
468 137
468 140
468 172
468 189
468 202
468 228
468 233
468 244
468 257
468 283
468 308
468 310
468 324
468 344
468 365
468 380
468 413
468 415
468 433
469 3
469 38
469 98
469 102
469 107
469 160
469 200
469 215
469 249
469 295
469 336
469 415
469 436
469 437
469 449
470 2
470 32
470 103
470 104
470 116
470 138
470 154
470 173
470 176
470 262
470 268
470 272
470 284
470 299
470 304
470 351
470 355
470 455
470 475
470 495
471 30
471 40
471 43
471 44
471 61
471 82
471 115
471 167
471 177
471 199
471 267
471 281
471 340
471 369
471 427
471 431
471 461
471 467
471 479
471 499
472 9
472 45
472 111
472 147
472 175
472 187
472 221
472 307
472 319
472 355
472 368
472 379
472 380
472 384
472 407
472 429
472 461
472 491
473 23
473 41
473 44
473 55
473 63
473 75
473 84
473 85
473 101
473 105
473 115
473 117
473 133
473 138
473 190
473 192
473 224
473 261
473 292
473 320
473 321
473 339
473 345
473 457
473 485
474 2
474 39
474 62
474 92
474 93
474 107
474 120
474 145
474 148
474 166
474 169
474 179
474 180
474 182
474 185
474 192
474 201
474 220
474 235
474 253
474 258
474 261
474 294
474 330
474 331
474 336
474 340
474 354
474 364
474 370
474 382
474 385
474 388
474 449
474 487
475 5
475 22
475 37
475 41
475 82
475 121
475 167
475 180
475 181
475 222
475 252
475 293
475 294
475 309
475 313
475 375
475 377
475 405
475 414
475 445
475 470
475 495
476 13
476 31
476 69
476 96
476 98
476 110
476 140
476 157
476 234
476 263
476 279
476 289
476 292
476 296
476 297
476 302
476 304
476 341
476 392
477 25
477 32
477 64
477 66
477 82
477 89
477 92
477 120
477 131
477 174
477 190
477 202
477 208
477 219
477 265
477 285
477 321
477 330
477 339
477 372
477 407
477 409
477 412
477 416
477 423
477 431
477 445
477 462
478 0
478 21
478 31
478 35
478 38
478 46
478 48
478 51
478 62
478 83
478 124
478 129
478 139
478 147
478 174
478 202
478 238
478 283
478 320
478 323
478 338
478 346
478 363
478 377
478 382
478 388
478 392
478 410
478 447
478 489
479 23
479 37
479 54
479 64
479 81
479 97
479 122
479 134
479 192
479 231
479 247
479 250
479 292
479 299
479 303
479 311
479 319
479 330
479 349
479 357
479 377
479 387
479 397
479 417
479 460
479 465
479 471
479 483
479 491
479 493
480 2
480 22
480 36
480 51
480 71
480 91
480 174
480 182
480 184
480 259
480 261
480 271
480 311
480 335
480 390
480 391
480 397
480 410
480 431
480 490
480 498
481 21
481 39
481 46
481 50
481 63
481 76
481 80
481 109
481 112
481 121
481 177
481 220
481 235
481 237
481 276
481 306
481 310
481 343
481 391
481 414
481 419
481 435
481 445
481 453
481 489
482 14
482 23
482 74
482 99
482 110
482 158
482 180
482 288
482 299
482 357
482 406
482 415
482 421
482 424
482 425
482 455
482 463
482 466
483 11
483 25
483 69
483 72
483 80
483 81
483 82
483 84
483 113
483 117
483 129
483 139
483 141
483 143
483 161
483 172
483 233
483 275
483 296
483 305
483 328
483 369
483 379
483 395
483 398
483 426
483 428
483 439
483 447
483 448
483 479
483 497
484 17
484 21
484 54
484 61
484 72
484 89
484 125
484 126
484 137
484 177
484 189
484 192
484 196
484 210
484 311
484 337
484 365
484 395
484 414
484 416
484 436
484 465
485 12
485 18
485 35
485 57
485 60
485 71
485 90
485 105
485 115
485 133
485 151
485 154
485 162
485 199
485 213
485 226
485 234
485 252
485 293
485 296
485 297
485 335
485 361
485 370
485 375
485 399
485 416
485 432
485 444
485 473
486 48
486 51
486 53
486 69
486 92
486 109
486 139
486 150
486 260
486 273
486 303
486 304
486 329
486 348
486 353
486 366
486 370
486 415
486 458
486 494
487 23
487 78
487 79
487 101
487 102
487 120
487 125
487 137
487 139
487 142
487 143
487 183
487 203
487 267
487 330
487 346
487 367
487 438
487 452
487 455
487 474
488 13
488 21
488 36
488 39
488 84
488 93
488 115
488 117
488 124
488 128
488 144
488 179
488 189
488 213
488 227
488 272
488 278
488 304
488 306
488 316
488 334
488 364
488 369
488 384
488 427
488 492
488 497
489 4
489 5
489 21
489 101
489 107
489 110
489 125
489 126
489 145
489 158
489 191
489 201
489 219
489 231
489 234
489 238
489 270
489 271
489 296
489 317
489 320
489 334
489 347
489 428
489 448
489 454
489 460
489 478
489 481
490 53
490 61
490 106
490 107
490 113
490 136
490 138
490 146
490 152
490 157
490 192
490 206
490 251
490 304
490 324
490 333
490 345
490 366
490 385
490 399
490 433
490 462
490 480
490 495
491 15
491 16
491 38
491 89
491 105
491 114
491 165
491 194
491 206
491 212
491 221
491 242
491 268
491 276
491 285
491 306
491 348
491 351
491 388
491 396
491 467
491 472
491 479
492 5
492 67
492 83
492 84
492 101
492 119
492 145
492 152
492 164
492 203
492 213
492 216
492 247
492 253
492 260
492 285
492 290
492 307
492 310
492 311
492 312
492 353
492 379
492 384
492 405
492 407
492 488
493 10
493 18
493 54
493 79
493 87
493 137
493 146
493 160
493 169
493 208
493 215
493 224
493 266
493 326
493 341
493 344
493 357
493 387
493 412
493 415
493 430
493 442
493 447
493 467
493 479
494 18
494 33
494 38
494 67
494 68
494 72
494 91
494 103
494 106
494 141
494 145
494 166
494 173
494 176
494 195
494 224
494 232
494 290
494 304
494 317
494 421
494 428
494 435
494 436
494 466
494 467
494 486
495 21
495 39
495 56
495 67
495 72
495 86
495 100
495 136
495 145
495 195
495 196
495 248
495 254
495 287
495 300
495 301
495 309
495 316
495 318
495 379
495 389
495 395
495 430
495 450
495 470
495 475
495 490
495 496
496 0
496 9
496 26
496 108
496 113
496 133
496 135
496 208
496 228
496 244
496 247
496 273
496 299
496 320
496 338
496 361
496 379
496 382
496 388
496 437
496 495
496 497
497 14
497 17
497 24
497 28
497 44
497 57
497 59
497 62
497 65
497 100
497 141
497 191
497 215
497 245
497 266
497 275
497 282
497 291
497 307
497 349
497 350
497 399
497 448
497 466
497 483
497 488
497 496
498 7
498 18
498 24
498 89
498 95
498 121
498 125
498 126
498 133
498 156
498 162
498 170
498 180
498 182
498 211
498 273
498 278
498 291
498 299
498 323
498 324
498 352
498 374
498 403
498 427
498 433
498 466
498 480
499 1
499 4
499 25
499 49
499 65
499 114
499 125
499 140
499 157
499 170
499 178
499 188
499 214
499 252
499 273
499 274
499 277
499 286
499 289
499 312
499 317
499 328
499 330
499 395
499 436
499 452
499 458
499 471