200 1030
0 7
0 17
0 27
0 49
0 60
0 63
0 67
0 68
0 83
0 100
0 111
0 161
0 197
1 6
1 14
1 21
1 28
1 48
1 79
1 105
1 111
1 145
1 150
1 164
2 12
2 43
2 45
2 49
2 68
2 83
2 101
2 105
2 124
2 138
2 165
2 196
3 11
3 38
3 60
3 73
3 79
3 123
3 160
4 56
4 59
4 82
4 83
4 112
4 120
4 147
4 155
4 158
5 17
5 18
5 22
5 46
5 95
5 118
6 1
6 7
6 23
6 27
6 41
6 59
6 67
6 76
6 86
6 99
6 129
6 133
6 141
6 177
7 0
7 6
7 39
7 48
7 86
7 100
7 104
7 110
7 130
7 141
7 161
7 164
8 16
8 19
8 28
8 44
8 105
8 109
8 123
8 146
8 149
8 155
8 185
8 188
9 13
9 48
9 61
9 74
9 85
9 108
9 112
9 113
9 179
10 12
10 25
10 67
10 68
10 87
10 161
10 166
10 187
11 3
11 82
12 2
12 10
12 25
12 32
12 40
12 89
12 112
12 124
12 165
12 175
13 9
13 20
13 39
13 59
13 68
13 70
13 95
13 96
13 139
13 144
13 148
14 1
14 24
14 120
14 143
14 145
14 151
14 152
14 157
14 167
14 186
15 59
15 71
15 90
15 104
15 107
15 122
15 139
15 144
15 155
15 163
15 192
16 8
16 39
16 94
16 106
16 110
16 148
17 0
17 5
17 24
17 25
17 54
17 60
17 75
17 89
17 90
17 91
17 93
17 129
17 140
17 165
17 172
18 5
18 65
18 67
18 81
18 93
18 120
18 138
18 141
18 151
18 154
18 197
19 8
19 36
19 74
19 155
19 164
19 186
20 13
20 88
20 92
20 156
20 193
20 197
21 1
21 30
21 51
21 62
21 73
21 78
21 88
21 90
21 102
21 109
21 125
21 130
21 142
21 143
21 171
21 181
21 190
22 5
22 35
22 49
22 53
22 55
22 74
22 104
22 132
22 144
22 158
22 196
23 6
23 42
23 43
23 48
23 67
23 96
23 167
23 181
23 192
23 196
24 14
24 17
24 63
24 66
24 77
24 147
24 165
25 10
25 12
25 17
25 57
25 82
25 110
25 139
25 167
25 190
25 197
26 30
26 35
26 51
26 63
26 68
26 84
26 89
26 91
26 95
26 119
26 144
26 193
27 0
27 6
27 48
27 97
27 109
27 111
27 121
27 174
27 186
27 190
28 1
28 8
28 46
28 50
28 79
28 102
28 123
28 132
28 139
28 158
28 169
28 175
28 181
28 194
29 49
29 54
29 60
29 92
29 152
29 169
29 180
30 21
30 26
30 37
30 51
30 115
30 191
31 52
31 56
31 78
31 90
31 109
31 123
31 133
31 136
31 185
31 186
32 12
32 66
32 84
32 85
32 99
32 105
32 137
32 145
32 150
32 157
32 158
32 168
32 190
33 36
33 71
33 85
33 97
33 142
33 173
33 199
34 53
34 66
34 69
34 95
34 103
34 113
34 124
34 142
34 143
34 157
34 159
35 22
35 26
35 60
35 84
35 97
35 111
35 114
35 139
35 145
35 149
35 153
35 157
35 186
36 19
36 33
36 42
36 47
36 86
36 95
36 112
36 134
36 146
36 151
36 175
36 193
36 199
37 30
37 88
37 104
37 121
37 140
37 151
37 155
37 171
37 196
38 3
38 51
38 63
38 86
38 91
38 112
38 160
38 165
38 185
39 7
39 13
39 16
39 46
39 47
39 66
39 112
39 121
39 132
39 133
39 135
39 139
39 155
39 171
39 199
40 12
40 42
40 56
40 116
40 174
40 179
40 186
40 193
41 6
41 65
41 80
41 96
41 155
41 176
42 23
42 36
42 40
42 62
42 88
42 91
42 154
42 159
42 167
42 198
43 2
43 23
43 53
43 127
43 171
44 8
44 57
44 58
44 90
44 102
44 109
44 111
44 171
44 179
44 192
44 195
45 2
45 49
45 57
45 92
45 107
45 114
45 121
45 122
45 128
45 139
45 153
45 184
46 5
46 28
46 39
46 63
46 83
46 131
46 145
46 154
46 196
47 36
47 39
47 48
47 50
47 69
47 74
47 114
47 145
47 147
47 154
48 1
48 7
48 9
48 23
48 27
48 47
48 60
48 106
48 108
48 110
48 111
48 149
48 175
49 0
49 2
49 22
49 29
49 45
49 142
50 28
50 47
50 56
50 81
50 93
50 121
50 139
50 152
50 158
50 169
50 172
50 181
50 197
51 21
51 26
51 30
51 38
51 90
51 97
51 146
51 150
51 164
51 194
52 31
52 81
52 88
52 92
52 124
52 152
52 167
52 176
52 191
53 22
53 34
53 43
53 66
53 104
53 108
53 109
53 149
53 155
53 180
53 188
53 189
53 193
54 17
54 29
54 58
54 67
54 78
54 82
54 85
54 97
54 107
54 112
54 163
54 172
54 179
55 22
55 81
55 85
55 148
56 4
56 31
56 40
56 50
56 126
56 148
56 162
56 173
56 181
57 25
57 44
57 45
57 133
58 44
58 54
58 90
58 121
58 142
58 186
59 4
59 6
59 13
59 15
59 68
59 93
59 101
59 135
59 170
59 192
60 0
60 3
60 17
60 29
60 35
60 48
60 172
61 9
61 78
61 100
61 120
61 162
61 168
61 169
62 21
62 42
62 114
62 138
62 177
62 179
62 199
63 0
63 24
63 26
63 38
63 46
63 89
63 98
63 157
63 174
63 181
63 185
64 70
64 73
64 76
64 80
64 81
64 87
64 101
64 116
64 122
64 131
64 132
64 148
64 172
65 18
65 41
65 70
65 74
65 93
65 165
65 169
66 24
66 32
66 34
66 39
66 53
66 85
66 90
66 103
66 111
66 123
66 141
66 142
66 144
66 150
66 172
67 0
67 6
67 10
67 18
67 23
67 54
67 100
67 145
67 150
67 171
67 183
67 189
68 0
68 2
68 10
68 13
68 26
68 59
68 80
68 86
68 102
68 143
68 175
69 34
69 47
69 75
69 84
69 87
69 88
69 93
69 96
69 120
69 126
69 138
69 156
69 161
69 199
70 13
70 64
70 65
70 77
70 92
70 97
70 106
70 123
70 127
70 131
70 138
70 150
70 156
70 163
70 179
71 15
71 33
71 72
71 94
71 101
71 107
71 110
71 115
71 152
71 166
71 171
71 183
71 189
71 199
72 71
72 108
72 191
73 3
73 21
73 64
73 76
73 89
73 147
73 164
73 171
73 198
74 9
74 19
74 22
74 47
74 65
74 83
74 111
74 145
74 150
74 181
75 17
75 69
75 98
75 99
75 135
75 142
75 144
75 145
75 164
75 185
75 187
75 192
75 199
76 6
76 64
76 73
76 105
76 114
76 158
76 176
76 199
77 24
77 70
77 138
77 141
77 152
77 178
78 21
78 31
78 54
78 61
78 88
78 94
78 100
78 115
78 122
78 138
78 157
78 160
78 161
78 186
78 192
79 1
79 3
79 28
79 88
79 89
79 92
79 100
79 106
79 158
79 175
80 41
80 64
80 68
80 90
80 96
80 111
80 114
80 162
80 178
80 185
81 18
81 50
81 52
81 55
81 64
81 181
81 184
81 189
82 4
82 11
82 25
82 54
82 105
82 109
82 125
82 137
82 145
82 162
83 0
83 2
83 4
83 46
83 74
83 88
83 94
83 111
83 116
83 141
83 167
83 169
83 179
84 26
84 32
84 35
84 69
84 90
84 97
84 103
84 110
84 114
84 118
84 130
84 135
84 140
85 9
85 32
85 33
85 54
85 55
85 66
85 90
85 100
85 140
85 151
85 160
85 161
86 6
86 7
86 36
86 38
86 68
86 122
86 148
87 10
87 64
87 69
87 132
87 133
87 138
87 154
87 192
88 20
88 21
88 37
88 42
88 52
88 69
88 78
88 79
88 83
88 121
88 128
88 129
88 180
88 195
89 12
89 17
89 26
89 63
89 73
89 79
89 94
89 116
89 119
89 132
89 137
89 144
89 148
89 166
89 174
89 177
89 186
89 187
89 196
89 199
90 15
90 17
90 21
90 31
90 44
90 51
90 58
90 66
90 80
90 84
90 85
90 111
90 113
90 119
91 17
91 26
91 38
91 42
91 105
91 140
91 147
91 163
91 168
91 182
92 20
92 29
92 45
92 52
92 70
92 79
92 93
92 97
92 100
92 111
92 128
92 155
92 177
92 181
92 188
93 17
93 18
93 50
93 59
93 65
93 69
93 92
93 103
93 125
93 139
93 140
93 153
93 158
93 187
94 16
94 71
94 78
94 83
94 89
94 142
94 151
94 194
95 5
95 13
95 26
95 34
95 36
95 100
95 117
95 140
95 197
96 13
96 23
96 41
96 69
96 80
96 105
96 120
96 125
96 137
96 143
96 157
96 178
96 180
96 193
97 27
97 33
97 35
97 51
97 54
97 70
97 84
97 92
97 100
97 115
97 118
97 124
97 136
97 137
98 63
98 75
98 144
98 152
98 162
98 195
98 196
99 6
99 32
99 75
99 109
99 119
99 132
99 141
100 0
100 7
100 61
100 67
100 78
100 79
100 85
100 92
100 95
100 97
100 101
100 107
100 116
100 126
100 171
100 172
100 183
100 196
101 2
101 59
101 64
101 71
101 100
101 161
101 167
101 172
101 174
101 175
101 177
101 184
102 21
102 28
102 44
102 68
102 144
102 170
102 184
103 34
103 66
103 84
103 93
103 143
103 150
103 173
103 191
104 7
104 15
104 22
104 37
104 53
104 126
104 129
104 139
104 144
104 152
104 157
105 1
105 2
105 8
105 32
105 76
105 82
105 91
105 96
105 119
105 121
105 143
105 144
105 166
105 194
106 16
106 48
106 70
106 79
106 112
106 114
106 178
106 181
106 191
106 194
107 15
107 45
107 54
107 71
107 100
107 144
107 171
107 181
107 198
108 9
108 48
108 53
108 72
108 131
108 187
109 8
109 21
109 27
109 31
109 44
109 53
109 82
109 99
109 169
109 183
109 185
109 198
110 7
110 16
110 25
110 48
110 71
110 84
110 125
110 132
110 155
110 160
110 165
110 167
110 187
111 0
111 1
111 27
111 35
111 44
111 48
111 66
111 74
111 80
111 83
111 90
111 92
111 112
111 145
111 158
111 185
112 4
112 9
112 12
112 36
112 38
112 39
112 54
112 106
112 111
112 113
112 117
112 124
112 125
112 138
112 143
112 173
112 176
112 187
113 9
113 34
113 90
113 112
113 139
113 143
113 147
113 160
113 177
114 35
114 45
114 47
114 62
114 76
114 80
114 84
114 106
114 135
114 151
114 181
115 30
115 71
115 78
115 97
115 125
115 131
115 185
116 40
116 64
116 83
116 89
116 100
116 134
116 169
116 181
116 182
116 183
117 95
117 112
117 132
117 141
117 161
117 168
117 192
118 5
118 84
118 97
118 154
118 176
119 26
119 89
119 90
119 99
119 105
119 123
119 133
119 170
119 172
119 189
120 4
120 14
120 18
120 61
120 69
120 96
120 127
120 168
120 184
121 27
121 37
121 39
121 45
121 50
121 58
121 88
121 105
121 177
121 194
121 195
122 15
122 45
122 64
122 78
122 86
122 136
122 155
122 165
123 3
123 8
123 28
123 31
123 66
123 70
123 119
123 132
123 135
124 2
124 12
124 34
124 52
124 97
124 112
124 126
124 177
124 196
125 21
125 82
125 93
125 96
125 110
125 112
125 115
125 151
125 153
125 156
126 56
126 69
126 100
126 104
126 124
126 136
126 153
126 154
126 191
126 198
127 43
127 70
127 120
127 136
127 139
127 148
127 149
127 168
127 175
127 195
128 45
128 88
128 92
128 133
128 145
128 147
128 177
129 6
129 17
129 88
129 104
130 7
130 21
130 84
130 131
130 166
130 177
131 46
131 64
131 70
131 108
131 115
131 130
131 158
131 194
131 197
132 22
132 28
132 39
132 64
132 87
132 89
132 99
132 110
132 117
132 123
132 148
133 6
133 31
133 39
133 57
133 87
133 119
133 128
133 155
133 175
133 183
134 36
134 116
134 136
134 140
134 157
134 165
134 184
134 196
135 39
135 59
135 75
135 84
135 114
135 123
135 141
135 146
135 147
135 152
135 153
135 154
136 31
136 97
136 122
136 126
136 127
136 134
136 156
136 164
137 32
137 82
137 89
137 96
137 97
137 138
137 167
137 180
137 191
137 197
137 199
138 2
138 18
138 62
138 69
138 70
138 77
138 78
138 87
138 112
138 137
138 140
138 180
139 13
139 15
139 25
139 28
139 35
139 39
139 45
139 50
139 93
139 104
139 113
139 127
139 169
139 175
139 187
139 196
140 17
140 37
140 84
140 85
140 91
140 93
140 95
140 134
140 138
140 183
140 187
141 6
141 7
141 18
141 66
141 77
141 83
141 99
141 117
141 135
141 143
141 161
141 176
141 187
141 191
142 21
142 33
142 34
142 49
142 58
142 66
142 75
142 94
142 163
142 169
142 173
142 180
143 14
143 21
143 34
143 68
143 96
143 103
143 105
143 112
143 113
143 141
143 173
144 13
144 15
144 22
144 26
144 66
144 75
144 89
144 98
144 102
144 104
144 105
144 107
144 154
144 195
145 1
145 14
145 32
145 35
145 46
145 47
145 67
145 74
145 75
145 82
145 111
145 128
145 170
145 197
146 8
146 36
146 51
146 135
146 154
146 169
146 172
146 198
147 4
147 24
147 47
147 73
147 91
147 113
147 128
147 135
147 150
147 162
147 169
147 173
147 182
147 196
147 199
148 13
148 16
148 55
148 56
148 64
148 86
148 89
148 127
148 132
148 170
148 174
148 181
148 196
149 8
149 35
149 48
149 53
149 127
149 167
149 182
150 1
150 32
150 51
150 66
150 67
150 70
150 74
150 103
150 147
150 156
150 160
150 165
150 174
150 187
150 190
151 14
151 18
151 36
151 37
151 85
151 94
151 114
151 125
151 154
151 164
151 165
151 196
152 14
152 29
152 50
152 52
152 71
152 77
152 98
152 104
152 135
152 154
152 159
152 193
153 35
153 45
153 93
153 125
153 126
153 135
153 174
153 188
153 194
154 18
154 42
154 46
154 47
154 87
154 118
154 126
154 135
154 144
154 146
154 151
154 152
154 160
154 172
154 175
154 189
154 191
155 4
155 8
155 15
155 19
155 37
155 39
155 41
155 53
155 92
155 110
155 122
155 133
155 193
156 20
156 69
156 70
156 125
156 136
156 150
156 182
156 193
157 14
157 32
157 34
157 35
157 63
157 78
157 96
157 104
157 134
158 4
158 22
158 28
158 32
158 50
158 76
158 79
158 93
158 111
158 131
159 34
159 42
159 152
159 160
160 3
160 38
160 78
160 85
160 110
160 113
160 150
160 154
160 159
160 195
161 0
161 7
161 10
161 69
161 78
161 85
161 101
161 117
161 141
161 164
161 171
161 178
161 183
162 56
162 61
162 80
162 82
162 98
162 147
162 174
162 195
163 15
163 54
163 70
163 91
163 142
163 170
164 1
164 7
164 19
164 51
164 73
164 75
164 136
164 151
164 161
165 2
165 12
165 17
165 24
165 38
165 65
165 110
165 122
165 134
165 150
165 151
165 169
165 177
165 186
166 10
166 71
166 89
166 105
166 130
166 196
167 14
167 23
167 25
167 42
167 52
167 83
167 101
167 110
167 137
167 149
167 168
167 176
168 32
168 61
168 91
168 117
168 120
168 127
168 167
168 174
168 178
168 190
169 28
169 29
169 50
169 61
169 65
169 83
169 109
169 116
169 139
169 142
169 146
169 147
169 165
169 182
169 195
169 196
170 59
170 102
170 119
170 145
170 148
170 163
170 184
170 187
171 21
171 37
171 39
171 43
171 44
171 67
171 71
171 73
171 100
171 107
171 161
171 196
172 17
172 50
172 54
172 60
172 64
172 66
172 100
172 101
172 119
172 146
172 154
172 187
172 198
173 33
173 56
173 103
173 112
173 142
173 143
173 147
173 184
173 198
174 27
174 40
174 63
174 89
174 101
174 148
174 150
174 153
174 162
174 168
174 178
174 192
175 12
175 28
175 36
175 48
175 68
175 79
175 101
175 127
175 133
175 139
175 154
175 186
176 41
176 52
176 76
176 112
176 118
176 141
176 167
176 192
177 6
177 62
177 89
177 92
177 101
177 113
177 121
177 124
177 128
177 130
177 165
178 77
178 80
178 96
178 106
178 161
178 168
178 174
178 181
178 185
178 190
179 9
179 40
179 44
179 54
179 62
179 70
179 83
180 29
180 53
180 88
180 96
180 137
180 138
180 142
181 21
181 23
181 28
181 50
181 56
181 63
181 74
181 81
181 92
181 106
181 107
181 114
181 116
181 148
181 178
181 199
182 91
182 116
182 147
182 149
182 156
182 169
182 190
183 67
183 71
183 100
183 109
183 116
183 133
183 140
183 161
184 45
184 81
184 101
184 102
184 120
184 134
184 170
184 173
184 186
185 8
185 31
185 38
185 63
185 75
185 80
185 109
185 111
185 115
185 178
186 14
186 19
186 27
186 31
186 35
186 40
186 58
186 78
186 89
186 165
186 175
186 184
186 194
186 199
187 10
187 75
187 89
187 93
187 108
187 110
187 112
187 139
187 140
187 141
187 150
187 170
187 172
187 188
187 191
188 8
188 53
188 92
188 153
188 187
189 53
189 67
189 71
189 81
189 119
189 154
190 21
190 25
190 27
190 32
190 150
190 168
190 178
190 182
190 197
191 30
191 52
191 72
191 103
191 106
191 126
191 137
191 141
191 154
191 187
192 15
192 23
192 44
192 59
192 75
192 78
192 87
192 117
192 174
192 176
192 198
193 20
193 26
193 36
193 40
193 53
193 96
193 152
193 155
193 156
194 28
194 51
194 94
194 105
194 106
194 121
194 131
194 153
194 186
195 44
195 88
195 98
195 121
195 127
195 144
195 160
195 162
195 169
196 2
196 22
196 23
196 37
196 46
196 89
196 98
196 100
196 124
196 134
196 139
196 147
196 148
196 151
196 166
196 169
196 171
197 0
197 18
197 20
197 25
197 50
197 95
197 131
197 137
197 145
197 190
198 42
198 73
198 107
198 109
198 126
198 146
198 172
198 173
198 192
199 33
199 36
199 39
199 62
199 69
199 71
199 75
199 76
199 89
199 137
199 147
199 181
199 186