200 534
0 14
0 36
0 92
0 125
0 126
0 141
0 151
0 152
0 180
1 6
1 60
1 84
1 124
1 176
1 190
2 70
2 73
2 109
2 120
2 137
2 175
3 83
3 147
4 51
4 84
4 129
5 8
5 65
5 66
5 76
5 157
5 175
6 1
6 26
6 62
6 69
6 100
6 197
7 88
7 101
7 171
7 176
7 195
7 196
8 5
8 51
8 55
8 95
8 111
8 130
8 135
8 138
8 139
8 153
9 23
9 76
9 116
9 138
9 181
10 16
10 43
10 109
11 33
11 59
11 67
11 88
11 181
12 31
12 63
12 114
12 163
12 196
13 23
13 45
13 47
13 53
13 87
13 98
13 158
13 177
13 183
13 190
13 197
14 0
14 53
14 61
14 135
14 136
14 177
15 38
15 76
15 151
15 152
16 10
16 62
16 69
16 122
16 124
16 137
16 138
16 168
17 20
17 65
17 145
17 154
17 164
18 44
18 61
18 73
18 86
18 113
18 128
18 135
19 55
19 111
20 17
20 42
20 48
20 54
20 63
20 103
20 149
20 169
20 190
21 54
21 142
21 172
22 148
23 9
23 13
23 53
23 58
23 85
23 122
23 141
23 160
23 170
23 174
24 33
24 34
25 40
25 112
25 152
25 191
25 195
25 196
26 6
26 191
26 195
27 120
28 39
28 163
28 174
29 81
29 125
29 155
30 53
30 124
30 125
30 149
30 151
31 12
31 60
31 133
31 155
32 88
32 176
33 11
33 24
33 41
33 102
33 188
34 24
34 49
34 97
34 102
34 190
35 104
35 135
35 175
35 187
36 0
36 194
36 196
37 55
37 57
37 72
37 74
37 82
37 91
37 92
37 158
38 15
38 116
38 157
38 160
39 28
39 58
39 88
39 107
39 117
39 131
39 143
39 175
39 198
40 25
40 52
40 84
40 150
41 33
41 45
41 117
41 156
41 159
42 20
42 167
43 10
43 71
43 79
43 92
43 109
43 142
43 173
43 180
43 188
44 18
44 49
44 67
44 142
44 147
44 169
44 182
44 197
45 13
45 41
45 60
45 134
45 151
45 159
46 159
46 163
46 180
47 13
47 81
47 82
47 134
47 145
47 165
47 184
48 20
48 60
48 178
49 34
49 44
49 112
49 131
50 70
50 88
50 159
51 4
51 8
51 53
51 80
52 40
52 97
52 138
52 159
52 170
52 177
52 180
53 13
53 14
53 23
53 30
53 51
53 56
53 78
53 128
53 137
53 148
54 20
54 21
54 83
54 100
54 137
54 179
55 8
55 19
55 37
55 68
55 98
55 104
55 110
55 129
55 133
55 165
55 176
55 180
55 186
56 53
56 78
56 106
57 37
58 23
58 39
58 88
58 109
58 115
58 116
58 159
58 160
58 167
59 11
59 123
59 148
59 152
59 162
59 169
60 1
60 31
60 45
60 48
60 73
60 119
60 144
60 155
60 159
61 14
61 18
61 84
61 100
61 128
61 142
61 154
62 6
62 16
62 131
62 189
62 194
63 12
63 20
63 77
63 125
63 142
63 176
63 185
63 187
64 76
64 93
64 173
65 5
65 17
65 79
65 100
65 171
65 182
66 5
66 165
67 11
67 44
67 94
67 137
67 193
68 55
68 160
69 6
69 16
69 74
69 103
69 133
69 161
70 2
70 50
70 72
71 43
71 79
71 109
72 37
72 70
72 94
72 146
72 182
72 194
73 2
73 18
73 60
73 109
73 125
73 153
73 160
73 161
73 178
73 185
73 198
74 37
74 69
74 124
74 126
74 161
74 169
75 104
75 125
75 127
75 128
75 144
75 157
75 163
76 5
76 9
76 15
76 64
76 79
76 149
76 156
76 162
77 63
77 79
77 147
77 170
78 53
78 56
78 85
78 92
78 154
79 43
79 65
79 71
79 76
79 77
79 190
80 51
80 95
80 166
80 191
80 194
81 29
81 47
81 153
81 190
82 37
82 47
82 94
82 119
82 148
82 177
82 194
83 3
83 54
83 104
83 198
84 1
84 4
84 40
84 61
85 23
85 78
85 111
85 148
85 177
86 18
86 96
86 111
86 114
86 134
86 149
86 150
86 171
87 13
88 7
88 11
88 32
88 39
88 50
88 58
88 99
88 129
88 166
89 113
89 160
90 110
90 136
91 37
91 138
91 147
91 199
92 0
92 37
92 43
92 78
92 110
92 111
92 123
92 144
92 172
92 180
92 188
93 64
93 126
93 155
93 184
94 67
94 72
94 82
94 98
94 124
94 132
94 134
94 150
94 172
94 188
94 189
95 8
95 80
95 155
95 178
95 192
96 86
96 134
96 190
96 191
97 34
97 52
97 104
97 174
97 186
98 13
98 55
98 94
98 167
98 196
99 88
99 127
99 131
99 143
100 6
100 54
100 61
100 65
100 102
100 172
101 7
101 125
101 188
102 33
102 34
102 100
102 124
102 195
102 198
103 20
103 69
103 178
104 35
104 55
104 75
104 83
104 97
104 119
104 194
105 125
105 136
105 178
105 192
105 198
106 56
106 128
106 143
106 175
107 39
107 158
108 138
109 2
109 10
109 43
109 58
109 71
109 73
109 128
109 149
109 175
109 178
109 180
110 55
110 90
110 92
110 115
110 123
110 192
111 8
111 19
111 85
111 86
111 92
111 128
112 25
112 49
112 149
112 183
112 199
113 18
113 89
113 118
114 12
114 86
114 172
114 173
114 188
114 193
115 58
115 110
115 197
116 9
116 38
116 58
116 125
116 163
116 196
117 39
117 41
117 168
118 113
118 159
119 60
119 82
119 104
119 128
119 150
119 181
120 2
120 27
121 158
121 174
122 16
122 23
122 123
122 132
123 59
123 92
123 110
123 122
123 171
123 196
124 1
124 16
124 30
124 74
124 94
124 102
124 125
124 126
124 149
124 184
125 0
125 29
125 30
125 63
125 73
125 75
125 101
125 105
125 116
125 124
125 187
126 0
126 74
126 93
126 124
126 146
127 75
127 99
127 160
127 166
128 18
128 53
128 61
128 75
128 106
128 109
128 111
128 119
128 138
128 147
129 4
129 55
129 88
129 180
130 8
130 133
131 39
131 49
131 62
131 99
131 158
131 178
132 94
132 122
132 135
132 163
132 177
133 31
133 55
133 69
133 130
133 198
134 45
134 47
134 86
134 94
134 96
134 187
135 8
135 14
135 18
135 35
135 132
135 147
135 148
135 197
136 14
136 90
136 105
136 151
136 155
136 162
136 185
137 2
137 16
137 53
137 54
137 67
138 8
138 9
138 16
138 52
138 91
138 108
138 128
138 153
138 175
138 179
138 188
138 190
138 192
139 8
140 191
141 0
141 23
141 144
141 166
142 21
142 43
142 44
142 61
142 63
142 162
143 39
143 99
143 106
143 151
143 175
143 180
144 60
144 75
144 92
144 141
144 158
144 170
144 192
145 17
145 47
145 153
146 72
146 126
147 3
147 44
147 77
147 91
147 128
147 135
148 22
148 53
148 59
148 82
148 85
148 135
148 154
148 175
149 20
149 30
149 76
149 86
149 109
149 112
149 124
150 40
150 86
150 94
150 119
151 0
151 15
151 30
151 45
151 136
151 143
151 189
151 197
152 0
152 15
152 25
152 59
152 184
153 8
153 73
153 81
153 138
153 145
153 158
153 179
154 17
154 61
154 78
154 148
154 157
155 29
155 31
155 60
155 93
155 95
155 136
156 41
156 76
156 159
157 5
157 38
157 75
157 154
158 13
158 37
158 107
158 121
158 131
158 144
158 153
159 41
159 45
159 46
159 50
159 52
159 58
159 60
159 118
159 156
159 170
160 23
160 38
160 58
160 68
160 73
160 89
160 127
160 166
160 190
161 69
161 73
161 74
161 166
162 59
162 76
162 136
162 142
162 194
163 12
163 28
163 46
163 75
163 116
163 132
164 17
164 173
164 199
165 47
165 55
165 66
166 80
166 88
166 127
166 141
166 160
166 161
167 42
167 58
167 98
168 16
168 117
169 20
169 44
169 59
169 74
169 186
170 23
170 52
170 77
170 144
170 159
170 173
170 184
171 7
171 65
171 86
171 123
172 21
172 92
172 94
172 100
172 114
172 199
173 43
173 64
173 114
173 164
173 170
173 191
174 23
174 28
174 97
174 121
174 181
175 2
175 5
175 35
175 39
175 106
175 109
175 138
175 143
175 148
176 1
176 7
176 32
176 55
176 63
177 13
177 14
177 52
177 82
177 85
177 132
177 187
178 48
178 73
178 95
178 103
178 105
178 109
178 131
178 183
179 54
179 138
179 153
180 0
180 43
180 46
180 52
180 55
180 92
180 109
180 129
180 143
180 199
181 9
181 11
181 119
181 174
182 44
182 65
182 72
182 189
183 13
183 112
183 178
184 47
184 93
184 124
184 152
184 170
185 63
185 73
185 136
186 55
186 97
186 169
187 35
187 63
187 125
187 134
187 177
187 196
188 33
188 43
188 92
188 94
188 101
188 114
188 138
189 62
189 94
189 151
189 182
189 190
190 1
190 13
190 20
190 34
190 79
190 81
190 96
190 138
190 160
190 189
191 25
191 26
191 80
191 96
191 140
191 173
192 95
192 105
192 110
192 138
192 144
193 67
193 114
194 36
194 62
194 72
194 80
194 82
194 104
194 162
195 7
195 25
195 26
195 102
196 7
196 12
196 25
196 36
196 98
196 116
196 123
196 187
197 6
197 13
197 44
197 115
197 135
197 151
198 39
198 73
198 83
198 102
198 105
198 133
199 91
199 112
199 164
199 172
199 180