500 3156
0 79
0 107
0 131
0 153
0 228
0 254
0 257
0 320
0 323
0 376
0 378
0 423
0 429
0 434
0 476
1 6
1 21
1 42
1 43
1 51
1 142
1 148
1 182
1 194
1 248
1 285
1 290
1 383
1 413
1 421
1 479
2 71
2 81
2 82
2 102
2 118
2 134
2 159
2 224
2 246
2 250
2 402
2 440
2 459
2 460
2 498
3 58
3 100
3 111
3 112
3 119
3 137
3 138
3 182
3 243
3 311
3 369
3 373
3 407
3 418
3 437
3 448
4 5
4 61
4 100
4 137
4 197
4 222
4 378
4 466
4 478
5 4
5 36
5 129
5 166
5 180
5 209
5 212
5 257
5 286
5 326
5 360
5 442
5 445
5 467
5 498
6 1
6 23
6 42
6 111
6 196
6 378
6 411
6 488
6 490
7 37
7 228
7 298
7 330
7 341
7 345
7 409
7 422
7 435
7 437
7 461
8 11
8 41
8 66
8 93
8 109
8 184
8 187
8 217
8 237
8 241
8 272
8 307
8 344
8 365
8 370
8 373
8 378
9 65
9 198
9 217
9 284
9 337
9 366
9 409
9 413
10 95
10 107
10 113
10 118
10 162
10 219
10 271
10 282
10 384
10 387
10 394
10 447
11 8
11 56
11 138
11 172
11 211
11 247
11 260
11 324
11 328
11 449
11 452
11 455
11 459
11 472
12 39
12 58
12 68
12 117
12 145
12 171
12 373
12 390
12 406
12 443
12 449
12 452
13 66
13 87
13 115
13 165
13 172
13 278
13 351
13 443
13 471
14 27
14 56
14 92
14 126
14 136
14 145
14 149
14 214
14 230
14 259
14 266
14 274
14 283
14 351
14 359
14 361
14 365
14 372
14 376
14 394
14 493
15 18
15 119
15 164
15 165
15 175
15 204
15 226
15 252
15 287
15 354
15 417
16 70
16 130
16 131
16 138
16 179
16 229
16 292
16 328
16 349
16 391
16 411
16 435
16 492
17 58
17 102
17 113
17 177
17 233
17 257
17 259
17 303
17 308
17 387
17 392
17 406
17 427
18 15
18 25
18 48
18 50
18 55
18 129
18 177
18 181
18 210
18 213
18 217
18 285
18 319
18 338
18 345
18 464
18 485
19 67
19 86
19 177
19 269
19 299
19 305
19 309
19 383
19 480
19 489
19 495
20 37
20 52
20 60
20 181
20 267
20 274
20 339
20 392
20 436
20 474
20 496
20 497
21 1
21 43
21 114
21 130
21 191
21 274
21 420
21 483
21 495
22 48
22 74
22 128
22 153
22 191
22 204
22 229
22 289
22 308
22 427
22 459
22 498
23 6
23 28
23 108
23 204
23 228
23 232
23 270
23 319
23 365
23 409
23 445
23 487
24 67
24 92
24 95
24 108
24 127
24 145
24 172
24 272
24 341
24 379
24 395
24 429
24 475
25 18
25 41
25 59
25 105
25 212
25 227
25 307
25 321
25 394
25 443
25 444
25 447
25 486
26 33
26 153
26 188
26 216
26 225
26 246
26 290
26 313
26 351
26 396
26 403
26 414
26 472
27 14
27 102
27 122
27 278
27 327
27 335
27 343
27 361
27 363
27 371
27 391
27 452
27 468
27 476
27 480
28 23
28 104
28 107
28 163
28 188
28 299
28 327
28 341
28 364
28 378
28 466
29 39
29 92
29 126
29 165
29 218
29 219
29 225
29 284
29 292
29 310
29 351
29 366
29 370
29 423
29 487
29 497
30 33
30 87
30 116
30 215
30 293
30 312
30 367
30 371
30 374
30 376
30 387
30 422
31 49
31 168
31 171
31 270
31 301
31 305
31 378
31 419
32 59
32 87
32 100
32 147
32 275
32 290
32 297
32 311
32 356
32 379
32 389
32 407
32 411
32 425
32 448
33 26
33 30
33 340
33 370
33 404
33 448
34 49
34 119
34 182
34 201
34 210
34 233
34 291
34 419
34 440
34 453
35 44
35 90
35 124
35 189
35 270
35 292
35 366
35 380
35 448
35 450
35 476
36 5
36 39
36 65
36 137
36 172
36 176
36 187
36 326
36 381
37 7
37 20
37 56
37 72
37 153
37 183
37 321
37 337
37 363
37 439
37 450
37 482
38 40
38 66
38 117
38 175
38 181
38 184
38 187
38 205
38 257
38 442
38 450
38 460
38 486
39 12
39 29
39 36
39 64
39 67
39 97
39 155
39 177
39 208
39 243
39 252
39 332
39 366
39 426
39 439
39 460
39 483
40 38
40 119
40 174
40 232
40 244
40 298
40 308
40 358
40 397
40 471
41 8
41 25
41 117
41 145
41 213
41 222
41 262
41 320
41 328
41 374
41 389
41 405
41 419
41 430
41 434
41 465
42 1
42 6
42 68
42 72
42 124
42 135
42 137
42 155
42 190
42 209
42 313
42 342
42 381
42 456
42 466
42 487
42 498
43 1
43 21
43 53
43 60
43 128
43 168
43 222
43 225
43 288
43 381
43 418
43 438
44 35
44 95
44 100
44 146
44 152
44 170
44 221
44 234
44 289
44 296
44 297
44 311
44 314
44 423
44 458
45 78
45 180
45 186
45 282
45 284
45 327
45 330
45 361
45 409
45 440
46 86
46 93
46 126
46 183
46 200
46 201
46 222
46 230
46 281
46 332
46 418
46 436
46 446
46 487
47 109
47 121
47 123
47 200
47 215
47 225
47 270
47 275
47 293
47 338
47 360
47 363
47 488
48 18
48 22
48 53
48 101
48 150
48 338
48 352
48 430
48 445
48 461
48 471
49 31
49 34
49 58
49 69
49 132
49 160
49 170
49 171
49 179
49 215
49 237
49 304
49 393
49 415
49 431
49 491
50 18
50 56
50 116
50 247
50 257
50 264
50 272
50 273
50 329
50 340
50 379
50 383
50 412
50 454
50 479
51 1
51 86
51 140
51 166
51 212
51 219
51 228
51 292
51 293
51 321
51 343
51 358
52 20
52 132
52 139
52 206
52 221
52 224
52 232
52 332
52 343
52 380
52 391
52 426
53 43
53 48
53 120
53 207
53 329
53 441
53 443
53 488
53 492
54 56
54 83
54 235
54 276
54 457
55 18
55 61
55 163
55 167
55 304
55 409
56 11
56 14
56 37
56 50
56 54
56 91
56 111
56 123
56 136
56 167
56 174
56 206
56 285
56 332
56 347
56 351
56 357
56 379
56 384
56 385
56 401
56 418
56 428
56 467
57 69
57 87
57 100
57 142
57 186
57 309
57 352
57 374
57 444
57 461
57 472
57 499
58 3
58 12
58 17
58 49
58 101
58 108
58 145
58 172
58 182
58 210
58 263
58 382
58 392
58 422
58 451
59 25
59 32
59 157
59 170
59 179
59 305
59 364
59 367
59 380
59 462
60 20
60 43
60 93
60 102
60 179
60 182
60 216
60 233
60 236
60 263
60 302
60 333
60 356
60 375
60 417
60 442
61 4
61 55
61 102
61 272
61 308
61 372
61 401
61 451
61 476
62 207
62 270
62 295
62 348
62 362
62 379
62 479
62 493
63 218
63 224
63 259
63 287
63 291
63 302
63 331
63 357
63 372
63 373
63 391
63 399
63 417
63 420
63 432
64 39
64 82
64 115
64 139
64 147
64 192
64 216
64 226
64 234
64 241
64 278
64 332
64 354
64 403
64 411
64 477
64 493
65 9
65 36
65 82
65 152
65 215
65 295
65 336
65 369
65 428
65 477
65 478
66 8
66 13
66 38
66 86
66 125
66 196
66 283
66 300
66 340
67 19
67 24
67 39
67 80
67 153
67 163
67 204
67 248
67 260
67 304
67 315
67 365
67 394
67 426
67 486
67 494
68 12
68 42
68 80
68 180
68 318
68 357
68 384
68 400
69 49
69 57
69 178
69 215
69 242
69 290
69 298
69 362
69 419
69 450
69 472
70 16
70 88
70 171
70 188
70 364
70 409
70 423
70 438
71 2
71 129
71 130
71 138
71 188
71 233
71 285
71 290
71 291
71 302
71 408
71 451
72 37
72 42
72 95
72 147
72 186
72 189
72 208
72 245
72 289
72 389
72 399
72 461
73 75
73 174
73 176
73 201
73 210
73 295
73 321
73 323
73 336
73 338
73 381
73 433
73 451
73 454
73 461
73 492
74 22
74 80
74 139
74 146
74 150
74 175
74 482
74 483
75 73
75 85
75 121
75 170
75 250
75 319
75 362
75 442
75 448
76 109
76 143
76 148
76 198
76 206
76 268
76 285
76 301
76 355
76 361
76 370
76 394
76 423
76 474
77 86
77 162
77 190
77 234
77 309
77 325
77 380
77 440
78 45
78 176
78 186
78 362
78 363
78 453
78 481
79 0
79 91
79 139
79 140
79 210
79 232
79 245
79 375
79 390
79 392
79 418
79 457
79 483
80 67
80 68
80 74
80 149
80 190
80 195
80 253
80 261
80 268
80 269
80 308
80 316
80 337
80 341
80 392
80 394
80 469
80 485
81 2
81 135
81 191
81 219
81 237
81 239
81 257
81 284
81 304
81 456
82 2
82 64
82 65
82 122
82 271
82 308
82 310
82 494
83 54
83 201
83 308
84 156
84 191
84 205
84 208
84 209
84 222
84 231
84 333
84 396
84 424
84 430
84 444
84 453
84 463
85 75
85 185
85 195
85 200
85 219
85 248
85 272
85 366
85 397
85 430
86 19
86 46
86 51
86 66
86 77
86 100
86 131
86 187
86 226
86 243
86 256
86 287
86 303
86 317
86 366
87 13
87 30
87 32
87 57
87 144
87 247
87 261
87 283
87 286
87 322
87 368
87 477
88 70
88 138
88 188
88 192
88 201
88 245
88 401
88 433
88 453
88 471
89 143
89 227
89 292
89 305
89 311
89 315
89 345
89 429
90 35
90 185
90 199
90 262
90 268
90 270
90 331
90 341
90 403
90 442
91 56
91 79
91 96
91 100
91 130
91 159
91 198
91 206
91 258
91 263
91 267
91 314
91 348
91 371
91 449
91 460
92 14
92 24
92 29
92 135
92 155
92 219
92 227
92 233
92 249
92 262
92 295
92 392
92 438
92 443
93 8
93 46
93 60
93 142
93 198
93 211
93 259
93 300
93 321
93 353
93 360
93 416
93 417
93 418
94 148
94 266
94 317
94 364
94 483
95 10
95 24
95 44
95 72
95 130
95 131
95 187
95 194
95 212
95 289
95 298
95 338
95 346
95 353
95 356
95 402
95 433
95 453
95 474
95 492
96 91
96 98
96 128
96 157
96 167
96 168
96 192
96 215
96 217
96 311
96 339
96 477
97 39
97 99
97 225
97 243
97 263
97 289
97 374
97 444
97 454
98 96
98 103
98 107
98 109
98 154
98 187
98 195
98 199
98 229
98 239
98 272
98 285
98 357
98 414
98 416
98 478
99 97
99 176
99 186
99 217
99 285
99 333
99 335
99 374
99 377
99 428
99 447
99 462
100 3
100 4
100 32
100 44
100 57
100 86
100 91
100 102
100 177
100 199
100 223
100 274
100 306
100 323
100 347
100 407
100 427
100 431
101 48
101 58
101 167
101 360
101 368
101 382
101 429
101 449
101 463
102 2
102 17
102 27
102 60
102 61
102 100
102 157
102 160
102 212
102 229
102 348
102 391
102 418
103 98
103 116
103 117
103 146
103 152
103 241
103 259
103 274
103 290
103 397
103 439
103 450
103 492
103 498
104 28
104 129
104 134
104 188
104 215
104 230
104 232
104 260
104 273
104 344
104 377
105 25
105 135
105 138
105 146
105 147
105 225
105 228
105 256
105 300
105 322
105 363
105 379
105 393
106 144
106 227
106 266
106 279
106 287
106 307
106 309
106 313
106 339
106 403
106 413
106 431
106 453
107 0
107 10
107 28
107 98
107 122
107 136
107 219
107 236
107 372
107 441
107 444
107 449
107 453
107 464
108 23
108 24
108 58
108 126
108 131
108 178
108 188
108 247
108 260
108 271
108 284
108 296
108 392
108 433
108 456
108 496
109 8
109 47
109 76
109 98
109 116
109 119
109 208
109 225
109 263
109 331
109 362
109 383
109 396
110 132
110 133
110 178
110 182
110 190
110 198
110 248
110 250
110 264
110 296
110 297
110 333
110 364
110 432
110 461
110 494
111 3
111 6
111 56
111 133
111 166
111 173
111 209
111 245
111 253
111 270
111 288
111 383
111 390
111 413
111 495
112 3
112 131
112 161
112 171
112 338
112 339
112 359
112 381
112 439
112 449
112 469
112 484
112 495
113 10
113 17
113 151
113 225
113 255
113 356
114 21
114 147
114 212
114 312
114 361
114 372
114 383
114 410
114 413
114 443
114 454
115 13
115 64
115 138
115 185
115 193
115 204
115 224
115 227
115 278
115 295
115 322
115 395
115 437
115 471
115 491
115 494
116 30
116 50
116 103
116 109
116 126
116 174
116 197
116 208
116 289
116 379
116 402
116 408
116 439
116 473
117 12
117 38
117 41
117 103
117 280
117 313
117 371
117 386
117 479
117 480
117 483
117 493
117 498
118 2
118 10
118 128
118 133
118 163
118 215
118 248
118 249
118 319
118 352
118 364
118 365
118 412
118 464
119 3
119 15
119 34
119 40
119 109
119 144
119 224
119 257
119 406
119 439
119 476
120 53
120 196
120 322
120 343
120 366
120 387
120 442
120 485
121 47
121 75
121 150
121 161
121 208
121 248
121 262
121 292
121 301
121 372
121 374
121 391
121 394
122 27
122 82
122 107
122 134
122 194
122 231
122 270
122 292
122 422
122 438
122 451
123 47
123 56
123 178
123 231
123 262
123 271
123 289
123 343
123 379
123 491
124 35
124 42
124 153
124 190
124 206
124 236
124 267
124 350
124 352
124 410
124 435
124 472
124 490
124 494
125 66
125 130
125 145
125 191
125 244
125 270
125 292
125 307
125 342
125 353
125 399
125 427
125 472
125 478
126 14
126 29
126 46
126 108
126 116
126 156
126 223
126 383
126 389
126 424
126 432
126 434
127 24
127 164
127 216
127 260
127 326
127 339
127 408
127 414
127 456
128 22
128 43
128 96
128 118
128 185
128 217
128 231
128 260
128 296
128 426
128 440
129 5
129 18
129 71
129 104
129 162
129 230
129 256
129 260
129 280
129 300
129 349
129 357
129 369
129 381
129 477
130 16
130 21
130 71
130 91
130 95
130 125
130 160
130 212
130 215
130 237
130 275
130 279
130 294
130 419
130 444
130 465
130 496
131 0
131 16
131 86
131 95
131 108
131 112
131 143
131 215
131 320
131 336
131 343
132 49
132 52
132 110
132 161
132 198
132 216
132 240
132 241
132 294
132 340
132 347
132 360
132 427
132 489
133 110
133 111
133 118
133 157
133 204
133 328
133 339
133 424
134 2
134 104
134 122
134 164
134 175
134 348
134 382
134 400
134 420
134 441
134 476
135 42
135 81
135 92
135 105
135 147
135 181
135 210
135 360
135 368
135 496
135 499
136 14
136 56
136 107
136 261
136 308
136 363
136 460
136 464
136 497
137 3
137 4
137 36
137 42
137 167
137 169
137 192
137 273
137 293
137 309
137 345
137 418
137 430
137 448
138 3
138 11
138 16
138 71
138 88
138 105
138 115
138 155
138 185
138 353
138 437
138 439
138 443
138 453
138 496
139 52
139 64
139 74
139 79
139 186
139 197
139 249
139 261
139 340
139 346
140 51
140 79
140 145
140 148
140 174
140 205
140 285
140 336
140 350
140 406
140 454
140 467
140 490
141 161
141 170
141 223
141 276
141 334
141 343
141 349
141 464
142 1
142 57
142 93
142 168
142 205
142 272
142 278
142 327
142 396
142 402
142 429
142 461
143 76
143 89
143 131
143 148
143 195
143 212
143 216
143 264
143 290
143 352
143 390
143 393
143 487
144 87
144 106
144 119
144 188
144 328
144 423
144 455
145 12
145 14
145 24
145 41
145 58
145 125
145 140
145 148
145 156
145 305
145 318
145 325
145 366
145 406
145 412
145 418
145 429
145 455
146 44
146 74
146 103
146 105
146 192
146 225
146 261
146 265
146 294
146 339
146 354
146 371
146 421
146 496
147 32
147 64
147 72
147 105
147 114
147 135
147 187
147 234
147 297
147 449
147 456
147 491
148 1
148 76
148 94
148 140
148 143
148 145
148 160
148 182
148 215
148 309
148 316
148 336
148 338
148 412
148 413
148 414
148 487
149 14
149 80
149 171
149 201
149 271
149 299
149 375
149 394
149 418
149 431
149 440
149 464
149 491
150 48
150 74
150 121
150 163
150 244
150 249
150 396
150 457
150 458
151 113
151 209
151 214
151 268
151 317
151 341
151 360
151 365
151 376
151 412
151 432
151 496
152 44
152 65
152 103
152 158
152 165
152 166
152 187
152 254
152 271
152 417
152 455
152 465
153 0
153 22
153 26
153 37
153 67
153 124
153 179
153 217
153 301
153 303
153 369
153 389
153 431
153 452
153 457
153 496
154 98
154 160
154 211
154 253
154 264
154 285
154 313
154 322
154 337
154 450
154 473
154 483
154 497
155 39
155 42
155 92
155 138
155 235
155 255
155 316
155 330
155 340
155 345
155 347
155 351
155 364
155 368
155 385
155 452
156 84
156 126
156 145
156 171
156 184
156 186
156 217
156 227
156 263
156 283
156 339
156 357
156 412
156 436
156 453
156 460
156 475
156 495
157 59
157 96
157 102
157 133
157 170
157 188
157 406
157 415
157 428
158 152
158 182
158 356
158 424
159 2
159 91
159 196
159 240
159 263
159 279
159 376
159 377
159 385
160 49
160 102
160 130
160 148
160 154
160 212
160 219
160 313
160 319
160 334
160 378
160 404
160 488
160 493
161 112
161 121
161 132
161 141
161 197
161 216
161 311
161 326
161 333
161 360
161 365
161 390
161 420
161 468
162 10
162 77
162 129
162 202
162 286
162 301
162 337
162 359
162 369
162 383
162 393
162 475
163 28
163 55
163 67
163 118
163 150
163 211
163 273
163 282
163 300
163 309
163 312
163 387
163 445
163 457
164 15
164 127
164 134
164 270
164 346
164 350
164 403
164 404
164 424
165 13
165 15
165 29
165 152
165 195
165 273
165 295
165 347
165 399
165 416
165 419
165 430
165 477
165 488
165 491
166 5
166 51
166 111
166 152
166 175
166 181
166 244
166 271
166 301
166 457
166 461
166 471
166 484
167 55
167 56
167 96
167 101
167 137
167 266
167 287
167 332
167 336
167 363
167 442
167 470
167 496
168 31
168 43
168 96
168 142
168 216
168 327
168 427
168 429
168 451
168 460
169 137
169 210
169 248
169 281
169 308
169 430
169 445
170 44
170 49
170 59
170 75
170 141
170 157
170 182
170 187
170 188
170 192
170 199
170 251
170 256
170 296
170 339
170 390
170 393
170 405
170 426
170 468
170 482
171 12
171 31
171 49
171 70
171 112
171 149
171 156
171 173
171 212
171 357
171 370
171 374
171 378
171 403
171 405
171 467
171 479
172 11
172 13
172 24
172 36
172 58
172 228
172 244
172 245
172 256
172 346
172 350
172 380
172 489
173 111
173 171
173 180
173 301
173 306
173 349
173 381
173 457
173 463
173 496
174 40
174 56
174 73
174 116
174 140
174 306
174 332
174 334
174 366
174 428
175 15
175 38
175 74
175 134
175 166
175 255
175 286
175 292
175 315
175 350
175 403
175 430
175 439
175 482
175 493
176 36
176 73
176 78
176 99
176 293
176 296
176 299
176 324
176 383
176 462
176 475
177 17
177 18
177 19
177 39
177 100
177 186
177 261
177 285
177 314
177 375
177 382
177 399
177 479
178 69
178 108
178 110
178 123
178 213
178 267
178 318
178 348
178 369
178 384
178 441
178 472
178 488
179 16
179 49
179 59
179 60
179 153
179 235
179 290
179 304
179 309
180 5
180 45
180 68
180 173
180 233
180 334
180 387
180 397
180 419
180 447
180 454
180 479
181 18
181 20
181 38
181 135
181 166
181 197
181 315
181 398
181 462
182 1
182 3
182 34
182 58
182 60
182 110
182 148
182 158
182 170
182 191
182 272
182 281
182 338
182 370
182 382
182 433
182 454
182 485
183 37
183 46
183 198
183 248
183 260
183 281
183 326
183 429
183 463
183 469
184 8
184 38
184 156
184 307
184 388
184 391
184 395
184 407
184 494
185 85
185 90
185 115
185 128
185 138
185 225
185 240
186 45
186 57
186 72
186 78
186 99
186 139
186 156
186 177
186 201
186 236
186 286
186 312
186 338
186 368
186 389
186 445
186 454
187 8
187 36
187 38
187 86
187 95
187 98
187 147
187 152
187 170
187 195
187 209
187 275
187 332
187 471
187 492
188 26
188 28
188 70
188 71
188 88
188 104
188 108
188 144
188 157
188 170
188 238
188 243
188 279
188 281
188 311
189 35
189 72
189 211
189 248
189 326
189 333
189 373
189 389
189 399
189 429
190 42
190 77
190 80
190 110
190 124
190 191
190 255
190 260
190 313
190 320
190 328
190 358
190 390
190 406
190 496
191 21
191 22
191 81
191 84
191 125
191 182
191 190
191 193
191 334
191 368
191 370
191 378
191 425
191 430
191 443
192 64
192 88
192 96
192 137
192 146
192 170
192 213
192 262
192 316
192 367
192 464
193 115
193 191
193 195
193 208
193 218
193 265
193 290
193 305
193 404
193 416
193 473
194 1
194 95
194 122
194 206
194 207
194 253
194 261
194 299
194 352
194 467
195 80
195 85
195 98
195 143
195 165
195 187
195 193
195 240
195 266
195 269
195 276
195 321
195 363
195 373
195 465
195 471
196 6
196 66
196 120
196 159
196 205
196 263
196 271
196 341
196 343
196 363
196 371
196 410
196 415
196 417
196 451
196 498
197 4
197 116
197 139
197 161
197 181
197 204
197 226
197 358
197 364
197 373
197 415
197 450
197 454
198 9
198 76
198 91
198 93
198 110
198 132
198 183
198 204
198 216
198 223
198 290
198 344
198 354
198 380
198 383
199 90
199 98
199 100
199 170
199 205
199 258
199 261
199 263
199 270
199 325
199 354
199 476
200 46
200 47
200 85
200 223
200 246
200 280
200 284
200 300
200 312
200 325
200 340
200 367
200 372
200 377
200 434
200 451
200 488
200 491
201 34
201 46
201 73
201 83
201 88
201 149
201 186
201 242
201 265
201 330
201 336
201 350
201 360
201 432
202 162
202 249
202 336
202 338
202 361
202 398
202 419
202 435
202 490
202 496
203 221
203 296
203 356
203 383
203 436
203 459
204 15
204 22
204 23
204 67
204 115
204 133
204 197
204 198
204 244
204 295
204 362
204 371
204 449
204 463
205 38
205 84
205 140
205 142
205 196
205 199
205 261
205 268
205 290
205 300
205 314
205 326
205 382
205 396
205 436
205 462
205 471
206 52
206 56
206 76
206 91
206 124
206 194
206 285
206 319
206 340
206 353
206 354
206 376
206 422
207 53
207 62
207 194
207 252
207 265
207 276
207 317
207 397
207 406
207 417
207 419
207 446
208 39
208 72
208 84
208 109
208 116
208 121
208 193
208 236
208 281
208 288
208 324
208 343
208 348
208 416
208 458
208 470
209 5
209 42
209 84
209 111
209 151
209 187
209 291
209 314
209 496
210 18
210 34
210 58
210 73
210 79
210 135
210 169
210 293
210 315
210 316
210 483
211 11
211 93
211 154
211 163
211 189
211 214
211 251
211 280
211 332
211 356
211 365
211 372
211 398
211 406
211 418
211 445
211 497
212 5
212 25
212 51
212 95
212 102
212 114
212 130
212 143
212 160
212 171
212 271
212 314
212 346
212 440
212 496
213 18
213 41
213 178
213 192
213 284
213 333
214 14
214 151
214 211
214 270
214 298
214 369
215 30
215 47
215 49
215 65
215 69
215 96
215 104
215 118
215 130
215 131
215 148
215 237
215 249
215 287
215 308
215 358
215 389
215 410
215 429
216 26
216 60
216 64
216 127
216 132
216 143
216 161
216 168
216 198
216 223
216 235
216 245
216 279
216 282
216 312
216 313
216 327
216 388
216 404
216 425
216 427
216 458
216 481
216 497
217 8
217 9
217 18
217 96
217 99
217 128
217 153
217 156
217 226
217 265
217 305
217 321
217 336
217 361
217 421
217 435
217 477
218 29
218 63
218 193
218 291
218 297
218 378
218 393
218 404
218 434
218 491
218 494
219 10
219 29
219 51
219 81
219 85
219 92
219 107
219 160
219 243
219 254
219 287
219 340
219 392
219 482
220 246
220 297
220 388
220 389
220 406
221 44
221 52
221 203
221 225
221 227
221 318
221 323
221 351
221 389
221 410
221 429
221 451
221 458
222 4
222 41
222 43
222 46
222 84
222 223
222 237
222 245
222 299
222 344
222 366
222 457
222 487
223 100
223 126
223 141
223 198
223 200
223 216
223 222
223 277
223 279
223 320
223 343
223 359
223 383
223 404
223 431
223 462
223 481
224 2
224 52
224 63
224 115
224 119
224 232
224 283
224 291
224 327
224 433
224 436
224 456
225 26
225 29
225 43
225 47
225 97
225 105
225 109
225 113
225 146
225 185
225 221
225 247
225 284
225 325
225 404
225 422
225 453
225 481
225 492
226 15
226 64
226 86
226 197
226 217
226 321
226 328
226 366
226 418
226 424
226 454
226 466
226 492
227 25
227 89
227 92
227 106
227 115
227 156
227 221
227 303
227 314
227 355
227 453
228 0
228 7
228 23
228 51
228 105
228 172
228 276
228 291
228 336
228 412
228 427
229 16
229 22
229 98
229 102
229 267
229 307
229 324
229 364
229 405
229 445
230 14
230 46
230 104
230 129
230 258
230 304
230 387
230 402
230 428
230 465
231 84
231 122
231 123
231 128
231 236
231 332
231 347
231 363
231 366
231 392
231 407
231 421
232 23
232 40
232 52
232 79
232 104
232 224
232 257
232 268
232 287
232 326
232 367
232 422
232 437
233 17
233 34
233 60
233 71
233 92
233 180
233 240
233 306
233 473
233 493
234 44
234 64
234 77
234 147
234 326
234 370
234 399
234 416
234 417
234 448
235 54
235 155
235 179
235 216
235 251
235 267
235 409
235 440
235 446
235 455
235 494
236 60
236 107
236 124
236 186
236 208
236 231
236 279
236 289
236 301
236 307
236 324
236 403
236 405
236 477
237 8
237 49
237 81
237 130
237 215
237 222
237 259
237 305
237 311
237 352
237 400
237 458
237 491
238 188
238 311
238 384
238 391
238 425
238 433
238 434
238 450
238 464
238 471
239 81
239 98
239 283
239 351
239 417
239 451
239 464
239 468
240 132
240 159
240 185
240 195
240 233
240 408
240 427
240 442
240 448
240 469
240 472
241 8
241 64
241 103
241 132
241 242
241 262
241 304
241 315
241 324
241 332
241 354
241 395
241 411
241 487
241 492
242 69
242 201
242 241
242 246
242 267
242 301
242 302
242 322
242 357
242 377
242 381
242 401
242 451
242 478
243 3
243 39
243 86
243 97
243 188
243 219
243 244
243 350
243 413
243 428
243 482
243 498
244 40
244 125
244 150
244 166
244 172
244 204
244 243
244 264
244 286
244 346
244 460
244 492
245 72
245 79
245 88
245 111
245 172
245 216
245 222
245 257
245 261
245 351
245 362
245 419
245 435
245 437
245 463
245 486
246 2
246 26
246 200
246 220
246 242
246 247
246 252
246 330
246 355
246 367
246 410
246 465
247 11
247 50
247 87
247 108
247 225
247 246
247 258
247 276
247 281
247 389
247 407
247 431
247 445
247 478
247 493
248 1
248 67
248 85
248 110
248 118
248 121
248 169
248 183
248 189
248 270
248 274
248 318
248 320
248 336
248 355
248 394
248 442
248 466
249 92
249 118
249 139
249 150
249 202
249 215
249 365
249 381
249 390
249 421
249 466
249 467
250 2
250 75
250 110
250 350
250 353
250 396
250 398
250 401
250 411
250 442
251 170
251 211
251 235
251 252
251 299
251 357
251 397
252 15
252 39
252 207
252 246
252 251
252 261
252 312
252 341
252 342
252 360
252 480
253 80
253 111
253 154
253 194
253 320
253 352
253 466
254 0
254 152
254 219
254 279
254 310
254 316
254 317
254 351
254 443
254 446
254 447
254 450
254 466
254 479
255 113
255 155
255 175
255 190
255 334
255 421
255 438
256 86
256 105
256 129
256 170
256 172
256 291
256 398
256 426
256 442
256 468
256 469
256 483
257 0
257 5
257 17
257 38
257 50
257 81
257 119
257 232
257 245
257 426
257 429
257 441
257 448
257 462
257 466
257 473
257 493
258 91
258 199
258 230
258 247
258 322
258 324
258 326
258 379
258 471
258 476
258 493
258 496
259 14
259 17
259 63
259 93
259 103
259 237
259 275
259 283
259 285
259 304
259 339
259 359
259 483
260 11
260 67
260 104
260 108
260 127
260 128
260 129
260 183
260 190
260 282
260 330
260 396
260 411
260 415
260 431
260 461
260 495
261 80
261 87
261 136
261 139
261 146
261 177
261 194
261 199
261 205
261 245
261 252
261 294
261 359
261 387
261 469
262 41
262 90
262 92
262 121
262 123
262 192
262 241
262 311
262 355
262 380
262 389
262 445
262 493
263 58
263 60
263 91
263 97
263 109
263 156
263 159
263 196
263 199
263 280
263 430
263 445
263 474
264 50
264 110
264 143
264 154
264 244
264 270
264 297
264 304
264 375
264 385
264 440
264 468
265 146
265 193
265 201
265 207
265 217
265 275
265 278
265 299
265 356
265 371
265 397
266 14
266 94
266 106
266 167
266 195
266 288
266 299
266 300
266 305
266 327
266 329
266 380
266 437
266 451
266 490
267 20
267 91
267 124
267 178
267 229
267 235
267 242
267 270
267 377
267 383
267 401
267 438
267 449
267 477
268 76
268 80
268 90
268 151
268 205
268 232
268 270
268 339
268 343
268 344
268 355
268 385
268 409
269 19
269 80
269 195
269 280
269 307
269 333
269 365
269 373
269 387
269 496
270 23
270 31
270 35
270 47
270 62
270 90
270 111
270 122
270 125
270 164
270 199
270 214
270 248
270 264
270 267
270 268
270 308
270 317
270 323
270 354
270 412
270 417
271 10
271 82
271 108
271 123
271 149
271 152
271 166
271 196
271 212
271 334
271 347
271 377
271 384
271 387
271 412
271 421
271 445
271 493
272 8
272 24
272 50
272 61
272 85
272 98
272 142
272 182
272 364
272 378
272 416
273 50
273 104
273 137
273 163
273 165
273 278
273 313
273 328
273 339
273 351
273 359
273 361
273 380
273 412
273 432
273 453
273 482
274 14
274 20
274 21
274 100
274 103
274 248
274 294
274 298
274 318
274 324
274 347
274 490
275 32
275 47
275 130
275 187
275 259
275 265
275 290
275 300
275 322
275 333
275 491
276 54
276 141
276 195
276 207
276 228
276 247
276 315
276 323
276 330
276 371
276 430
276 440
277 223
277 364
277 398
277 439
278 13
278 27
278 64
278 115
278 142
278 265
278 273
278 315
278 358
278 360
278 362
278 387
278 450
278 457
278 461
279 106
279 130
279 159
279 188
279 216
279 223
279 236
279 254
279 285
279 360
279 373
279 374
279 375
279 385
279 397
280 117
280 129
280 200
280 211
280 263
280 269
280 301
280 381
280 408
280 428
280 495
281 46
281 169
281 182
281 183
281 188
281 208
281 247
281 284
281 419
281 485
282 10
282 45
282 163
282 216
282 260
282 358
282 384
282 385
282 431
282 454
283 14
283 66
283 87
283 156
283 224
283 239
283 259
283 356
283 370
283 453
283 496
284 9
284 29
284 45
284 81
284 108
284 200
284 213
284 225
284 281
284 361
284 416
284 485
284 486
285 1
285 18
285 56
285 71
285 76
285 98
285 99
285 140
285 154
285 177
285 206
285 259
285 279
285 292
285 299
285 385
285 394
285 407
285 413
286 5
286 87
286 162
286 175
286 186
286 244
286 314
286 347
286 353
286 385
286 413
286 438
286 454
286 499
287 15
287 63
287 86
287 106
287 167
287 215
287 219
287 232
287 292
287 325
287 336
287 343
287 368
287 383
287 413
287 428
287 450
288 43
288 111
288 208
288 266
288 296
288 344
288 438
288 465
288 491
289 22
289 44
289 72
289 95
289 97
289 116
289 123
289 236
289 303
289 326
289 367
289 419
290 1
290 26
290 32
290 69
290 71
290 103
290 143
290 179
290 193
290 198
290 205
290 275
290 371
290 384
290 428
290 467
291 34
291 63
291 71
291 209
291 218
291 224
291 228
291 256
291 299
291 336
291 359
291 432
292 16
292 29
292 35
292 51
292 89
292 121
292 122
292 125
292 175
292 285
292 287
292 308
292 335
292 336
292 342
292 348
292 354
292 377
292 464
292 485
292 487
293 30
293 47
293 51
293 137
293 176
293 210
293 318
293 402
293 473
293 495
293 496
294 130
294 132
294 146
294 261
294 274
294 377
294 471
295 62
295 65
295 73
295 92
295 115
295 165
295 204
295 297
295 326
295 403
295 408
295 456
295 467
295 480
295 494
296 44
296 108
296 110
296 128
296 170
296 176
296 203
296 288
296 314
296 317
296 346
296 374
296 385
296 465
297 32
297 44
297 110
297 147
297 218
297 220
297 264
297 295
297 298
297 437
297 439
297 447
297 486
298 7
298 40
298 69
298 95
298 214
298 274
298 297
298 308
298 314
298 323
298 327
298 336
298 343
298 460
298 473
299 19
299 28
299 149
299 176
299 194
299 222
299 251
299 265
299 266
299 285
299 291
299 304
299 328
299 357
299 363
299 395
299 420
299 437
299 480
300 66
300 93
300 105
300 129
300 163
300 200
300 205
300 266
300 275
300 301
300 304
300 307
300 429
300 452
300 478
301 31
301 76
301 121
301 153
301 162
301 166
301 173
301 236
301 242
301 280
301 300
301 328
301 341
301 348
301 350
301 395
301 417
301 478
302 60
302 63
302 71
302 242
302 313
302 385
302 453
303 17
303 86
303 153
303 227
303 289
303 367
303 421
303 470
303 481
304 49
304 55
304 67
304 81
304 179
304 230
304 241
304 259
304 264
304 299
304 300
304 377
305 19
305 31
305 59
305 89
305 145
305 193
305 217
305 237
305 266
305 318
305 494
306 100
306 173
306 174
306 233
306 332
306 378
306 404
306 409
306 415
306 442
306 445
306 465
307 8
307 25
307 106
307 125
307 184
307 229
307 236
307 269
307 300
307 323
307 402
307 482
308 17
308 22
308 40
308 61
308 80
308 82
308 83
308 136
308 169
308 215
308 270
308 292
308 298
308 317
308 469
308 479
308 496
309 19
309 57
309 77
309 106
309 137
309 148
309 163
309 179
309 322
309 425
309 484
310 29
310 82
310 254
310 314
310 351
310 362
310 374
310 375
310 413
310 472
310 480
310 496
311 3
311 32
311 44
311 89
311 96
311 161
311 188
311 237
311 238
311 262
311 334
311 337
311 349
311 360
311 469
311 483
311 488
312 30
312 114
312 163
312 186
312 200
312 216
312 252
312 313
312 366
312 414
312 444
313 26
313 42
313 106
313 117
313 154
313 160
313 190
313 216
313 273
313 302
313 312
313 333
313 389
313 408
313 431
313 435
314 44
314 91
314 177
314 205
314 209
314 212
314 227
314 286
314 296
314 298
314 310
314 359
314 371
314 478
315 67
315 89
315 175
315 181
315 210
315 241
315 276
315 278
315 360
315 373
315 399
315 423
315 457
315 467
316 80
316 148
316 155
316 192
316 210
316 254
316 333
316 351
316 353
316 374
316 388
316 475
316 476
316 488
317 86
317 94
317 151
317 207
317 254
317 270
317 296
317 308
317 387
317 418
317 450
317 493
318 68
318 145
318 178
318 221
318 248
318 274
318 293
318 305
318 330
318 382
318 441
319 18
319 23
319 75
319 118
319 160
319 206
319 337
319 348
319 350
319 467
320 0
320 41
320 131
320 190
320 223
320 248
320 253
320 324
320 344
320 409
320 422
321 25
321 37
321 51
321 73
321 93
321 195
321 217
321 226
321 322
321 335
321 437
322 87
322 105
322 115
322 120
322 154
322 242
322 258
322 275
322 309
322 321
322 327
322 331
322 430
322 431
322 446
323 0
323 73
323 100
323 221
323 270
323 276
323 298
323 307
323 362
323 407
323 445
324 11
324 176
324 208
324 229
324 236
324 241
324 258
324 274
324 320
324 338
324 355
324 445
325 77
325 145
325 199
325 200
325 225
325 287
325 436
325 456
325 490
326 5
326 36
326 127
326 161
326 183
326 189
326 205
326 232
326 234
326 258
326 289
326 295
326 395
326 459
326 486
327 27
327 28
327 45
327 142
327 168
327 216
327 224
327 266
327 298
327 322
327 333
327 357
327 427
327 475
327 483
328 11
328 16
328 41
328 133
328 144
328 190
328 226
328 273
328 299
328 301
328 362
328 367
328 408
328 470
329 50
329 53
329 266
329 335
329 388
329 394
329 398
329 412
329 474
330 7
330 45
330 155
330 201
330 246
330 260
330 276
330 318
330 383
330 415
330 485
331 63
331 90
331 109
331 322
331 413
331 440
331 442
331 463
331 465
332 39
332 46
332 52
332 56
332 64
332 167
332 174
332 187
332 211
332 231
332 241
332 306
332 337
332 355
332 376
332 381
332 425
332 495
333 60
333 84
333 99
333 110
333 161
333 189
333 213
333 269
333 275
333 313
333 316
333 327
333 386
333 459
333 483
334 141
334 160
334 174
334 180
334 191
334 255
334 271
334 311
334 381
334 390
334 480
335 27
335 99
335 292
335 321
335 329
335 378
335 391
335 455
335 491
336 65
336 73
336 131
336 140
336 148
336 167
336 201
336 202
336 217
336 228
336 248
336 287
336 291
336 292
336 298
336 348
336 402
336 430
336 447
337 9
337 37
337 80
337 154
337 162
337 311
337 319
337 332
337 381
337 416
337 461
338 18
338 47
338 48
338 73
338 95
338 112
338 148
338 182
338 186
338 202
338 324
338 410
338 412
338 423
339 20
339 96
339 106
339 112
339 127
339 133
339 146
339 156
339 170
339 259
339 268
339 273
339 373
339 427
339 447
339 468
339 472
340 33
340 50
340 66
340 132
340 139
340 155
340 200
340 206
340 219
340 346
340 386
340 451
341 7
341 24
341 28
341 80
341 90
341 151
341 196
341 252
341 301
341 374
341 393
341 479
342 42
342 125
342 252
342 292
342 372
342 379
343 27
343 51
343 52
343 120
343 123
343 131
343 141
343 196
343 208
343 223
343 268
343 287
343 298
343 348
343 355
343 370
343 377
343 430
343 440
343 460
344 8
344 104
344 198
344 222
344 268
344 288
344 320
344 351
344 375
344 426
344 455
344 477
345 7
345 18
345 89
345 137
345 155
345 418
345 434
345 460
345 469
345 481
346 95
346 139
346 164
346 172
346 212
346 244
346 296
346 340
346 379
346 436
346 439
346 456
346 467
346 481
347 56
347 100
347 132
347 155
347 165
347 231
347 271
347 274
347 286
347 376
347 395
347 430
347 432
347 491
347 496
348 62
348 91
348 102
348 134
348 178
348 208
348 292
348 301
348 319
348 336
348 343
348 372
348 410
348 436
348 445
348 451
348 459
348 463
348 497
349 16
349 129
349 141
349 173
349 311
349 373
349 495
350 124
350 140
350 164
350 172
350 175
350 201
350 243
350 250
350 301
350 319
350 397
350 429
350 460
351 13
351 14
351 26
351 29
351 56
351 155
351 221
351 239
351 245
351 254
351 273
351 310
351 316
351 344
351 488
352 48
352 57
352 118
352 124
352 143
352 194
352 237
352 253
352 356
352 417
352 438
352 449
353 93
353 95
353 125
353 138
353 206
353 250
353 286
353 316
353 355
353 390
353 466
353 485
353 487
353 491
354 15
354 64
354 146
354 198
354 199
354 206
354 241
354 270
354 292
354 359
354 406
354 432
354 434
354 438
355 76
355 227
355 246
355 248
355 262
355 268
355 324
355 332
355 343
355 353
355 404
355 414
355 421
356 32
356 60
356 95
356 113
356 158
356 203
356 211
356 265
356 283
356 352
356 410
357 56
357 63
357 68
357 98
357 129
357 156
357 171
357 242
357 251
357 299
357 327
357 445
357 447
357 471
358 40
358 51
358 190
358 197
358 215
358 278
358 282
358 360
358 387
358 395
358 399
358 457
358 465
358 470
359 14
359 112
359 162
359 223
359 259
359 261
359 273
359 291
359 314
359 354
359 499
360 5
360 47
360 93
360 101
360 132
360 135
360 151
360 161
360 201
360 252
360 278
360 279
360 311
360 315
360 358
360 408
360 419
360 457
361 14
361 27
361 45
361 76
361 114
361 202
361 217
361 273
361 284
361 398
361 486
362 62
362 69
362 75
362 78
362 109
362 204
362 245
362 278
362 310
362 323
362 328
362 372
362 377
362 394
362 397
362 408
362 478
362 495
363 27
363 37
363 47
363 78
363 105
363 136
363 167
363 195
363 196
363 231
363 299
363 368
363 426
363 475
364 28
364 59
364 70
364 94
364 110
364 118
364 155
364 197
364 229
364 272
364 277
364 433
365 8
365 14
365 23
365 67
365 118
365 151
365 161
365 211
365 249
365 269
365 442
365 457
366 9
366 29
366 35
366 39
366 85
366 86
366 120
366 145
366 174
366 222
366 226
366 231
366 312
366 384
366 436
366 450
366 459
366 460
366 495
367 30
367 59
367 192
367 200
367 232
367 246
367 289
367 303
367 328
367 380
367 476
367 490
367 497
368 87
368 101
368 135
368 155
368 186
368 191
368 287
368 363
368 456
368 457
368 459
368 461
369 3
369 65
369 129
369 153
369 162
369 178
369 214
369 370
369 381
369 449
369 471
369 493
370 8
370 29
370 33
370 76
370 171
370 182
370 191
370 234
370 283
370 343
370 369
370 372
370 419
370 430
370 447
370 453
371 27
371 30
371 91
371 117
371 146
371 196
371 204
371 265
371 276
371 290
371 314
371 393
371 465
372 14
372 61
372 63
372 107
372 114
372 121
372 200
372 211
372 342
372 348
372 362
372 370
372 406
372 436
373 3
373 8
373 12
373 63
373 189
373 195
373 197
373 269
373 279
373 315
373 339
373 349
373 395
373 419
373 421
374 30
374 41
374 57
374 97
374 99
374 121
374 171
374 279
374 296
374 310
374 316
374 341
374 375
374 437
374 464
375 60
375 79
375 149
375 177
375 264
375 279
375 310
375 344
375 374
375 446
375 487
376 0
376 14
376 30
376 151
376 159
376 206
376 332
376 347
376 397
376 439
376 448
376 495
377 99
377 104
377 159
377 200
377 242
377 267
377 271
377 292
377 294
377 304
377 343
377 362
377 383
377 386
377 416
377 428
378 0
378 4
378 6
378 8
378 28
378 31
378 160
378 171
378 191
378 218
378 272
378 306
378 335
378 395
378 424
378 440
378 461
378 488
379 24
379 32
379 50
379 56
379 62
379 105
379 116
379 123
379 258
379 342
379 346
379 405
379 449
380 35
380 52
380 59
380 77
380 172
380 198
380 262
380 266
380 273
380 367
380 446
381 36
381 42
381 43
381 73
381 112
381 129
381 173
381 242
381 249
381 280
381 332
381 334
381 337
381 369
381 414
381 416
381 470
381 476
381 479
382 58
382 101
382 134
382 177
382 182
382 205
382 318
382 387
382 392
382 423
382 440
382 480
383 1
383 19
383 50
383 109
383 111
383 114
383 126
383 162
383 176
383 198
383 203
383 223
383 267
383 287
383 330
383 377
384 10
384 56
384 68
384 178
384 238
384 271
384 282
384 290
384 366
384 425
384 459
385 56
385 155
385 159
385 264
385 268
385 279
385 282
385 285
385 286
385 296
385 302
385 397
385 471
386 117
386 333
386 340
386 377
386 425
386 484
387 10
387 17
387 30
387 120
387 163
387 180
387 230
387 261
387 269
387 271
387 278
387 317
387 358
387 382
387 427
387 456
387 458
387 468
387 496
388 184
388 216
388 220
388 316
388 329
388 414
388 415
388 445
388 487
389 32
389 41
389 72
389 126
389 153
389 186
389 189
389 215
389 220
389 221
389 247
389 262
389 313
389 463
389 499
390 12
390 79
390 111
390 143
390 161
390 170
390 190
390 249
390 334
390 353
390 409
390 443
390 467
390 483
390 495
391 16
391 27
391 52
391 63
391 102
391 121
391 184
391 238
391 335
391 454
391 461
392 17
392 20
392 58
392 79
392 80
392 92
392 108
392 219
392 231
392 382
393 49
393 105
393 143
393 162
393 170
393 218
393 341
393 371
393 402
393 406
393 411
393 431
393 476
394 10
394 14
394 25
394 67
394 76
394 80
394 121
394 149
394 248
394 285
394 329
394 362
394 458
395 24
395 115
395 184
395 241
395 299
395 301
395 326
395 347
395 358
395 373
395 378
395 401
395 483
396 26
396 84
396 109
396 142
396 150
396 205
396 250
396 260
396 427
397 40
397 85
397 103
397 180
397 207
397 251
397 265
397 279
397 350
397 362
397 376
397 385
397 402
397 452
398 181
398 202
398 211
398 250
398 256
398 277
398 329
398 361
398 428
399 63
399 72
399 125
399 165
399 177
399 189
399 234
399 315
399 358
400 68
400 134
400 237
400 426
400 433
401 56
401 61
401 88
401 242
401 250
401 267
401 395
402 2
402 95
402 116
402 142
402 230
402 293
402 307
402 336
402 393
402 397
402 436
403 26
403 64
403 90
403 106
403 164
403 171
403 175
403 236
403 295
403 428
404 33
404 160
404 164
404 193
404 216
404 218
404 223
404 225
404 306
404 355
404 410
405 41
405 170
405 171
405 229
405 236
405 379
405 491
406 12
406 17
406 119
406 140
406 145
406 157
406 190
406 207
406 211
406 220
406 354
406 372
406 393
406 409
406 426
407 3
407 32
407 100
407 184
407 231
407 247
407 285
407 323
407 426
407 457
407 459
407 478
407 499
408 71
408 116
408 127
408 240
408 280
408 295
408 313
408 328
408 360
408 362
408 414
408 491
409 7
409 9
409 23
409 45
409 55
409 70
409 235
409 268
409 306
409 320
409 390
409 406
409 430
409 439
409 449
410 114
410 124
410 196
410 215
410 221
410 246
410 338
410 348
410 356
410 404
410 459
410 465
411 6
411 16
411 32
411 64
411 241
411 250
411 260
411 393
411 420
411 491
412 50
412 118
412 145
412 148
412 151
412 156
412 228
412 270
412 271
412 273
412 329
412 338
412 439
412 455
412 471
412 484
413 1
413 9
413 106
413 111
413 114
413 148
413 243
413 285
413 286
413 287
413 310
413 331
413 469
414 26
414 98
414 127
414 148
414 312
414 355
414 381
414 388
414 408
414 454
414 455
415 49
415 157
415 196
415 197
415 260
415 306
415 330
415 388
415 429
415 437
415 449
415 454
416 93
416 98
416 165
416 193
416 208
416 234
416 272
416 284
416 337
416 377
416 381
417 15
417 60
417 63
417 93
417 152
417 196
417 207
417 234
417 239
417 270
417 301
417 352
417 426
417 459
417 485
418 3
418 43
418 46
418 56
418 79
418 93
418 102
418 137
418 145
418 149
418 211
418 226
418 317
418 345
418 421
418 449
419 31
419 34
419 41
419 69
419 130
419 165
419 180
419 202
419 207
419 245
419 281
419 289
419 360
419 370
419 373
420 21
420 63
420 134
420 161
420 299
420 411
421 1
421 146
421 217
421 231
421 249
421 255
421 271
421 303
421 355
421 373
421 418
421 436
421 438
422 7
422 30
422 58
422 122
422 206
422 225
422 232
422 320
422 451
422 461
423 0
423 29
423 44
423 70
423 76
423 144
423 315
423 338
423 382
423 436
423 483
423 493
424 84
424 126
424 133
424 158
424 164
424 226
424 378
424 479
425 32
425 191
425 216
425 238
425 309
425 332
425 384
425 386
425 449
426 39
426 52
426 67
426 128
426 170
426 256
426 257
426 344
426 363
426 400
426 406
426 407
426 417
426 443
426 472
426 490
427 17
427 22
427 100
427 125
427 132
427 168
427 216
427 228
427 240
427 327
427 339
427 387
427 396
428 56
428 65
428 99
428 157
428 174
428 230
428 243
428 280
428 287
428 290
428 377
428 398
428 403
428 446
428 457
429 0
429 24
429 89
429 101
429 142
429 145
429 168
429 183
429 189
429 215
429 221
429 257
429 300
429 350
429 415
430 41
430 48
430 84
430 85
430 137
430 165
430 169
430 175
430 191
430 263
430 276
430 322
430 336
430 343
430 347
430 370
430 409
430 469
431 49
431 100
431 106
431 149
431 153
431 223
431 247
431 260
431 282
431 313
431 322
431 393
431 441
431 454
432 63
432 110
432 126
432 151
432 201
432 273
432 291
432 347
432 354
432 442
433 73
433 88
433 95
433 108
433 182
433 224
433 238
433 364
433 400
433 481
433 487
434 0
434 41
434 126
434 200
434 218
434 238
434 345
434 354
434 435
434 450
435 7
435 16
435 124
435 202
435 217
435 245
435 313
435 434
435 483
435 490
436 20
436 46
436 156
436 203
436 205
436 224
436 325
436 346
436 348
436 366
436 372
436 402
436 421
436 423
436 438
436 464
437 3
437 7
437 115
437 138
437 232
437 245
437 266
437 297
437 299
437 321
437 374
437 415
438 43
438 70
438 92
438 122
438 255
438 267
438 286
438 288
438 352
438 354
438 421
438 436
438 464
438 499
439 37
439 39
439 103
439 112
439 116
439 119
439 138
439 175
439 277
439 297
439 346
439 376
439 409
439 412
439 456
439 483
439 497
440 2
440 34
440 45
440 77
440 128
440 149
440 212
440 235
440 264
440 276
440 331
440 343
440 378
440 382
440 448
440 459
440 475
441 53
441 107
441 134
441 178
441 257
441 318
441 431
441 442
441 443
441 449
441 477
442 5
442 38
442 60
442 75
442 90
442 120
442 167
442 240
442 248
442 250
442 256
442 306
442 331
442 365
442 432
442 441
442 466
442 497
443 12
443 13
443 25
443 53
443 92
443 114
443 138
443 191
443 254
443 390
443 426
443 441
444 25
444 57
444 84
444 97
444 107
444 130
444 312
444 455
444 479
444 492
444 494
445 5
445 23
445 48
445 163
445 169
445 186
445 211
445 229
445 247
445 262
445 263
445 271
445 306
445 323
445 324
445 348
445 357
445 388
446 46
446 207
446 235
446 254
446 322
446 375
446 380
446 428
446 452
446 453
447 10
447 25
447 99
447 180
447 254
447 297
447 336
447 339
447 357
447 370
447 464
447 465
447 476
447 478
448 3
448 32
448 33
448 35
448 75
448 137
448 234
448 240
448 257
448 376
448 440
448 462
448 484
449 11
449 12
449 91
449 101
449 107
449 112
449 147
449 204
449 267
449 352
449 369
449 379
449 409
449 415
449 418
449 425
449 441
450 35
450 37
450 38
450 69
450 103
450 154
450 197
450 238
450 254
450 278
450 287
450 317
450 366
450 434
450 459
450 498
451 58
451 61
451 71
451 73
451 122
451 168
451 196
451 200
451 221
451 239
451 242
451 266
451 340
451 348
451 422
452 11
452 12
452 27
452 153
452 155
452 300
452 397
452 446
452 466
452 499
453 34
453 78
453 84
453 88
453 95
453 106
453 107
453 138
453 156
453 225
453 227
453 273
453 283
453 302
453 370
453 446
454 50
454 73
454 97
454 114
454 140
454 180
454 182
454 186
454 197
454 226
454 282
454 286
454 391
454 414
454 415
454 431
455 11
455 144
455 145
455 152
455 235
455 335
455 344
455 412
455 414
455 444
456 42
456 81
456 108
456 127
456 147
456 224
456 295
456 325
456 346
456 368
456 387
456 439
456 499
457 54
457 79
457 150
457 153
457 163
457 166
457 173
457 222
457 278
457 315
457 358
457 360
457 365
457 368
457 407
457 428
457 462
458 44
458 150
458 208
458 216
458 221
458 237
458 387
458 394
458 467
458 486
459 2
459 11
459 22
459 203
459 326
459 333
459 348
459 366
459 368
459 384
459 407
459 410
459 417
459 440
459 450
459 490
460 2
460 38
460 39
460 91
460 136
460 156
460 168
460 244
460 298
460 343
460 345
460 350
460 366
460 462
461 7
461 48
461 57
461 72
461 73
461 110
461 142
461 166
461 260
461 278
461 337
461 368
461 378
461 391
461 422
461 481
462 59
462 99
462 176
462 181
462 205
462 223
462 257
462 448
462 457
462 460
463 84
463 101
463 173
463 183
463 204
463 245
463 331
463 348
463 389
464 18
464 107
464 118
464 136
464 141
464 149
464 192
464 238
464 239
464 292
464 374
464 436
464 438
464 447
464 476
464 483
465 41
465 130
465 152
465 195
465 230
465 246
465 288
465 296
465 306
465 331
465 358
465 371
465 410
465 447
465 489
465 495
465 497
466 4
466 28
466 42
466 226
466 248
466 249
466 253
466 254
466 257
466 353
466 442
466 452
467 5
467 56
467 140
467 171
467 194
467 249
467 290
467 295
467 315
467 319
467 346
467 390
467 458
467 494
468 27
468 161
468 170
468 239
468 256
468 264
468 339
468 387
469 80
469 112
469 183
469 240
469 256
469 261
469 308
469 311
469 345
469 413
469 430
470 167
470 208
470 303
470 328
470 358
470 381
471 13
471 40
471 48
471 88
471 115
471 166
471 187
471 195
471 205
471 238
471 258
471 294
471 357
471 369
471 385
471 412
472 11
472 26
472 57
472 69
472 124
472 125
472 178
472 240
472 310
472 339
472 426
473 116
473 154
473 193
473 233
473 257
473 293
473 298
474 20
474 76
474 95
474 263
474 329
474 499
475 24
475 156
475 162
475 176
475 316
475 327
475 363
475 440
476 0
476 27
476 35
476 61
476 119
476 134
476 199
476 258
476 316
476 367
476 381
476 393
476 447
476 464
477 64
477 65
477 87
477 96
477 129
477 165
477 217
477 236
477 267
477 344
477 441
477 478
478 4
478 65
478 98
478 125
478 242
478 247
478 300
478 301
478 314
478 362
478 407
478 447
478 477
479 1
479 50
479 62
479 117
479 171
479 177
479 180
479 254
479 308
479 341
479 381
479 424
479 444
479 480
480 19
480 27
480 117
480 252
480 295
480 299
480 310
480 334
480 382
480 479
481 78
481 216
481 223
481 225
481 303
481 345
481 346
481 433
481 461
482 37
482 74
482 170
482 175
482 219
482 243
482 273
482 307
482 483
483 21
483 39
483 74
483 79
483 94
483 117
483 154
483 210
483 256
483 259
483 311
483 327
483 333
483 390
483 395
483 423
483 435
483 439
483 464
483 482
483 488
484 112
484 166
484 309
484 386
484 412
484 448
485 18
485 80
485 120
485 182
485 281
485 284
485 292
485 330
485 353
485 417
485 491
486 25
486 38
486 67
486 245
486 284
486 297
486 326
486 361
486 458
486 487
487 23
487 29
487 42
487 46
487 143
487 148
487 222
487 241
487 292
487 353
487 375
487 388
487 433
487 486
488 6
488 47
488 53
488 160
488 165
488 178
488 200
488 311
488 316
488 351
488 378
488 483
489 19
489 132
489 172
489 465
489 497
490 6
490 124
490 140
490 202
490 266
490 274
490 325
490 367
490 426
490 435
490 459
490 492
491 49
491 115
491 123
491 147
491 149
491 165
491 200
491 218
491 237
491 275
491 288
491 335
491 347
491 353
491 405
491 408
491 411
491 485
491 494
492 16
492 53
492 73
492 95
492 103
492 187
492 225
492 226
492 241
492 244
492 444
492 490
493 14
493 62
493 64
493 117
493 160
493 175
493 233
493 247
493 257
493 258
493 262
493 271
493 317
493 369
493 423
494 67
494 82
494 110
494 115
494 124
494 184
494 218
494 235
494 295
494 305
494 444
494 467
494 491
495 19
495 21
495 111
495 112
495 156
495 260
495 280
495 293
495 332
495 349
495 362
495 366
495 376
495 390
495 465
496 20
496 108
496 130
496 135
496 138
496 146
496 151
496 153
496 167
496 173
496 190
496 202
496 209
496 212
496 258
496 269
496 283
496 293
496 308
496 310
496 347
496 387
496 499
497 20
497 29
497 136
497 154
497 211
497 216
497 348
497 367
497 439
497 442
497 465
497 489
498 2
498 5
498 22
498 42
498 103
498 117
498 196
498 243
498 450
499 57
499 135
499 286
499 359
499 389
499 407
499 438
499 452
499 456
499 474
499 496