500 3148
0 5
0 62
0 64
0 96
0 126
0 302
0 304
0 348
0 405
0 423
0 428
0 452
0 458
1 14
1 27
1 47
1 99
1 132
1 134
1 165
1 182
1 228
1 232
1 315
1 319
1 327
1 372
1 374
1 389
1 410
1 413
1 416
1 436
1 480
1 489
1 496
1 499
2 21
2 53
2 80
2 83
2 196
2 209
2 251
2 254
2 290
2 295
2 312
2 343
2 390
2 404
2 483
3 7
3 64
3 84
3 157
3 200
3 202
3 237
3 267
3 295
3 334
3 354
3 379
3 438
3 475
4 24
4 38
4 117
4 122
4 193
4 222
4 327
4 331
4 437
4 445
4 472
5 0
5 9
5 10
5 106
5 116
5 169
5 213
5 214
5 235
5 304
5 385
5 403
5 407
5 413
5 486
6 10
6 29
6 84
6 102
6 108
6 137
6 143
6 153
6 168
6 219
6 231
6 325
6 361
6 382
6 454
7 3
7 12
7 19
7 23
7 35
7 44
7 57
7 60
7 78
7 143
7 167
7 169
7 174
7 195
7 230
7 243
7 339
7 347
7 371
7 378
7 381
7 465
7 482
7 487
8 24
8 78
8 134
8 135
8 155
8 195
8 241
8 309
8 322
8 328
8 349
8 420
8 461
8 466
8 482
8 485
9 5
9 90
9 114
9 120
9 133
9 140
9 159
9 291
9 322
9 368
9 435
9 440
9 466
9 478
9 488
10 5
10 6
10 93
10 140
10 214
10 233
10 245
10 249
10 254
10 406
10 496
11 41
11 62
11 69
11 78
11 86
11 130
11 150
11 188
11 209
11 215
11 239
11 255
11 313
11 415
12 7
12 13
12 18
12 66
12 142
12 267
12 271
12 331
12 375
12 427
12 470
13 12
13 30
13 82
13 158
13 180
13 204
13 229
13 271
13 318
13 359
13 365
13 414
13 428
13 446
13 494
14 1
14 39
14 51
14 62
14 149
14 203
14 226
14 254
14 388
14 401
14 416
14 448
14 464
14 471
15 23
15 30
15 32
15 46
15 57
15 88
15 175
15 182
15 210
15 250
15 318
15 332
15 414
15 454
15 457
15 466
16 21
16 32
16 48
16 115
16 228
16 249
16 311
16 324
16 357
16 446
17 29
17 47
17 118
17 141
17 168
17 224
17 251
17 257
17 276
17 309
17 355
17 499
18 12
18 29
18 65
18 81
18 96
18 111
18 117
18 190
18 260
18 336
18 398
18 430
18 435
18 459
18 477
19 7
19 102
19 294
19 349
19 495
20 52
20 71
20 75
20 167
20 236
20 315
20 370
21 2
21 16
21 26
21 137
21 140
21 146
21 155
21 243
21 266
21 293
21 314
21 352
21 493
22 135
22 210
22 254
22 259
22 273
22 279
22 287
22 305
22 327
22 336
22 344
22 363
22 372
22 384
22 402
22 405
22 438
22 452
23 7
23 15
23 34
23 47
23 50
23 314
23 355
23 366
23 388
23 390
23 449
24 4
24 8
24 34
24 47
24 86
24 120
24 233
24 305
24 397
24 433
24 464
25 50
25 51
25 57
25 64
25 65
25 108
25 114
25 207
25 225
25 269
25 278
25 284
25 319
25 323
25 438
26 21
26 39
26 41
26 61
26 135
26 140
26 144
26 165
26 288
26 353
26 354
26 370
27 1
27 50
27 117
27 214
27 248
27 273
27 296
27 441
27 449
27 482
28 42
28 105
28 126
28 143
28 159
28 177
28 194
28 395
28 407
28 441
28 467
28 473
28 476
29 6
29 17
29 18
29 32
29 36
29 96
29 105
29 126
29 183
29 228
29 275
29 280
29 324
29 346
29 385
29 395
29 446
29 454
29 458
30 13
30 15
30 115
30 130
30 217
30 243
30 319
30 322
30 344
30 356
30 387
30 423
31 45
31 97
31 113
31 136
31 140
31 149
31 160
31 192
31 198
31 220
31 255
31 295
31 298
31 313
31 415
32 15
32 16
32 29
32 90
32 95
32 105
32 109
32 114
32 137
32 226
32 260
32 291
32 396
32 472
32 489
33 44
33 53
33 137
33 191
33 219
33 381
33 409
33 432
34 23
34 24
34 54
34 63
34 111
34 192
34 227
35 7
35 42
35 110
35 227
35 270
35 283
35 326
35 349
35 364
35 428
36 29
36 101
36 118
36 175
36 283
36 321
36 349
36 357
36 360
36 372
36 431
36 462
37 97
37 274
37 277
37 291
37 377
37 428
37 434
37 461
37 471
37 480
38 4
38 43
38 55
38 63
38 71
38 185
38 220
38 233
38 247
38 362
38 424
38 428
39 14
39 26
39 42
39 74
39 75
39 113
39 194
39 289
39 293
39 389
39 390
39 407
39 468
39 498
40 61
40 67
40 126
40 169
40 176
40 204
40 218
40 239
40 250
40 259
40 291
40 299
40 309
40 319
40 410
40 470
41 11
41 26
41 170
41 192
41 269
41 303
41 344
41 376
41 462
41 493
42 28
42 35
42 39
42 47
42 54
42 64
42 183
42 215
42 244
42 279
42 347
43 38
43 57
43 85
43 115
43 140
43 143
43 223
43 326
43 404
43 445
44 7
44 33
44 64
44 72
44 84
44 138
44 166
44 207
44 225
44 248
44 298
44 378
44 477
45 31
45 124
45 217
45 256
45 326
45 340
45 423
45 450
45 472
45 488
46 15
46 136
46 144
46 181
46 227
46 307
46 423
46 431
46 448
46 488
47 1
47 17
47 23
47 24
47 42
47 97
47 189
47 248
47 296
47 339
47 350
47 482
48 16
48 200
48 220
48 221
48 222
48 234
48 287
48 325
48 331
48 413
48 480
48 481
49 90
49 141
49 213
49 386
49 394
49 395
49 473
49 480
50 23
50 25
50 27
50 128
50 132
50 285
50 341
51 14
51 25
51 55
51 70
51 135
51 172
51 201
51 238
51 323
51 352
51 358
51 382
51 388
51 401
51 443
51 488
52 20
52 80
52 82
52 112
52 146
52 181
52 188
52 268
52 285
52 293
52 370
52 392
52 399
52 426
52 475
53 2
53 33
53 114
53 125
53 175
53 179
53 200
53 215
53 218
53 249
53 302
53 336
53 466
53 476
53 481
53 493
54 34
54 42
54 70
54 72
54 104
54 198
54 237
54 273
54 300
54 375
54 454
54 465
55 38
55 51
55 79
55 164
55 168
55 270
55 382
55 404
56 85
56 88
56 96
56 173
56 331
56 380
56 416
56 484
57 7
57 15
57 25
57 43
57 161
57 210
57 226
57 269
57 340
57 389
57 434
57 460
57 487
58 124
58 139
58 152
58 186
58 236
58 294
58 303
58 307
58 336
58 352
58 419
58 437
59 78
59 81
59 95
59 126
59 160
59 182
59 378
59 380
59 394
59 398
59 425
59 450
59 494
60 7
60 99
60 106
60 114
60 140
60 182
60 220
60 228
60 312
60 336
60 382
60 467
60 480
61 26
61 40
61 73
61 89
61 141
61 144
61 149
61 194
61 201
61 241
61 249
61 304
61 324
61 350
61 361
61 396
61 470
62 0
62 11
62 14
62 122
62 166
62 222
62 250
62 265
62 282
62 316
62 341
62 349
62 361
62 392
62 403
62 404
62 409
63 34
63 38
63 64
63 77
63 90
63 128
63 211
63 372
63 425
63 445
63 449
63 460
63 463
64 0
64 3
64 25
64 42
64 44
64 63
64 116
64 162
64 173
64 205
64 329
64 384
64 455
64 463
64 464
65 18
65 25
65 81
65 99
65 109
65 112
65 145
65 157
65 200
65 218
65 307
65 329
65 423
65 456
65 483
66 12
66 134
66 136
66 168
66 231
66 242
66 279
66 330
66 354
66 372
66 378
66 418
66 450
66 478
67 40
67 118
67 229
67 234
67 292
67 308
67 314
67 360
67 405
67 433
67 465
67 467
67 480
68 126
68 127
68 211
68 281
68 305
68 311
68 354
68 362
68 389
69 11
69 93
69 118
69 146
69 190
69 255
69 293
69 430
69 432
69 481
69 494
70 51
70 54
70 91
70 114
70 208
70 238
70 242
70 272
70 279
70 395
70 430
70 435
70 445
71 20
71 38
71 165
71 184
71 187
71 351
71 369
71 372
71 410
72 44
72 54
72 84
72 92
72 227
72 243
72 349
72 372
72 374
72 406
73 61
73 100
73 104
73 119
73 174
73 239
73 261
73 271
73 278
73 332
73 355
73 380
73 435
73 479
74 39
74 106
74 190
74 220
74 269
74 319
74 374
74 397
74 411
74 462
75 20
75 39
75 115
75 116
75 192
75 198
75 258
75 455
76 191
76 326
76 330
76 372
76 377
76 410
76 418
76 428
76 429
76 456
77 63
77 92
77 146
77 153
77 186
77 195
77 248
77 352
77 363
77 381
77 409
77 455
77 456
77 481
78 7
78 8
78 11
78 59
78 140
78 147
78 227
78 272
78 275
78 288
78 295
78 325
78 350
78 397
78 467
79 55
79 186
79 221
79 423
79 459
79 471
80 2
80 52
80 84
80 87
80 88
80 89
80 119
80 141
80 144
80 156
80 188
80 194
80 214
80 284
80 288
80 318
80 324
80 325
80 330
80 368
80 464
80 470
80 473
81 18
81 59
81 65
81 95
81 96
81 116
81 198
81 253
81 272
81 295
81 306
81 350
81 357
81 402
82 13
82 52
82 127
82 221
82 242
82 287
82 339
82 367
82 386
82 431
83 2
83 94
83 96
83 100
83 166
83 171
83 176
83 187
83 188
83 280
83 286
83 300
83 342
83 367
83 375
83 459
83 466
84 3
84 6
84 44
84 72
84 80
84 179
84 250
84 257
84 311
84 378
84 426
84 465
84 491
84 495
85 43
85 56
85 141
85 186
85 188
85 321
85 336
85 368
85 434
86 11
86 24
86 137
86 151
86 176
86 256
86 267
86 326
86 362
86 416
86 447
86 454
86 463
86 467
86 475
86 499
87 80
87 118
87 150
87 169
87 179
87 264
87 274
87 307
87 351
87 363
87 380
87 421
87 434
87 469
87 489
88 15
88 56
88 80
88 164
88 197
88 228
88 247
88 405
89 61
89 80
89 129
89 171
89 190
89 225
89 244
89 248
89 251
89 476
89 482
89 483
90 9
90 32
90 49
90 63
90 166
90 212
90 231
90 391
90 496
91 70
91 134
91 185
91 210
91 241
91 336
91 388
91 424
91 442
91 460
91 468
91 492
92 72
92 77
92 137
92 172
92 254
92 260
92 314
92 347
92 349
92 376
93 10
93 69
93 99
93 100
93 138
93 172
93 193
93 291
93 302
93 489
94 83
94 165
94 172
94 201
94 205
94 251
94 270
94 286
94 303
94 325
94 362
94 403
94 497
95 32
95 59
95 81
95 131
95 147
95 164
95 220
95 324
95 365
95 384
95 423
95 481
96 0
96 18
96 29
96 56
96 81
96 83
96 121
96 140
96 147
96 189
96 211
96 249
96 273
96 330
96 359
96 365
96 405
96 477
97 31
97 37
97 47
97 134
97 158
97 169
97 252
97 276
97 285
97 348
97 403
98 104
98 119
98 151
98 184
98 286
98 354
98 379
98 403
98 416
98 455
98 457
99 1
99 60
99 65
99 93
99 102
99 133
99 320
99 328
99 434
99 435
99 486
100 73
100 83
100 93
100 105
100 106
100 169
100 197
100 211
100 278
100 300
100 356
100 425
100 475
100 485
101 36
101 125
101 131
101 195
101 241
101 332
101 451
101 462
102 6
102 19
102 99
102 225
102 230
102 318
102 329
102 350
102 352
102 362
102 455
102 473
103 122
103 237
103 309
103 326
103 330
103 352
103 353
103 430
104 54
104 73
104 98
104 162
104 174
104 305
104 345
104 399
105 28
105 29
105 32
105 100
105 173
105 188
105 189
105 219
105 224
105 227
105 228
105 247
105 265
105 273
105 311
105 416
105 433
105 438
105 446
105 448
105 457
106 5
106 60
106 74
106 100
106 156
106 174
106 189
106 231
106 245
106 275
106 276
106 294
106 355
106 381
106 408
106 409
106 427
106 443
106 490
107 115
107 147
107 210
107 249
107 281
107 289
107 295
107 379
107 399
107 435
107 459
108 6
108 25
108 168
108 213
108 217
108 282
108 283
108 481
108 487
109 32
109 65
109 130
109 204
109 244
109 270
109 291
109 292
109 334
109 479
110 35
110 116
110 146
110 196
110 272
110 287
110 419
110 476
111 18
111 34
111 163
111 164
111 198
111 207
111 229
111 285
111 342
111 352
111 387
111 433
111 453
112 52
112 65
112 139
112 207
112 217
112 219
112 222
112 258
112 329
112 346
112 360
112 450
112 485
113 31
113 39
113 200
113 307
113 342
113 380
114 9
114 25
114 32
114 53
114 60
114 70
114 117
114 128
114 168
114 209
114 223
114 264
114 289
114 293
114 324
114 325
114 345
114 378
114 380
114 432
114 449
114 459
114 497
115 16
115 30
115 43
115 75
115 107
115 135
115 194
115 211
115 225
115 231
115 382
115 385
115 405
115 421
115 423
115 425
115 438
115 447
116 5
116 64
116 75
116 81
116 110
116 193
116 249
116 265
116 435
117 4
117 18
117 27
117 114
117 160
117 185
117 207
117 209
117 283
117 362
117 377
117 382
117 398
117 426
117 445
117 453
118 17
118 36
118 67
118 69
118 87
118 134
118 145
118 156
118 294
118 310
118 320
118 321
118 340
118 402
118 451
119 73
119 80
119 98
119 158
119 204
119 205
119 254
119 264
119 288
119 294
119 312
119 413
119 417
119 440
119 474
120 9
120 24
120 185
120 204
120 208
120 217
120 219
120 245
120 254
120 310
120 333
120 345
120 382
120 396
120 488
121 96
121 159
121 265
121 281
121 346
121 360
121 368
121 416
121 431
121 440
121 496
122 4
122 62
122 103
122 133
122 159
122 240
122 286
122 307
122 386
122 435
122 454
123 194
123 196
123 235
123 246
123 263
123 341
123 363
123 481
124 45
124 58
124 179
124 251
124 326
124 342
124 363
124 373
124 495
125 53
125 101
125 192
125 220
125 222
125 264
125 265
125 270
125 326
125 387
125 407
125 418
126 0
126 28
126 29
126 40
126 59
126 68
126 140
126 167
126 186
126 198
126 206
126 211
126 232
126 332
126 338
126 351
126 385
126 403
126 437
126 478
127 68
127 82
127 142
127 178
127 232
127 245
127 255
127 268
127 282
127 340
127 358
127 386
127 397
127 407
127 462
127 469
127 498
128 50
128 63
128 114
128 164
128 234
128 255
128 280
128 329
128 416
128 433
129 89
129 165
129 191
129 225
129 260
129 262
129 272
129 281
129 331
129 402
129 464
130 11
130 30
130 109
130 300
130 309
130 332
130 343
130 369
130 399
130 446
131 95
131 101
131 171
131 200
131 215
131 306
131 320
131 361
131 384
131 400
132 1
132 50
132 220
132 284
132 302
132 330
132 333
132 400
132 425
132 431
132 441
132 494
133 9
133 99
133 122
133 159
133 185
133 222
133 286
133 298
133 300
133 309
133 316
133 369
133 417
133 439
133 476
134 1
134 8
134 66
134 91
134 97
134 118
134 258
134 260
134 277
134 322
134 340
134 353
134 451
134 464
135 8
135 22
135 26
135 51
135 115
135 142
135 145
135 174
135 176
135 190
135 192
135 261
135 322
135 327
135 356
135 375
136 31
136 46
136 66
136 151
136 160
136 167
136 182
136 200
136 217
136 260
136 323
136 373
136 461
136 476
137 6
137 21
137 32
137 33
137 86
137 92
137 176
137 186
137 190
137 237
137 242
137 284
137 374
137 381
137 400
137 418
137 496
138 44
138 93
138 204
138 257
138 358
138 420
139 58
139 112
139 201
139 276
139 314
139 358
139 420
139 449
139 456
139 480
140 9
140 10
140 21
140 26
140 31
140 43
140 60
140 78
140 96
140 126
140 160
140 175
140 218
140 224
140 258
140 308
140 312
140 331
140 420
140 445
140 496
141 17
141 49
141 61
141 80
141 85
141 183
141 194
141 267
141 284
141 335
141 363
141 389
141 399
142 12
142 127
142 135
142 149
142 198
142 242
142 253
142 277
142 284
142 316
142 442
142 454
143 6
143 7
143 28
143 43
143 147
143 191
143 195
143 286
143 288
143 307
143 324
143 341
143 358
143 375
143 381
143 424
143 464
143 465
144 26
144 46
144 61
144 80
144 198
144 212
144 214
144 238
144 280
144 314
144 332
144 357
144 427
145 65
145 118
145 135
145 185
145 187
145 202
145 207
145 211
145 212
145 228
145 314
145 325
145 337
145 375
145 472
145 478
146 21
146 52
146 69
146 77
146 110
146 188
146 217
146 250
146 256
146 310
146 320
146 354
146 385
146 398
146 420
146 498
147 78
147 95
147 96
147 107
147 143
147 166
147 209
147 232
147 282
147 310
147 336
147 378
147 403
147 411
148 168
148 188
148 195
148 222
148 231
148 258
148 388
148 392
148 430
148 446
149 14
149 31
149 61
149 142
149 255
149 290
149 304
149 310
149 386
149 392
149 396
149 452
149 461
149 484
150 11
150 87
150 211
150 223
150 248
150 295
150 314
150 328
150 361
150 469
150 484
151 86
151 98
151 136
151 155
151 210
151 237
151 279
151 291
151 425
152 58
152 161
152 178
152 251
152 263
152 350
152 355
152 361
152 390
152 399
152 430
152 439
152 448
153 6
153 77
153 162
153 166
153 167
153 209
153 218
153 284
153 345
153 484
153 486
154 167
154 181
154 197
154 203
154 236
154 251
154 298
154 439
155 8
155 21
155 151
155 167
155 196
155 214
155 292
155 379
155 427
155 433
155 462
156 80
156 106
156 118
156 183
156 196
156 206
156 209
156 249
156 260
156 311
156 319
156 408
156 430
156 460
156 461
156 473
157 3
157 65
157 173
157 182
157 228
157 233
157 254
157 257
157 274
157 279
157 411
157 474
157 484
157 485
158 13
158 97
158 119
158 243
158 346
158 373
158 451
158 462
158 463
158 472
159 9
159 28
159 121
159 122
159 133
159 184
159 245
159 303
159 326
159 349
159 358
159 399
160 31
160 59
160 117
160 136
160 140
160 180
160 198
160 261
160 296
160 441
160 442
160 445
160 491
160 494
160 495
160 496
161 57
161 152
161 171
161 182
161 195
161 235
161 271
161 298
161 315
161 335
161 440
161 445
161 496
162 64
162 104
162 153
162 202
162 218
162 252
162 291
162 344
162 357
162 358
162 366
162 419
162 472
162 475
162 479
162 488
162 498
163 111
163 172
163 189
163 192
163 197
163 275
163 335
163 350
163 397
163 426
164 55
164 88
164 95
164 111
164 128
164 489
165 1
165 26
165 71
165 94
165 129
165 186
165 399
165 476
165 490
166 44
166 62
166 83
166 90
166 147
166 153
166 172
166 234
166 258
166 295
166 318
166 403
166 454
166 467
167 7
167 20
167 126
167 136
167 153
167 154
167 155
167 229
167 270
167 320
167 340
167 341
167 342
167 372
167 392
167 425
167 427
167 429
168 6
168 17
168 55
168 66
168 108
168 114
168 148
168 216
168 258
168 266
168 319
168 379
168 390
168 418
168 448
168 452
169 5
169 7
169 40
169 87
169 97
169 100
169 214
169 265
169 314
169 377
169 478
169 479
169 485
170 41
170 182
170 231
170 291
170 316
170 337
170 410
170 447
170 496
170 499
171 83
171 89
171 131
171 161
171 188
171 200
171 228
171 231
171 253
171 270
171 320
171 371
171 456
171 482
172 51
172 92
172 93
172 94
172 163
172 166
172 177
172 240
172 355
172 413
172 444
172 455
172 490
173 56
173 64
173 105
173 157
173 192
173 287
173 310
173 327
173 329
173 353
173 361
173 427
173 435
173 487
174 7
174 73
174 104
174 106
174 135
174 237
174 268
174 297
174 300
174 309
174 319
174 379
174 380
174 431
174 481
175 15
175 36
175 53
175 140
175 193
175 224
175 233
175 234
175 235
175 356
175 421
175 441
176 40
176 83
176 86
176 135
176 137
176 270
176 277
176 324
176 337
176 349
176 418
176 457
177 28
177 172
177 181
177 189
177 302
177 329
177 347
177 438
178 127
178 152
178 229
178 240
178 273
178 293
178 317
178 342
178 377
178 392
179 53
179 84
179 87
179 124
179 203
179 225
179 227
179 238
179 329
179 356
179 361
179 374
179 390
179 393
180 13
180 160
180 238
180 266
180 312
180 318
180 319
180 413
180 415
180 424
180 433
180 440
180 465
181 46
181 52
181 154
181 177
181 184
181 216
181 244
181 351
181 454
181 456
181 478
181 483
182 1
182 15
182 59
182 60
182 136
182 157
182 161
182 170
182 207
182 259
182 379
182 384
182 433
183 29
183 42
183 141
183 156
183 186
183 228
183 237
183 343
183 358
183 375
183 381
183 399
183 435
183 472
183 476
183 483
184 71
184 98
184 159
184 181
184 203
184 254
184 279
184 355
184 427
184 433
184 477
184 487
185 38
185 91
185 117
185 120
185 133
185 145
185 317
185 345
185 349
186 58
186 77
186 79
186 85
186 126
186 137
186 165
186 183
186 210
186 212
186 378
186 384
187 71
187 83
187 145
187 201
187 204
187 213
187 232
187 260
187 261
187 290
187 317
187 361
187 408
187 415
188 11
188 52
188 80
188 83
188 85
188 105
188 146
188 148
188 171
188 232
188 237
188 270
188 301
188 347
188 375
188 381
188 447
188 473
189 47
189 96
189 105
189 106
189 163
189 177
189 193
189 303
189 380
189 397
189 406
189 468
189 473
190 18
190 69
190 74
190 89
190 135
190 137
190 227
190 427
190 469
190 492
190 494
191 33
191 76
191 129
191 143
191 296
191 316
191 322
191 370
191 459
192 31
192 34
192 41
192 75
192 125
192 135
192 163
192 173
192 232
192 256
192 290
192 297
192 306
192 331
192 350
192 372
192 459
193 4
193 93
193 116
193 175
193 189
193 213
193 230
193 254
193 399
193 465
194 28
194 39
194 61
194 80
194 115
194 123
194 141
194 313
194 322
194 365
194 378
194 395
194 430
194 473
194 477
194 478
195 7
195 8
195 77
195 101
195 143
195 148
195 161
195 317
195 323
195 327
195 395
195 398
195 439
195 440
195 482
196 2
196 110
196 123
196 155
196 156
196 205
196 213
196 226
196 247
196 283
196 321
196 323
196 357
196 380
196 433
196 455
196 461
197 88
197 100
197 154
197 163
197 233
197 234
197 235
197 240
197 256
197 304
197 366
197 371
197 374
197 380
197 411
197 424
197 453
197 488
198 31
198 54
198 75
198 81
198 111
198 126
198 142
198 144
198 160
198 349
198 379
198 425
199 239
199 280
199 307
199 381
199 383
199 454
199 483
200 3
200 48
200 53
200 65
200 113
200 131
200 136
200 171
200 237
200 281
200 347
200 374
200 379
200 400
200 485
201 51
201 61
201 94
201 139
201 187
201 256
201 266
201 288
201 303
201 377
201 395
202 3
202 145
202 162
202 246
202 395
202 404
202 428
202 447
202 461
202 474
202 484
203 14
203 154
203 179
203 184
203 235
203 246
203 297
203 308
203 312
203 343
203 349
203 359
203 370
203 389
203 415
203 482
204 13
204 40
204 109
204 119
204 120
204 138
204 187
204 222
204 235
204 311
204 393
204 401
204 479
204 480
205 64
205 94
205 119
205 196
205 306
205 334
205 395
205 403
205 461
205 475
205 493
206 126
206 156
206 233
206 235
206 261
206 270
206 273
206 312
206 345
206 372
206 410
206 429
206 441
206 478
206 482
207 25
207 44
207 111
207 112
207 117
207 145
207 182
207 249
207 290
207 403
207 426
207 458
207 467
207 471
207 475
207 481
207 482
208 70
208 120
208 267
208 369
208 371
208 382
208 457
208 481
208 498
209 2
209 11
209 114
209 117
209 147
209 153
209 156
209 268
209 315
209 345
209 458
209 473
210 15
210 22
210 57
210 91
210 107
210 151
210 186
210 273
210 286
210 307
210 341
210 484
211 63
211 68
211 96
211 100
211 115
211 126
211 145
211 150
211 330
211 482
212 90
212 144
212 145
212 186
212 228
212 236
212 321
212 373
212 384
212 431
212 448
212 473
212 482
213 5
213 49
213 108
213 187
213 193
213 196
213 329
213 393
213 423
213 463
214 5
214 10
214 27
214 80
214 144
214 155
214 169
214 271
214 356
214 377
214 436
214 442
215 11
215 42
215 53
215 131
215 245
216 168
216 181
216 243
216 259
216 275
216 319
216 448
216 465
217 30
217 45
217 108
217 112
217 120
217 136
217 146
217 260
217 314
217 372
217 416
217 420
217 421
217 466
218 40
218 53
218 65
218 140
218 153
218 162
218 261
218 268
218 272
218 281
218 293
218 379
218 450
219 6
219 33
219 105
219 112
219 120
219 246
219 247
219 284
219 314
219 389
219 390
219 451
219 478
220 31
220 38
220 48
220 60
220 74
220 95
220 125
220 132
220 264
220 289
220 358
220 388
220 398
220 434
220 483
221 48
221 79
221 82
221 223
221 238
221 261
221 292
221 293
221 335
221 421
221 461
221 484
222 4
222 48
222 62
222 112
222 125
222 133
222 148
222 204
222 340
222 430
222 465
223 43
223 114
223 150
223 221
223 284
223 286
223 289
223 301
223 417
223 435
223 462
223 499
224 17
224 105
224 140
224 175
224 280
224 282
224 332
224 404
224 469
224 474
224 492
225 25
225 44
225 89
225 102
225 115
225 129
225 179
225 249
225 297
225 436
225 443
225 469
225 478
225 480
226 14
226 32
226 57
226 196
226 279
226 319
226 375
226 412
226 448
226 499
227 34
227 35
227 46
227 72
227 78
227 105
227 179
227 190
227 247
227 266
227 380
227 392
227 447
227 451
227 476
227 497
228 1
228 16
228 29
228 60
228 88
228 105
228 145
228 157
228 171
228 183
228 212
228 266
228 493
228 497
229 13
229 67
229 111
229 167
229 178
229 296
229 338
229 359
229 425
229 435
229 477
230 7
230 102
230 193
230 249
230 257
230 267
230 378
230 379
230 400
230 439
231 6
231 66
231 90
231 106
231 115
231 148
231 170
231 171
231 262
231 294
231 300
231 453
231 470
231 472
232 1
232 126
232 127
232 147
232 187
232 188
232 192
232 233
232 381
232 411
232 483
232 496
233 10
233 24
233 38
233 157
233 175
233 197
233 206
233 232
233 259
233 399
233 411
233 464
233 472
233 488
233 496
234 48
234 67
234 128
234 166
234 175
234 197
234 248
234 311
234 326
234 334
234 402
234 472
235 5
235 123
235 161
235 175
235 197
235 203
235 204
235 206
235 262
235 320
235 325
235 385
235 418
236 20
236 58
236 154
236 212
236 262
236 395
236 428
236 435
236 437
236 476
237 3
237 54
237 103
237 137
237 151
237 174
237 183
237 188
237 200
237 333
237 353
237 364
237 372
237 377
238 51
238 70
238 144
238 179
238 180
238 221
238 282
238 376
238 463
238 469
238 487
239 11
239 40
239 73
239 199
239 246
239 286
239 320
239 333
239 351
240 122
240 172
240 178
240 197
240 334
240 336
240 393
240 453
240 455
240 484
241 8
241 61
241 91
241 101
241 323
241 363
242 66
242 70
242 82
242 137
242 142
242 269
242 289
242 392
242 402
242 449
242 471
243 7
243 21
243 30
243 72
243 158
243 216
243 298
243 429
243 466
243 496
244 42
244 89
244 109
244 181
244 298
244 303
244 390
244 446
244 484
245 10
245 106
245 120
245 127
245 159
245 215
245 289
245 301
245 395
245 404
245 453
245 472
245 477
245 478
246 123
246 202
246 203
246 219
246 239
246 250
246 327
246 367
246 418
246 491
247 38
247 88
247 105
247 196
247 219
247 227
247 292
247 338
247 367
247 383
247 434
247 455
247 486
248 27
248 44
248 47
248 77
248 89
248 150
248 234
248 293
248 377
248 386
248 431
248 497
249 10
249 16
249 53
249 61
249 96
249 107
249 116
249 156
249 207
249 225
249 230
249 272
249 291
249 347
249 366
249 407
250 15
250 40
250 62
250 84
250 146
250 246
250 277
250 406
250 414
250 461
250 472
251 2
251 17
251 89
251 94
251 124
251 152
251 154
251 289
251 299
251 400
251 475
251 489
251 494
252 97
252 162
252 258
252 260
252 280
252 339
252 410
252 431
252 465
252 489
253 81
253 142
253 171
253 341
253 418
254 2
254 10
254 14
254 22
254 92
254 119
254 120
254 157
254 184
254 193
254 291
254 304
254 322
254 360
254 389
254 390
254 424
254 498
254 499
255 11
255 31
255 69
255 127
255 128
255 149
255 436
255 481
256 45
256 86
256 146
256 192
256 197
256 201
256 261
256 325
256 332
256 351
256 379
256 437
256 452
257 17
257 84
257 138
257 157
257 230
257 263
257 274
257 442
258 75
258 112
258 134
258 140
258 148
258 166
258 168
258 252
258 267
258 321
258 336
258 357
258 488
258 498
258 499
259 22
259 40
259 182
259 216
259 233
259 264
259 286
259 344
259 463
260 18
260 32
260 92
260 129
260 134
260 136
260 156
260 187
260 217
260 252
260 311
260 339
260 341
260 455
260 456
260 466
260 495
261 73
261 135
261 160
261 187
261 206
261 218
261 221
261 256
261 263
261 276
261 290
261 316
261 368
262 129
262 231
262 235
262 236
262 270
262 333
262 344
262 360
262 401
262 416
262 419
262 433
262 460
262 496
263 123
263 152
263 257
263 261
263 271
263 287
263 303
263 367
263 378
263 392
263 399
263 406
263 423
263 440
263 489
264 87
264 114
264 119
264 125
264 220
264 259
264 322
264 362
264 449
264 460
264 472
264 475
264 487
264 488
264 494
265 62
265 105
265 116
265 121
265 125
265 169
265 335
265 361
265 439
265 449
265 451
265 454
265 459
266 21
266 168
266 180
266 201
266 227
266 228
266 279
266 329
266 340
266 349
266 387
266 391
266 432
266 442
267 3
267 12
267 86
267 141
267 208
267 230
267 258
267 271
267 315
267 356
267 378
267 396
267 484
268 52
268 127
268 174
268 209
268 218
268 309
268 369
268 422
268 436
268 460
268 482
269 25
269 41
269 57
269 74
269 242
269 302
269 312
269 381
269 382
269 416
269 465
270 35
270 55
270 94
270 109
270 125
270 167
270 171
270 176
270 188
270 206
270 262
270 290
270 337
270 372
270 397
270 420
270 462
270 486
271 12
271 13
271 73
271 161
271 214
271 263
271 267
271 400
271 404
271 439
271 485
272 70
272 78
272 81
272 110
272 129
272 218
272 249
272 273
272 285
272 310
272 358
272 371
272 420
272 438
272 475
273 22
273 27
273 54
273 96
273 105
273 178
273 206
273 210
273 272
273 283
273 301
273 346
273 356
273 394
273 419
274 37
274 87
274 157
274 257
274 289
274 298
274 335
274 407
274 418
275 29
275 78
275 106
275 163
275 216
275 285
275 304
275 323
275 458
276 17
276 97
276 106
276 139
276 261
276 325
276 365
276 382
276 391
276 435
276 440
276 499
277 37
277 134
277 142
277 176
277 250
277 283
277 294
277 408
277 419
277 428
277 462
278 25
278 73
278 100
278 333
278 359
278 393
278 407
279 22
279 42
279 66
279 70
279 151
279 157
279 184
279 226
279 266
279 283
279 339
279 440
279 478
279 488
280 29
280 83
280 128
280 144
280 199
280 224
280 252
280 484
281 68
281 107
281 121
281 129
281 200
281 218
281 287
281 382
281 388
281 463
282 62
282 108
282 127
282 147
282 224
282 238
282 296
282 313
282 470
282 480
283 35
283 36
283 108
283 117
283 196
283 273
283 277
283 279
283 297
283 322
283 352
283 354
283 419
284 25
284 80
284 132
284 137
284 141
284 142
284 153
284 219
284 223
284 285
284 304
284 319
284 331
284 346
284 351
284 352
284 460
284 498
285 50
285 52
285 97
285 111
285 272
285 275
285 284
285 315
285 360
285 457
285 477
286 83
286 94
286 98
286 122
286 133
286 143
286 210
286 223
286 239
286 259
286 293
286 294
286 303
286 378
286 397
286 420
286 493
287 22
287 48
287 82
287 110
287 173
287 263
287 281
287 305
287 370
287 377
287 413
287 414
288 26
288 78
288 80
288 119
288 143
288 201
288 309
288 344
288 355
288 367
288 380
289 39
289 107
289 114
289 220
289 223
289 242
289 245
289 251
289 274
289 294
289 346
289 357
289 382
289 386
289 484
290 2
290 149
290 187
290 192
290 207
290 261
290 270
290 308
290 325
290 386
291 9
291 32
291 37
291 40
291 93
291 109
291 151
291 162
291 170
291 249
291 254
291 314
291 344
291 409
291 438
291 495
291 498
292 67
292 109
292 155
292 221
292 247
292 299
292 355
292 368
292 431
293 21
293 39
293 52
293 69
293 114
293 178
293 218
293 221
293 248
293 286
293 340
293 360
293 366
293 402
293 435
293 474
293 479
294 19
294 58
294 106
294 118
294 119
294 231
294 277
294 286
294 289
294 317
294 353
294 356
294 368
294 369
294 391
294 393
294 423
294 445
294 496
295 2
295 3
295 31
295 78
295 81
295 107
295 150
295 166
295 306
295 326
295 331
295 483
295 487
296 27
296 47
296 160
296 191
296 229
296 282
296 375
296 380
296 381
296 384
297 174
297 192
297 203
297 225
297 283
297 302
297 324
297 363
297 376
297 484
298 31
298 44
298 133
298 154
298 161
298 243
298 244
298 274
298 446
299 40
299 251
299 292
299 333
299 366
299 385
299 388
299 425
299 427
299 449
299 463
299 480
300 54
300 83
300 100
300 130
300 133
300 174
300 231
300 328
300 332
300 349
300 403
300 411
300 417
300 420
300 462
300 492
301 188
301 223
301 245
301 273
301 328
301 436
301 484
301 491
302 0
302 53
302 93
302 132
302 177
302 269
302 297
302 305
302 321
302 409
302 460
303 41
303 58
303 94
303 159
303 189
303 201
303 244
303 263
303 286
303 392
303 478
304 0
304 5
304 61
304 149
304 197
304 254
304 275
304 284
304 384
304 397
304 410
304 413
305 22
305 24
305 68
305 104
305 287
305 302
305 311
305 313
305 417
305 436
305 458
305 478
306 81
306 131
306 192
306 205
306 295
306 342
306 385
306 412
306 496
307 46
307 58
307 65
307 87
307 113
307 122
307 143
307 199
307 210
307 376
307 428
307 459
307 476
308 67
308 140
308 203
308 290
308 310
308 442
308 458
309 8
309 17
309 40
309 103
309 130
309 133
309 174
309 268
309 288
309 365
309 373
309 401
309 451
309 471
310 118
310 120
310 146
310 147
310 149
310 173
310 272
310 308
310 363
310 371
310 374
310 399
310 426
310 433
310 438
310 474
310 482
310 484
311 16
311 68
311 84
311 105
311 156
311 204
311 234
311 260
311 305
311 427
312 2
312 60
312 119
312 140
312 180
312 203
312 206
312 269
312 319
312 400
312 464
312 491
313 11
313 31
313 194
313 282
313 305
313 370
313 372
313 395
313 409
313 428
313 469
313 485
313 498
314 21
314 23
314 67
314 92
314 139
314 144
314 145
314 150
314 169
314 217
314 219
314 291
314 316
314 344
314 350
314 412
314 435
315 1
315 20
315 161
315 209
315 267
315 285
315 343
315 345
315 418
315 497
316 62
316 133
316 142
316 170
316 191
316 261
316 314
316 357
316 418
316 422
316 429
316 441
317 178
317 185
317 187
317 195
317 294
317 340
317 345
317 365
317 390
317 416
317 485
318 13
318 15
318 80
318 102
318 166
318 180
318 355
318 476
319 1
319 25
319 30
319 40
319 74
319 156
319 168
319 174
319 180
319 216
319 226
319 284
319 312
319 337
319 407
319 408
319 438
320 99
320 118
320 131
320 146
320 167
320 171
320 235
320 239
320 364
320 365
320 412
320 413
320 416
320 438
320 452
321 36
321 85
321 118
321 196
321 212
321 258
321 302
321 328
321 346
321 356
321 394
321 432
321 437
322 8
322 9
322 30
322 134
322 135
322 191
322 194
322 254
322 264
322 283
322 343
322 356
322 373
322 391
322 430
323 25
323 51
323 136
323 195
323 196
323 241
323 275
323 413
323 416
323 419
323 451
323 460
323 462
324 16
324 29
324 61
324 80
324 95
324 114
324 143
324 176
324 297
324 347
324 367
324 373
325 6
325 48
325 78
325 80
325 94
325 114
325 145
325 235
325 256
325 276
325 290
325 355
325 363
325 456
325 497
326 35
326 43
326 45
326 76
326 86
326 103
326 124
326 125
326 159
326 234
326 295
326 330
326 359
326 454
326 483
327 1
327 4
327 22
327 135
327 173
327 195
327 246
327 356
327 413
328 8
328 99
328 150
328 300
328 301
328 321
328 356
328 387
328 428
328 459
328 475
329 64
329 65
329 102
329 112
329 128
329 173
329 177
329 179
329 213
329 266
329 422
330 66
330 76
330 80
330 96
330 103
330 132
330 211
330 326
330 358
330 405
330 442
331 4
331 12
331 48
331 56
331 129
331 140
331 192
331 284
331 295
331 448
332 15
332 73
332 101
332 126
332 130
332 144
332 224
332 256
332 300
332 352
332 363
332 368
332 383
333 120
333 132
333 237
333 239
333 262
333 278
333 299
333 351
333 357
333 367
333 389
333 480
334 3
334 109
334 205
334 234
334 240
334 339
334 341
334 437
334 467
334 483
334 489
335 141
335 161
335 163
335 221
335 265
335 274
335 359
335 405
335 440
335 443
335 446
335 448
335 469
336 18
336 22
336 53
336 58
336 60
336 85
336 91
336 147
336 240
336 258
336 359
336 362
336 369
336 391
336 468
336 490
337 145
337 170
337 176
337 270
337 319
337 410
338 126
338 229
338 247
338 357
338 449
339 7
339 47
339 82
339 252
339 260
339 279
339 334
339 362
339 368
339 371
339 385
339 410
340 45
340 57
340 118
340 127
340 134
340 167
340 222
340 266
340 293
340 317
340 353
340 491
341 50
341 62
341 123
341 143
341 167
341 210
341 253
341 260
341 334
341 411
341 425
342 83
342 111
342 113
342 124
342 167
342 178
342 306
342 363
342 404
342 424
342 430
342 469
343 2
343 130
343 183
343 203
343 315
343 322
343 394
343 406
343 476
344 22
344 30
344 41
344 162
344 259
344 262
344 288
344 291
344 314
344 354
344 384
344 392
344 401
344 429
345 104
345 114
345 120
345 153
345 185
345 206
345 209
345 315
345 317
345 387
345 429
345 470
346 29
346 112
346 121
346 158
346 273
346 284
346 289
346 321
346 397
346 478
347 7
347 42
347 92
347 177
347 188
347 200
347 249
347 324
347 383
347 390
347 410
347 481
348 0
348 97
348 381
348 396
348 437
348 468
349 8
349 19
349 35
349 36
349 62
349 72
349 92
349 159
349 176
349 185
349 198
349 203
349 266
349 300
349 391
349 413
349 426
349 436
349 453
349 456
349 493
350 47
350 61
350 78
350 81
350 102
350 152
350 163
350 192
350 314
350 359
350 370
350 375
350 408
350 432
350 438
350 448
350 468
350 479
350 486
350 488
351 71
351 87
351 126
351 181
351 239
351 256
351 284
351 333
351 357
351 438
351 498
352 21
352 51
352 58
352 77
352 102
352 103
352 111
352 283
352 284
352 332
352 366
352 395
352 407
352 445
352 470
353 26
353 103
353 134
353 173
353 237
353 294
353 340
353 387
353 391
353 406
353 416
353 423
353 434
353 460
353 476
354 3
354 26
354 66
354 68
354 98
354 146
354 283
354 344
354 363
355 17
355 23
355 73
355 106
355 152
355 172
355 184
355 288
355 292
355 318
355 325
355 362
355 366
355 445
355 475
355 491
356 30
356 100
356 135
356 175
356 179
356 214
356 267
356 273
356 294
356 321
356 322
356 327
356 328
356 358
356 382
356 384
357 16
357 36
357 81
357 144
357 162
357 196
357 258
357 289
357 316
357 333
357 338
357 351
357 402
357 418
357 439
358 51
358 127
358 138
358 139
358 143
358 159
358 162
358 183
358 220
358 272
358 330
358 356
358 382
358 465
358 492
359 13
359 96
359 203
359 229
359 278
359 326
359 335
359 336
359 350
359 372
359 452
359 486
360 36
360 67
360 112
360 121
360 254
360 262
360 285
360 293
360 389
360 455
360 475
360 479
360 481
360 496
360 499
361 6
361 61
361 62
361 131
361 150
361 152
361 173
361 179
361 187
361 265
361 366
361 367
361 395
361 412
361 416
361 446
361 486
362 38
362 68
362 86
362 94
362 102
362 117
362 264
362 336
362 339
362 355
362 373
362 391
362 428
362 497
363 22
363 77
363 87
363 123
363 124
363 141
363 241
363 297
363 310
363 325
363 332
363 342
363 354
363 456
364 35
364 237
364 320
364 410
364 427
364 474
365 13
365 95
365 96
365 194
365 276
365 309
365 317
365 320
365 428
366 23
366 162
366 197
366 249
366 293
366 299
366 352
366 355
366 361
366 370
366 421
366 460
366 461
366 481
366 497
367 82
367 83
367 246
367 247
367 263
367 288
367 324
367 333
367 361
367 399
367 436
367 480
368 9
368 80
368 85
368 121
368 261
368 292
368 294
368 332
368 339
368 409
368 480
368 482
369 71
369 130
369 133
369 208
369 268
369 294
369 336
369 393
369 473
369 480
369 485
370 20
370 26
370 52
370 191
370 203
370 287
370 313
370 350
370 366
370 394
370 498
371 7
371 171
371 197
371 208
371 272
371 310
371 339
371 408
372 1
372 22
372 36
372 63
372 66
372 71
372 72
372 76
372 167
372 192
372 206
372 217
372 237
372 270
372 313
372 359
372 396
372 419
373 124
373 136
373 158
373 212
373 309
373 322
373 324
373 362
373 409
373 410
373 468
373 495
374 1
374 72
374 74
374 137
374 179
374 197
374 200
374 310
374 414
374 431
374 463
374 485
375 12
375 54
375 83
375 135
375 143
375 145
375 183
375 188
375 226
375 296
375 350
375 404
375 428
375 443
375 465
375 498
376 41
376 92
376 238
376 297
376 307
376 426
376 434
376 467
377 37
377 76
377 117
377 169
377 178
377 201
377 214
377 237
377 248
377 287
377 399
377 442
377 472
378 7
378 44
378 59
378 66
378 84
378 114
378 147
378 186
378 194
378 230
378 263
378 267
378 286
378 383
378 413
378 457
378 480
379 3
379 98
379 107
379 155
379 168
379 174
379 182
379 198
379 200
379 218
379 230
379 256
379 406
379 481
380 56
380 59
380 73
380 87
380 113
380 114
380 174
380 189
380 196
380 197
380 227
380 288
380 296
380 458
381 7
381 33
381 77
381 106
381 137
381 143
381 183
381 188
381 199
381 232
381 269
381 296
381 348
381 412
381 416
381 459
381 460
381 490
382 6
382 51
382 55
382 60
382 115
382 117
382 120
382 208
382 269
382 276
382 281
382 289
382 356
382 358
382 426
382 432
382 472
382 487
383 199
383 247
383 332
383 347
383 378
383 400
383 435
384 22
384 64
384 95
384 131
384 182
384 186
384 212
384 296
384 304
384 344
384 356
384 394
384 429
384 434
384 486
385 5
385 29
385 115
385 126
385 146
385 235
385 299
385 306
385 339
385 398
385 401
385 443
386 49
386 82
386 122
386 127
386 149
386 248
386 289
386 290
386 401
386 434
386 454
386 465
386 478
387 30
387 111
387 125
387 266
387 328
387 345
387 353
387 424
387 462
388 14
388 23
388 51
388 91
388 148
388 220
388 281
388 299
388 390
388 403
388 407
388 424
388 471
389 1
389 39
389 57
389 68
389 141
389 203
389 219
389 254
389 333
389 360
389 440
389 490
390 2
390 23
390 39
390 152
390 168
390 179
390 219
390 244
390 254
390 317
390 347
390 388
390 436
390 479
391 90
391 266
391 276
391 294
391 322
391 336
391 349
391 353
391 362
391 443
392 52
392 62
392 148
392 149
392 167
392 178
392 227
392 242
392 263
392 303
392 344
392 416
392 448
392 484
393 179
393 204
393 213
393 240
393 278
393 294
393 369
393 398
393 413
393 416
393 424
393 439
393 447
393 455
393 469
393 489
394 49
394 59
394 273
394 321
394 343
394 370
394 384
394 397
394 411
394 416
394 459
394 492
395 28
395 29
395 49
395 70
395 194
395 195
395 201
395 202
395 205
395 236
395 245
395 313
395 352
395 361
395 424
395 454
395 461
396 32
396 61
396 120
396 149
396 267
396 348
396 372
396 398
396 410
396 431
396 462
396 498
397 24
397 74
397 78
397 127
397 163
397 189
397 270
397 286
397 304
397 346
397 394
397 406
397 418
397 440
397 447
397 497
398 18
398 59
398 117
398 146
398 195
398 220
398 385
398 393
398 396
399 52
399 104
399 107
399 130
399 141
399 152
399 159
399 165
399 183
399 193
399 233
399 263
399 310
399 367
399 377
399 403
399 431
399 440
399 443
400 131
400 132
400 137
400 200
400 230
400 251
400 271
400 312
400 383
400 428
400 496
401 14
401 51
401 204
401 262
401 309
401 344
401 385
401 386
401 449
401 476
402 22
402 81
402 118
402 129
402 234
402 242
402 293
402 357
402 421
402 444
402 452
402 460
403 5
403 62
403 94
403 97
403 98
403 126
403 147
403 166
403 205
403 207
403 300
403 388
403 399
403 440
403 475
403 482
403 496
404 2
404 43
404 55
404 62
404 202
404 224
404 245
404 271
404 342
404 375
405 0
405 22
405 67
405 88
405 96
405 115
405 330
405 335
405 410
405 447
406 10
406 72
406 189
406 250
406 263
406 343
406 353
406 379
406 397
406 419
406 472
406 498
407 5
407 28
407 39
407 125
407 127
407 249
407 274
407 278
407 319
407 352
407 388
407 463
407 474
407 488
407 496
408 106
408 156
408 187
408 277
408 319
408 350
408 371
408 437
408 454
408 460
408 479
409 33
409 62
409 77
409 106
409 291
409 302
409 313
409 368
409 373
409 439
409 487
410 1
410 40
410 71
410 76
410 170
410 206
410 252
410 304
410 337
410 339
410 347
410 364
410 373
410 396
410 405
410 499
411 74
411 147
411 157
411 197
411 232
411 233
411 300
411 341
411 394
411 459
411 464
412 226
412 306
412 314
412 320
412 361
412 381
412 424
412 475
412 476
413 1
413 5
413 48
413 119
413 172
413 180
413 287
413 304
413 320
413 323
413 327
413 349
413 378
413 393
413 437
414 13
414 15
414 250
414 287
414 374
415 11
415 31
415 180
415 187
415 203
415 471
415 492
416 1
416 14
416 56
416 86
416 98
416 105
416 121
416 128
416 217
416 262
416 269
416 317
416 320
416 323
416 353
416 361
416 381
416 392
416 393
416 394
416 451
416 472
417 119
417 133
417 223
417 300
417 305
417 424
417 467
418 66
418 76
418 125
418 137
418 168
418 176
418 235
418 246
418 253
418 274
418 315
418 316
418 357
418 397
418 469
419 58
419 110
419 162
419 262
419 273
419 277
419 283
419 323
419 372
419 406
419 435
419 444
419 466
419 476
419 486
420 8
420 138
420 139
420 140
420 146
420 217
420 270
420 272
420 286
420 300
420 465
420 484
421 87
421 115
421 175
421 217
421 221
421 366
421 402
421 426
421 439
421 446
421 457
421 498
422 268
422 316
422 329
422 446
422 482
423 0
423 30
423 45
423 46
423 65
423 79
423 95
423 115
423 213
423 263
423 294
423 353
423 464
423 499
424 38
424 91
424 143
424 180
424 197
424 254
424 342
424 387
424 388
424 393
424 395
424 412
424 417
424 472
425 59
425 63
425 100
425 115
425 132
425 151
425 167
425 198
425 229
425 299
425 341
425 478
426 52
426 84
426 117
426 163
426 207
426 310
426 349
426 376
426 382
426 421
426 436
426 446
426 475
427 12
427 106
427 144
427 155
427 167
427 173
427 184
427 190
427 299
427 311
427 364
427 482
428 0
428 13
428 35
428 37
428 38
428 76
428 202
428 236
428 277
428 307
428 313
428 328
428 362
428 365
428 375
428 400
428 436
428 480
429 76
429 167
429 206
429 243
429 316
429 344
429 345
429 384
429 443
430 18
430 69
430 70
430 103
430 148
430 152
430 156
430 194
430 222
430 322
430 342
430 442
430 475
431 36
431 46
431 82
431 121
431 132
431 174
431 212
431 248
431 252
431 292
431 374
431 396
431 399
431 439
431 452
431 490
432 33
432 69
432 114
432 266
432 321
432 350
432 382
432 460
433 24
433 67
433 105
433 111
433 128
433 155
433 180
433 182
433 184
433 196
433 262
433 310
434 37
434 57
434 85
434 87
434 99
434 220
434 247
434 353
434 376
434 384
434 386
434 450
435 9
435 18
435 70
435 73
435 99
435 107
435 116
435 122
435 173
435 183
435 223
435 229
435 236
435 276
435 293
435 314
435 383
435 419
435 440
436 1
436 214
436 225
436 255
436 268
436 301
436 305
436 349
436 367
436 390
436 426
436 428
436 437
436 469
436 498
437 4
437 58
437 126
437 236
437 256
437 321
437 334
437 348
437 408
437 413
437 436
437 462
438 3
438 22
438 25
438 105
438 115
438 177
438 272
438 291
438 310
438 319
438 320
438 350
438 351
438 488
439 133
439 152
439 154
439 195
439 230
439 265
439 271
439 357
439 393
439 409
439 421
439 431
439 465
439 473
440 9
440 119
440 121
440 161
440 180
440 195
440 263
440 276
440 279
440 335
440 389
440 397
440 399
440 403
440 435
440 443
441 27
441 28
441 132
441 160
441 175
441 206
441 316
441 446
441 473
442 91
442 142
442 160
442 214
442 257
442 266
442 308
442 330
442 377
442 430
443 51
443 106
443 225
443 335
443 375
443 385
443 391
443 399
443 429
443 440
443 469
444 172
444 402
444 419
445 4
445 43
445 63
445 70
445 117
445 140
445 160
445 161
445 294
445 352
445 355
445 497
446 13
446 16
446 29
446 105
446 130
446 148
446 244
446 298
446 335
446 361
446 421
446 422
446 426
446 441
446 467
446 478
446 496
447 86
447 115
447 170
447 188
447 202
447 227
447 393
447 397
447 405
447 458
447 485
448 14
448 46
448 105
448 152
448 168
448 212
448 216
448 226
448 331
448 335
448 350
448 392
449 23
449 27
449 63
449 114
449 139
449 242
449 264
449 265
449 299
449 338
449 401
449 450
449 475
450 45
450 59
450 66
450 112
450 218
450 434
450 449
450 498
451 101
451 118
451 134
451 158
451 219
451 227
451 265
451 309
451 323
451 416
451 472
451 478
452 0
452 22
452 149
452 168
452 256
452 320
452 359
452 402
452 431
452 461
452 465
452 471
452 484
453 111
453 117
453 197
453 231
453 240
453 245
453 349
453 465
454 6
454 15
454 29
454 54
454 86
454 122
454 142
454 166
454 181
454 199
454 265
454 326
454 386
454 395
454 408
454 490
455 64
455 75
455 77
455 98
455 102
455 172
455 196
455 240
455 247
455 260
455 360
455 393
455 461
455 487
456 65
456 76
456 77
456 139
456 171
456 181
456 260
456 325
456 349
456 363
457 15
457 98
457 105
457 176
457 208
457 285
457 378
457 421
458 0
458 29
458 207
458 209
458 275
458 305
458 308
458 380
458 447
458 475
458 478
458 485
459 18
459 79
459 83
459 107
459 114
459 191
459 192
459 265
459 307
459 328
459 381
459 394
459 411
459 483
459 487
460 57
460 63
460 91
460 156
460 262
460 264
460 268
460 284
460 302
460 323
460 353
460 366
460 381
460 402
460 408
460 432
460 473
461 8
461 37
461 136
461 149
461 156
461 196
461 202
461 205
461 221
461 250
461 366
461 395
461 452
461 455
461 463
462 36
462 41
462 74
462 101
462 127
462 155
462 158
462 223
462 270
462 277
462 300
462 323
462 387
462 396
462 437
462 479
463 63
463 64
463 86
463 158
463 213
463 238
463 259
463 281
463 299
463 374
463 407
463 461
463 483
464 14
464 24
464 64
464 80
464 129
464 134
464 143
464 233
464 312
464 411
464 423
464 473
464 483
465 7
465 54
465 67
465 84
465 143
465 180
465 193
465 216
465 222
465 252
465 269
465 358
465 375
465 386
465 420
465 439
465 452
465 453
466 8
466 9
466 15
466 53
466 83
466 217
466 243
466 260
466 419
467 28
467 60
467 67
467 78
467 86
467 166
467 207
467 334
467 376
467 417
467 446
468 39
468 91
468 189
468 336
468 348
468 350
468 373
468 486
469 87
469 127
469 150
469 190
469 224
469 225
469 238
469 313
469 335
469 342
469 393
469 418
469 436
469 443
470 12
470 40
470 61
470 80
470 231
470 282
470 345
470 352
470 483
471 14
471 37
471 79
471 207
471 242
471 309
471 388
471 415
471 452
471 476
472 4
472 32
472 45
472 145
472 158
472 162
472 183
472 231
472 233
472 234
472 245
472 250
472 264
472 377
472 382
472 406
472 416
472 424
472 451
472 473
473 28
473 49
473 80
473 102
473 156
473 188
473 189
473 194
473 209
473 212
473 369
473 439
473 441
473 460
473 464
473 472
473 492
474 119
474 157
474 202
474 224
474 293
474 310
474 364
474 407
474 482
475 3
475 52
475 86
475 100
475 162
475 205
475 207
475 251
475 264
475 272
475 328
475 355
475 360
475 403
475 412
475 426
475 430
475 449
475 458
476 28
476 53
476 89
476 110
476 133
476 136
476 165
476 183
476 227
476 236
476 307
476 318
476 343
476 353
476 401
476 412
476 419
476 471
476 486
477 18
477 44
477 96
477 184
477 194
477 229
477 245
477 285
477 496
478 9
478 66
478 126
478 145
478 169
478 181
478 194
478 206
478 219
478 225
478 245
478 279
478 303
478 305
478 346
478 386
478 425
478 446
478 451
478 458
478 481
479 73
479 109
479 162
479 169
479 204
479 293
479 350
479 360
479 390
479 408
479 462
479 487
480 1
480 37
480 48
480 49
480 60
480 67
480 139
480 204
480 225
480 282
480 299
480 333
480 367
480 368
480 369
480 378
480 428
480 499
481 48
481 53
481 69
481 77
481 95
481 108
481 123
481 174
481 207
481 208
481 255
481 347
481 360
481 366
481 379
481 478
482 7
482 8
482 27
482 47
482 89
482 171
482 195
482 203
482 206
482 207
482 211
482 212
482 268
482 310
482 368
482 403
482 422
482 427
482 474
483 2
483 65
483 89
483 181
483 183
483 199
483 220
483 232
483 295
483 326
483 334
483 459
483 463
483 464
483 470
483 484
484 56
484 149
484 150
484 153
484 157
484 202
484 210
484 221
484 240
484 244
484 267
484 280
484 289
484 297
484 301
484 310
484 392
484 420
484 452
484 483
485 8
485 100
485 112
485 157
485 169
485 200
485 271
485 313
485 317
485 369
485 374
485 447
485 458
486 5
486 99
486 153
486 247
486 270
486 350
486 359
486 361
486 384
486 419
486 468
486 476
487 7
487 57
487 108
487 173
487 184
487 238
487 264
487 295
487 382
487 409
487 455
487 459
487 479
488 9
488 45
488 46
488 51
488 120
488 162
488 197
488 233
488 258
488 264
488 279
488 350
488 407
488 438
489 1
489 32
489 87
489 93
489 164
489 251
489 252
489 263
489 334
489 393
490 106
490 165
490 172
490 336
490 381
490 389
490 431
490 454
491 84
491 160
491 246
491 301
491 312
491 340
491 355
491 498
492 91
492 190
492 224
492 300
492 358
492 394
492 415
492 473
493 21
493 41
493 53
493 205
493 228
493 286
493 349
494 13
494 59
494 69
494 132
494 160
494 190
494 251
494 264
495 19
495 84
495 124
495 160
495 260
495 291
495 373
496 1
496 10
496 90
496 121
496 137
496 140
496 160
496 161
496 170
496 232
496 233
496 243
496 262
496 294
496 306
496 360
496 400
496 403
496 407
496 446
496 477
497 94
497 114
497 227
497 228
497 248
497 315
497 325
497 362
497 366
497 397
497 445
498 39
498 127
498 146
498 162
498 208
498 254
498 258
498 284
498 291
498 313
498 351
498 370
498 375
498 396
498 406
498 421
498 436
498 450
498 491
499 1
499 17
499 86
499 170
499 223
499 226
499 254
499 258
499 276
499 360
499 410
499 423
499 480