500 6327
0 17
0 65
0 80
0 101
0 108
0 112
0 142
0 155
0 236
0 314
0 332
0 348
0 353
0 394
0 403
0 409
0 430
1 76
1 91
1 112
1 152
1 158
1 193
1 203
1 227
1 231
1 299
1 311
1 323
1 344
1 359
1 398
1 399
1 435
1 451
1 452
1 465
1 470
1 497
2 8
2 18
2 30
2 35
2 78
2 82
2 86
2 162
2 164
2 175
2 183
2 231
2 237
2 260
2 264
2 267
2 295
2 311
2 359
2 385
2 391
2 406
2 407
2 418
2 419
2 427
2 467
2 492
3 16
3 68
3 70
3 71
3 79
3 85
3 102
3 115
3 129
3 130
3 135
3 143
3 152
3 160
3 174
3 199
3 230
3 256
3 307
3 327
3 344
3 359
3 360
3 419
3 439
3 460
3 479
3 491
4 7
4 68
4 71
4 129
4 134
4 171
4 194
4 230
4 248
4 249
4 259
4 285
4 289
4 308
4 319
4 332
4 356
4 407
4 453
4 480
5 23
5 55
5 59
5 63
5 71
5 133
5 134
5 137
5 138
5 169
5 182
5 199
5 235
5 267
5 280
5 291
5 313
5 329
5 366
5 376
5 398
5 401
5 406
5 410
5 441
5 442
5 457
5 467
5 482
6 25
6 29
6 55
6 117
6 136
6 149
6 208
6 244
6 279
6 301
6 305
6 307
6 327
6 364
6 365
6 370
6 395
6 399
6 404
6 466
6 482
7 4
7 14
7 79
7 89
7 103
7 111
7 126
7 147
7 215
7 219
7 234
7 291
7 300
7 331
7 345
7 353
7 354
7 360
7 381
7 449
7 472
7 486
7 498
8 2
8 29
8 33
8 35
8 49
8 51
8 53
8 84
8 154
8 164
8 166
8 182
8 239
8 272
8 283
8 288
8 307
8 339
8 363
8 368
8 415
8 421
8 440
8 457
8 463
8 472
8 474
9 12
9 57
9 86
9 116
9 120
9 131
9 132
9 136
9 156
9 206
9 225
9 265
9 298
9 335
9 338
9 341
9 352
9 353
9 356
9 403
9 431
9 437
9 462
9 493
10 11
10 31
10 43
10 71
10 89
10 94
10 98
10 118
10 144
10 163
10 179
10 206
10 207
10 243
10 262
10 273
10 310
10 354
10 358
10 380
10 413
10 462
10 477
10 491
10 497
11 10
11 13
11 30
11 69
11 76
11 93
11 105
11 114
11 129
11 136
11 166
11 185
11 207
11 213
11 228
11 235
11 242
11 271
11 320
11 332
11 339
11 350
11 361
11 372
11 426
11 437
11 483
12 9
12 16
12 47
12 58
12 68
12 104
12 118
12 127
12 155
12 190
12 192
12 197
12 204
12 207
12 211
12 214
12 227
12 241
12 254
12 273
12 284
12 338
12 398
12 399
12 400
12 414
12 415
12 421
12 465
12 488
12 494
12 498
13 11
13 18
13 33
13 94
13 109
13 143
13 178
13 197
13 200
13 218
13 226
13 236
13 243
13 246
13 262
13 311
13 361
13 376
13 377
13 406
13 411
13 440
13 444
13 483
14 7
14 68
14 94
14 151
14 178
14 186
14 200
14 233
14 250
14 254
14 278
14 281
14 284
14 287
14 308
14 327
14 339
14 372
14 404
14 419
14 420
14 429
14 464
14 477
14 493
15 23
15 26
15 63
15 68
15 74
15 78
15 89
15 100
15 110
15 177
15 181
15 183
15 221
15 243
15 271
15 281
15 284
15 298
15 302
15 308
15 343
15 344
15 345
15 377
15 398
15 452
15 475
15 495
16 3
16 12
16 23
16 25
16 35
16 111
16 118
16 120
16 152
16 161
16 168
16 170
16 180
16 201
16 207
16 222
16 242
16 247
16 252
16 254
16 288
16 294
16 319
16 343
16 369
16 400
16 421
16 425
16 440
16 464
16 472
16 493
17 0
17 24
17 99
17 120
17 141
17 170
17 190
17 208
17 239
17 246
17 280
17 284
17 305
17 341
17 405
17 406
17 409
17 428
17 446
17 449
17 473
18 2
18 13
18 95
18 146
18 151
18 170
18 194
18 200
18 210
18 222
18 246
18 267
18 303
18 357
18 420
18 456
18 468
19 36
19 45
19 54
19 63
19 70
19 96
19 115
19 118
19 134
19 180
19 235
19 237
19 247
19 278
19 294
19 322
19 325
19 333
19 340
19 359
19 372
19 413
19 457
19 493
20 41
20 71
20 146
20 161
20 193
20 203
20 210
20 218
20 219
20 242
20 261
20 302
20 319
20 326
20 328
20 330
20 371
20 372
20 373
20 394
20 422
20 433
20 451
20 458
20 473
20 497
21 48
21 55
21 66
21 72
21 73
21 96
21 115
21 159
21 170
21 177
21 209
21 217
21 223
21 226
21 230
21 260
21 266
21 296
21 302
21 354
21 381
21 382
21 408
21 415
21 427
21 432
21 439
21 470
21 472
21 485
22 69
22 105
22 117
22 136
22 146
22 153
22 162
22 177
22 184
22 186
22 203
22 208
22 227
22 253
22 255
22 309
22 310
22 329
22 359
22 381
22 427
22 456
22 461
22 475
23 5
23 15
23 16
23 44
23 53
23 71
23 75
23 137
23 139
23 140
23 154
23 155
23 180
23 213
23 218
23 227
23 243
23 245
23 257
23 260
23 272
23 275
23 298
23 315
23 335
23 336
23 344
23 355
23 367
23 386
23 388
23 389
23 425
23 427
23 430
23 445
23 480
24 17
24 47
24 75
24 119
24 149
24 170
24 175
24 202
24 212
24 236
24 259
24 281
24 287
24 351
24 375
24 385
24 411
24 432
24 443
24 447
24 489
25 6
25 16
25 107
25 109
25 140
25 155
25 189
25 198
25 259
25 263
25 281
25 304
25 308
25 315
25 322
25 334
25 373
25 392
25 401
25 410
25 438
25 450
25 457
26 15
26 69
26 76
26 77
26 164
26 189
26 246
26 272
26 304
26 311
26 336
26 341
26 355
26 358
26 379
26 417
26 422
26 438
26 447
26 477
27 30
27 39
27 43
27 123
27 136
27 148
27 217
27 219
27 240
27 263
27 267
27 271
27 276
27 296
27 299
27 328
27 337
27 354
27 356
27 433
27 446
27 459
27 468
27 474
27 483
28 46
28 58
28 61
28 69
28 73
28 80
28 82
28 173
28 183
28 185
28 198
28 208
28 259
28 301
28 322
28 346
28 391
28 445
29 6
29 8
29 107
29 133
29 136
29 146
29 154
29 158
29 182
29 191
29 235
29 305
29 314
29 329
29 339
29 348
29 359
29 370
29 379
29 413
29 415
29 427
29 446
29 460
30 2
30 11
30 27
30 34
30 43
30 61
30 90
30 123
30 127
30 157
30 158
30 161
30 164
30 167
30 182
30 205
30 230
30 272
30 281
30 284
30 302
30 318
30 321
30 330
30 338
30 392
30 406
30 409
30 425
30 432
30 440
30 442
30 459
30 463
30 473
30 476
30 497
31 10
31 37
31 52
31 54
31 65
31 76
31 96
31 112
31 119
31 131
31 136
31 175
31 176
31 212
31 214
31 225
31 241
31 243
31 247
31 321
31 327
31 328
31 333
31 347
31 352
31 353
31 356
31 366
31 383
31 385
31 446
31 448
31 467
31 473
32 37
32 39
32 66
32 69
32 89
32 114
32 132
32 136
32 144
32 149
32 201
32 264
32 288
32 291
32 305
32 356
32 369
32 416
32 425
32 442
32 448
32 455
32 469
33 8
33 13
33 34
33 50
33 52
33 74
33 80
33 82
33 115
33 119
33 121
33 130
33 180
33 181
33 190
33 193
33 215
33 229
33 261
33 279
33 291
33 322
33 372
33 399
33 407
33 442
33 457
34 30
34 33
34 40
34 42
34 46
34 64
34 80
34 111
34 125
34 143
34 164
34 191
34 233
34 248
34 255
34 285
34 306
34 307
34 322
34 325
34 349
34 398
34 415
34 419
34 426
34 430
34 439
34 450
34 452
34 460
34 464
34 466
34 469
34 497
35 2
35 8
35 16
35 41
35 42
35 97
35 100
35 105
35 115
35 129
35 206
35 224
35 231
35 239
35 264
35 277
35 289
35 295
35 306
35 316
35 317
35 328
35 345
35 379
35 386
35 391
35 404
35 414
35 419
35 420
35 474
36 19
36 41
36 42
36 65
36 85
36 103
36 152
36 195
36 196
36 205
36 217
36 257
36 275
36 281
36 292
36 313
36 354
36 379
36 409
36 434
36 464
36 494
37 31
37 32
37 86
37 96
37 118
37 146
37 160
37 174
37 189
37 195
37 288
37 289
37 294
37 305
37 320
37 328
37 333
37 341
37 343
37 358
37 383
37 446
37 457
37 485
38 41
38 52
38 67
38 68
38 79
38 80
38 83
38 84
38 128
38 152
38 153
38 165
38 174
38 221
38 233
38 234
38 237
38 241
38 247
38 257
38 264
38 297
38 335
38 358
38 388
38 398
38 407
38 413
38 427
38 490
39 27
39 32
39 110
39 111
39 125
39 134
39 153
39 174
39 229
39 243
39 251
39 280
39 318
39 350
39 352
39 420
39 424
39 446
39 449
39 455
39 492
40 34
40 52
40 99
40 106
40 138
40 158
40 219
40 246
40 250
40 262
40 358
40 375
40 386
40 420
40 424
40 435
41 20
41 35
41 36
41 38
41 51
41 106
41 126
41 185
41 232
41 288
41 301
41 340
41 386
41 415
41 418
41 422
41 431
41 435
41 448
41 472
42 34
42 35
42 36
42 70
42 73
42 82
42 90
42 136
42 143
42 213
42 217
42 218
42 225
42 239
42 279
42 286
42 292
42 305
42 314
42 331
42 341
42 370
42 377
42 422
42 443
42 447
43 10
43 27
43 30
43 82
43 85
43 89
43 96
43 105
43 132
43 154
43 170
43 187
43 208
43 257
43 260
43 262
43 265
43 304
43 311
43 334
43 335
43 347
43 358
43 369
43 384
43 426
43 427
43 434
43 449
44 23
44 54
44 93
44 121
44 153
44 168
44 190
44 195
44 230
44 244
44 259
44 328
44 379
44 382
44 408
44 432
44 463
44 498
45 19
45 55
45 65
45 93
45 116
45 121
45 129
45 132
45 195
45 213
45 215
45 220
45 242
45 251
45 256
45 263
45 269
45 277
45 297
45 306
45 314
45 346
45 351
45 364
45 375
45 376
45 418
45 433
45 436
45 442
45 478
45 485
46 28
46 34
46 88
46 99
46 113
46 125
46 134
46 172
46 185
46 187
46 194
46 195
46 230
46 250
46 253
46 254
46 280
46 293
46 299
46 302
46 349
46 364
46 412
46 491
47 12
47 24
47 54
47 65
47 67
47 83
47 89
47 133
47 138
47 140
47 182
47 209
47 226
47 228
47 238
47 240
47 244
47 248
47 250
47 278
47 352
47 360
47 368
47 400
47 439
47 447
47 452
48 21
48 57
48 64
48 74
48 78
48 83
48 93
48 94
48 119
48 137
48 196
48 209
48 228
48 272
48 284
48 289
48 293
48 302
48 319
48 321
48 339
48 379
48 380
48 389
48 397
48 399
48 428
48 458
48 468
48 482
48 484
48 487
49 8
49 56
49 61
49 149
49 164
49 175
49 204
49 221
49 237
49 274
49 309
49 384
49 391
49 431
49 445
49 469
49 473
50 33
50 59
50 75
50 87
50 91
50 97
50 131
50 136
50 141
50 155
50 175
50 192
50 239
50 258
50 277
50 290
50 307
50 326
50 339
50 349
50 356
50 413
50 414
50 427
50 447
50 450
50 471
50 473
50 480
50 486
50 488
50 490
51 8
51 41
51 57
51 73
51 100
51 122
51 124
51 135
51 141
51 144
51 154
51 156
51 175
51 186
51 224
51 228
51 239
51 256
51 276
51 321
51 345
51 366
51 381
51 399
51 409
51 420
51 454
51 469
52 31
52 33
52 38
52 40
52 55
52 91
52 120
52 126
52 171
52 195
52 199
52 203
52 208
52 212
52 219
52 255
52 263
52 286
52 299
52 305
52 341
52 381
52 386
52 400
53 8
53 23
53 75
53 81
53 115
53 170
53 216
53 233
53 244
53 246
53 319
53 335
53 354
53 355
53 363
53 369
53 422
53 434
53 456
53 485
54 19
54 31
54 44
54 47
54 82
54 116
54 156
54 184
54 196
54 211
54 222
54 231
54 232
54 246
54 270
54 277
54 285
54 313
54 317
54 321
54 324
54 328
54 334
54 359
54 362
54 364
54 384
54 400
54 405
54 429
54 433
54 441
54 445
54 452
54 458
54 461
54 469
54 473
54 487
55 5
55 6
55 21
55 45
55 52
55 71
55 127
55 157
55 178
55 212
55 243
55 278
55 314
55 334
55 341
55 350
55 382
55 392
55 414
55 418
55 485
55 487
56 49
56 58
56 65
56 73
56 77
56 100
56 113
56 151
56 168
56 213
56 215
56 234
56 301
56 333
56 338
56 365
56 382
56 388
56 399
56 420
56 424
56 425
56 452
56 466
56 483
56 493
57 9
57 48
57 51
57 68
57 110
57 120
57 125
57 153
57 170
57 185
57 201
57 235
57 251
57 253
57 285
57 291
57 318
57 332
57 344
57 351
57 352
57 387
57 467
57 471
57 484
58 12
58 28
58 56
58 91
58 108
58 124
58 128
58 131
58 184
58 222
58 251
58 270
58 287
58 306
58 320
58 322
58 332
58 359
58 439
58 460
58 463
59 5
59 50
59 103
59 155
59 175
59 185
59 206
59 215
59 234
59 254
59 257
59 267
59 346
59 365
59 386
59 402
59 421
59 429
59 434
59 470
59 486
60 116
60 135
60 144
60 167
60 221
60 232
60 238
60 244
60 333
60 344
60 349
60 369
60 391
60 402
60 421
60 425
60 444
60 449
61 28
61 30
61 49
61 94
61 95
61 140
61 156
61 160
61 166
61 201
61 210
61 225
61 230
61 238
61 253
61 282
61 289
61 299
61 370
61 398
61 409
61 428
61 429
61 431
61 433
61 450
61 458
61 472
61 478
62 74
62 84
62 85
62 90
62 95
62 102
62 165
62 198
62 230
62 242
62 266
62 300
62 308
62 312
62 336
62 339
62 356
62 391
62 407
62 411
62 432
63 5
63 15
63 19
63 70
63 96
63 124
63 226
63 229
63 243
63 261
63 270
63 289
63 313
63 336
63 354
63 372
63 423
63 442
63 472
63 479
64 34
64 48
64 67
64 68
64 100
64 125
64 131
64 167
64 204
64 214
64 219
64 222
64 264
64 320
64 395
64 403
64 415
64 441
64 446
64 454
64 462
64 471
64 492
65 0
65 31
65 36
65 45
65 47
65 56
65 79
65 134
65 149
65 271
65 285
65 313
65 348
65 349
65 361
65 374
65 377
65 395
65 409
65 432
65 437
65 478
65 488
66 21
66 32
66 73
66 91
66 116
66 122
66 143
66 181
66 188
66 193
66 210
66 213
66 215
66 233
66 239
66 263
66 289
66 338
66 371
66 406
66 436
66 473
67 38
67 47
67 64
67 114
67 115
67 143
67 152
67 174
67 205
67 206
67 251
67 255
67 286
67 303
67 329
67 406
67 416
67 449
67 459
67 468
68 3
68 4
68 12
68 14
68 15
68 38
68 57
68 64
68 115
68 124
68 152
68 175
68 178
68 181
68 186
68 189
68 190
68 196
68 198
68 235
68 244
68 264
68 353
68 364
68 376
68 402
68 438
68 472
69 11
69 22
69 26
69 28
69 32
69 74
69 82
69 127
69 135
69 151
69 179
69 196
69 223
69 242
69 247
69 254
69 265
69 293
69 298
69 323
69 327
69 345
69 365
69 386
69 388
69 396
69 408
69 422
69 426
69 468
69 470
69 475
69 494
69 495
70 3
70 19
70 42
70 63
70 99
70 161
70 167
70 169
70 172
70 175
70 189
70 194
70 262
70 272
70 273
70 290
70 308
70 350
70 369
70 420
70 452
70 474
71 3
71 4
71 5
71 10
71 20
71 23
71 55
71 93
71 96
71 103
71 111
71 182
71 208
71 213
71 241
71 286
71 306
71 310
71 332
71 359
71 386
72 21
72 137
72 140
72 146
72 175
72 194
72 220
72 275
72 289
72 318
72 320
72 350
72 361
72 367
72 380
72 397
72 398
72 402
72 451
72 472
72 475
73 21
73 28
73 42
73 51
73 56
73 66
73 108
73 109
73 123
73 149
73 158
73 236
73 267
73 326
73 329
73 400
73 445
73 447
73 464
73 499
74 15
74 33
74 48
74 62
74 69
74 122
74 124
74 126
74 184
74 194
74 215
74 225
74 255
74 274
74 278
74 360
74 375
74 388
74 407
74 426
74 429
74 447
74 473
75 23
75 24
75 50
75 53
75 94
75 126
75 153
75 174
75 187
75 193
75 197
75 201
75 217
75 236
75 237
75 239
75 288
75 302
75 321
75 339
75 354
75 375
75 388
75 394
75 436
75 446
76 1
76 11
76 26
76 31
76 89
76 127
76 141
76 187
76 204
76 211
76 220
76 286
76 291
76 310
76 367
76 387
76 433
76 473
76 480
77 26
77 56
77 88
77 92
77 109
77 129
77 142
77 143
77 153
77 276
77 307
77 309
77 336
77 359
77 369
77 404
77 418
77 473
78 2
78 15
78 48
78 127
78 154
78 165
78 168
78 200
78 205
78 233
78 239
78 248
78 321
78 347
78 367
78 369
78 481
78 499
79 3
79 7
79 38
79 65
79 83
79 97
79 116
79 174
79 175
79 176
79 204
79 221
79 248
79 338
79 347
79 365
79 380
79 415
79 424
79 438
79 454
79 483
79 495
80 0
80 28
80 33
80 34
80 38
80 86
80 143
80 159
80 163
80 208
80 240
80 243
80 265
80 286
80 344
80 371
80 387
80 396
80 400
80 407
80 415
80 425
80 431
80 461
80 465
80 496
81 53
81 110
81 116
81 142
81 143
81 144
81 147
81 169
81 193
81 236
81 243
81 296
81 301
81 341
81 371
81 385
81 405
81 406
81 429
81 433
81 455
81 462
81 493
81 495
82 2
82 28
82 33
82 42
82 43
82 54
82 69
82 84
82 93
82 103
82 104
82 112
82 143
82 146
82 153
82 155
82 181
82 183
82 186
82 229
82 236
82 249
82 255
82 273
82 282
82 292
82 326
82 339
82 360
82 398
82 401
82 402
82 458
82 488
83 38
83 47
83 48
83 79
83 136
83 140
83 151
83 165
83 208
83 219
83 234
83 262
83 282
83 305
83 332
83 334
83 368
83 370
83 443
83 454
83 457
83 492
84 8
84 38
84 62
84 82
84 96
84 121
84 173
84 197
84 199
84 209
84 218
84 245
84 267
84 286
84 302
84 305
84 318
84 321
84 329
84 330
84 354
84 359
84 387
84 401
84 408
84 413
84 426
84 435
84 472
85 3
85 36
85 43
85 62
85 92
85 100
85 123
85 133
85 138
85 171
85 176
85 189
85 202
85 223
85 256
85 285
85 297
85 309
85 312
85 346
85 391
85 417
85 449
85 461
85 490
86 2
86 9
86 37
86 80
86 123
86 128
86 143
86 162
86 176
86 178
86 179
86 184
86 188
86 215
86 220
86 234
86 247
86 255
86 271
86 275
86 304
86 318
86 359
86 396
86 404
86 410
86 450
86 458
86 484
86 486
86 494
87 50
87 88
87 92
87 116
87 120
87 121
87 123
87 124
87 173
87 181
87 205
87 213
87 221
87 243
87 246
87 260
87 281
87 389
87 429
87 431
87 461
88 46
88 77
88 87
88 117
88 137
88 146
88 148
88 182
88 186
88 211
88 215
88 231
88 258
88 272
88 288
88 289
88 290
88 313
88 320
88 323
88 324
88 327
88 352
88 377
88 436
88 479
89 7
89 10
89 15
89 32
89 43
89 47
89 76
89 106
89 122
89 132
89 178
89 202
89 213
89 261
89 281
89 285
89 292
89 295
89 299
89 300
89 321
89 338
89 340
89 346
89 363
89 366
89 427
89 481
90 30
90 42
90 62
90 135
90 144
90 145
90 158
90 185
90 201
90 202
90 216
90 218
90 248
90 259
90 265
90 278
90 319
90 321
90 328
90 331
90 375
90 419
90 439
90 446
90 479
90 480
90 492
91 1
91 50
91 52
91 58
91 66
91 101
91 120
91 140
91 147
91 176
91 196
91 252
91 298
91 314
91 316
91 330
91 373
91 388
91 394
91 412
91 415
91 431
91 489
91 491
92 77
92 85
92 87
92 94
92 137
92 140
92 175
92 208
92 222
92 230
92 247
92 254
92 288
92 329
92 336
92 343
92 349
92 404
92 426
92 431
92 457
93 11
93 44
93 45
93 48
93 71
93 82
93 129
93 142
93 147
93 150
93 178
93 181
93 201
93 245
93 250
93 258
93 271
93 273
93 281
93 296
93 297
93 300
93 329
93 348
93 434
93 437
93 455
93 478
93 481
93 492
94 10
94 13
94 14
94 48
94 61
94 75
94 92
94 102
94 110
94 128
94 134
94 179
94 255
94 269
94 290
94 302
94 306
94 311
94 325
94 350
94 355
94 386
94 390
94 401
94 410
94 428
94 435
94 482
94 494
95 18
95 61
95 62
95 102
95 114
95 128
95 130
95 138
95 148
95 185
95 210
95 216
95 236
95 239
95 272
95 321
95 339
95 402
95 419
95 432
95 461
96 19
96 21
96 31
96 37
96 43
96 63
96 71
96 84
96 117
96 129
96 154
96 168
96 172
96 182
96 214
96 251
96 256
96 282
96 336
96 338
96 358
96 363
96 373
96 413
96 416
96 431
96 440
96 461
96 462
96 463
96 481
96 483
96 486
97 35
97 50
97 79
97 105
97 109
97 143
97 171
97 213
97 348
97 354
97 358
97 373
97 408
97 477
98 10
98 101
98 116
98 126
98 132
98 163
98 169
98 223
98 244
98 265
98 294
98 297
98 345
98 356
98 371
98 439
98 453
98 499
99 17
99 40
99 46
99 70
99 111
99 122
99 149
99 179
99 208
99 215
99 227
99 230
99 255
99 259
99 286
99 296
99 306
99 379
99 382
99 419
99 428
99 455
99 460
99 476
99 490
100 15
100 35
100 51
100 56
100 64
100 85
100 147
100 164
100 170
100 219
100 237
100 244
100 263
100 264
100 308
100 321
100 337
100 348
100 358
100 422
100 430
100 461
100 465
101 0
101 91
101 98
101 119
101 190
101 197
101 198
101 215
101 235
101 239
101 283
101 330
101 361
101 392
101 407
101 412
101 428
101 446
101 450
101 455
101 468
101 476
101 494
102 3
102 62
102 94
102 95
102 135
102 162
102 185
102 193
102 197
102 316
102 331
102 369
102 374
102 407
102 424
102 431
102 470
102 480
102 495
103 7
103 36
103 59
103 71
103 82
103 111
103 115
103 126
103 143
103 161
103 193
103 196
103 202
103 211
103 224
103 258
103 259
103 284
103 287
103 322
103 333
103 345
103 375
103 385
103 387
103 419
104 12
104 82
104 128
104 191
104 193
104 220
104 251
104 266
104 271
104 274
104 275
104 278
104 350
104 380
104 383
104 392
104 421
105 11
105 22
105 35
105 43
105 97
105 116
105 134
105 181
105 199
105 234
105 244
105 261
105 265
105 349
105 351
105 357
105 378
105 380
105 392
105 400
105 409
105 434
105 435
105 470
105 487
106 40
106 41
106 89
106 108
106 132
106 137
106 167
106 192
106 198
106 199
106 201
106 204
106 207
106 256
106 261
106 281
106 300
106 310
106 311
106 319
106 322
106 354
106 386
106 429
107 25
107 29
107 109
107 122
107 154
107 223
107 261
107 273
107 341
107 346
107 349
107 353
107 372
107 377
107 391
107 399
107 420
107 437
107 445
107 480
108 0
108 58
108 73
108 106
108 111
108 135
108 152
108 164
108 187
108 207
108 254
108 255
108 262
108 273
108 279
108 320
108 333
108 384
108 413
108 418
108 439
108 447
108 448
108 484
109 13
109 25
109 73
109 77
109 97
109 107
109 136
109 145
109 146
109 154
109 159
109 177
109 189
109 204
109 223
109 235
109 245
109 254
109 255
109 258
109 300
109 310
109 320
109 399
109 414
109 443
109 448
109 460
109 463
109 475
109 478
109 481
109 486
110 15
110 39
110 57
110 81
110 94
110 121
110 131
110 147
110 153
110 157
110 164
110 165
110 205
110 226
110 288
110 296
110 305
110 327
110 332
110 341
110 347
110 353
110 393
110 401
110 436
110 448
110 473
110 485
111 7
111 16
111 34
111 39
111 71
111 99
111 103
111 108
111 112
111 119
111 121
111 131
111 208
111 216
111 233
111 238
111 264
111 295
111 297
111 304
111 316
111 335
111 359
111 363
111 396
111 403
111 407
111 410
111 449
111 468
111 484
112 0
112 1
112 31
112 82
112 111
112 126
112 139
112 140
112 166
112 177
112 190
112 198
112 208
112 239
112 254
112 260
112 293
112 345
112 349
112 360
112 368
112 391
112 396
112 428
112 474
113 46
113 56
113 119
113 175
113 199
113 216
113 271
113 307
113 324
113 333
113 339
113 340
113 345
113 350
113 353
113 379
113 396
113 438
113 444
114 11
114 32
114 67
114 95
114 135
114 208
114 222
114 259
114 288
114 293
114 301
114 310
114 317
114 363
114 365
114 373
114 379
114 386
114 389
114 390
114 402
114 407
114 410
114 428
114 439
114 447
114 449
114 455
114 474
114 476
114 485
114 493
115 3
115 19
115 21
115 33
115 35
115 53
115 67
115 68
115 103
115 120
115 206
115 212
115 235
115 247
115 259
115 262
115 266
115 270
115 292
115 303
115 304
115 325
115 346
115 388
115 399
115 405
115 434
116 9
116 45
116 54
116 60
116 66
116 79
116 81
116 87
116 98
116 105
116 129
116 192
116 229
116 282
116 292
116 309
116 328
116 334
116 355
116 361
116 369
116 371
116 374
116 401
116 410
116 440
116 441
116 489
116 494
117 6
117 22
117 88
117 96
117 118
117 129
117 165
117 221
117 229
117 233
117 237
117 305
117 307
117 322
117 352
117 357
117 373
117 392
117 407
117 448
117 449
117 453
117 459
117 468
117 493
118 10
118 12
118 16
118 19
118 37
118 117
118 154
118 158
118 160
118 231
118 238
118 244
118 249
118 281
118 284
118 334
118 377
118 384
118 413
118 434
118 442
118 469
118 492
119 24
119 31
119 33
119 48
119 101
119 111
119 113
119 135
119 144
119 158
119 178
119 190
119 212
119 226
119 273
119 274
119 284
119 299
119 307
119 314
119 318
119 352
119 388
119 401
119 402
119 433
119 439
119 443
119 451
119 453
120 9
120 16
120 17
120 52
120 57
120 87
120 91
120 115
120 134
120 218
120 221
120 237
120 270
120 301
120 316
120 334
120 349
120 352
120 363
120 371
120 385
120 396
120 402
120 443
120 448
120 484
120 494
121 33
121 44
121 45
121 84
121 87
121 110
121 111
121 125
121 148
121 158
121 165
121 166
121 177
121 185
121 226
121 227
121 272
121 296
121 317
121 318
121 321
121 322
121 359
121 384
121 398
121 419
121 421
121 436
121 439
121 444
121 484
122 51
122 66
122 74
122 89
122 99
122 107
122 124
122 138
122 189
122 206
122 256
122 259
122 261
122 266
122 327
122 331
122 332
122 333
122 350
122 353
122 392
122 395
122 400
122 406
122 412
122 417
122 420
122 460
123 27
123 30
123 73
123 85
123 86
123 87
123 128
123 129
123 155
123 175
123 219
123 230
123 234
123 241
123 250
123 282
123 296
123 306
123 311
123 315
123 316
123 323
123 326
123 329
123 335
123 346
123 394
123 397
123 402
123 428
123 446
123 451
123 452
123 488
123 499
124 51
124 58
124 63
124 68
124 74
124 87
124 122
124 154
124 172
124 197
124 202
124 206
124 245
124 263
124 287
124 304
124 305
124 330
124 357
124 411
124 414
124 431
124 459
124 469
124 480
124 490
124 492
124 493
125 34
125 39
125 46
125 57
125 64
125 121
125 131
125 135
125 149
125 158
125 171
125 177
125 188
125 220
125 238
125 284
125 292
125 302
125 317
125 319
125 325
125 336
125 376
125 445
125 456
125 478
125 483
126 7
126 41
126 52
126 74
126 75
126 98
126 103
126 112
126 128
126 165
126 179
126 183
126 187
126 197
126 204
126 222
126 229
126 234
126 243
126 257
126 264
126 272
126 277
126 284
126 310
126 316
126 330
126 332
126 366
126 384
126 438
126 440
126 447
126 472
126 484
126 486
127 12
127 30
127 55
127 69
127 76
127 78
127 154
127 160
127 177
127 188
127 203
127 204
127 240
127 267
127 272
127 279
127 287
127 293
127 294
127 298
127 317
127 319
127 332
127 334
127 343
127 355
127 356
127 369
127 420
127 470
127 474
127 497
128 38
128 58
128 86
128 94
128 95
128 104
128 123
128 126
128 151
128 162
128 168
128 186
128 227
128 257
128 278
128 323
128 331
128 353
128 364
128 431
128 439
128 449
129 3
129 4
129 11
129 35
129 45
129 77
129 93
129 96
129 116
129 117
129 123
129 134
129 184
129 192
129 200
129 228
129 236
129 240
129 248
129 251
129 257
129 272
129 284
129 354
129 363
129 375
129 456
129 461
130 3
130 33
130 95
130 179
130 180
130 182
130 186
130 204
130 221
130 231
130 238
130 273
130 281
130 306
130 312
130 315
130 341
130 353
130 357
130 390
130 399
130 444
130 486
131 9
131 31
131 50
131 58
131 64
131 110
131 111
131 125
131 153
131 160
131 166
131 177
131 184
131 201
131 222
131 253
131 261
131 267
131 271
131 274
131 286
131 303
131 304
131 309
131 334
131 390
131 392
131 393
131 417
131 421
131 430
131 466
131 498
132 9
132 32
132 43
132 45
132 89
132 98
132 106
132 149
132 163
132 226
132 262
132 273
132 274
132 320
132 327
132 340
132 373
132 380
132 384
132 385
132 410
132 449
132 464
132 486
132 495
133 5
133 29
133 47
133 85
133 163
133 215
133 220
133 235
133 272
133 275
133 312
133 321
133 351
133 352
133 389
133 425
134 4
134 5
134 19
134 39
134 46
134 65
134 94
134 105
134 120
134 129
134 165
134 171
134 176
134 242
134 261
134 268
134 298
134 308
134 339
134 407
134 410
134 412
134 429
134 445
134 448
134 480
135 3
135 51
135 60
135 69
135 90
135 102
135 108
135 114
135 119
135 125
135 159
135 214
135 227
135 292
135 319
135 328
135 353
135 357
135 362
135 378
135 422
135 434
135 450
135 468
135 477
135 491
136 6
136 9
136 11
136 22
136 27
136 29
136 31
136 32
136 42
136 50
136 83
136 109
136 159
136 182
136 199
136 224
136 237
136 254
136 257
136 265
136 273
136 278
136 290
136 309
136 317
136 318
136 323
136 326
136 334
136 388
136 406
136 408
136 413
136 427
136 429
136 484
137 5
137 23
137 48
137 72
137 88
137 92
137 106
137 162
137 165
137 183
137 212
137 242
137 287
137 310
137 332
137 345
137 419
137 463
137 471
137 477
137 495
137 497
138 5
138 40
138 47
138 85
138 95
138 122
138 160
138 186
138 206
138 218
138 237
138 247
138 285
138 297
138 299
138 324
138 349
138 354
138 365
138 392
138 408
138 409
138 430
138 441
138 451
138 456
138 471
138 483
139 23
139 112
139 152
139 168
139 235
139 265
139 271
139 317
139 334
139 353
139 369
139 374
139 457
139 471
139 482
139 497
140 23
140 25
140 47
140 61
140 72
140 83
140 91
140 92
140 112
140 180
140 188
140 198
140 220
140 228
140 231
140 242
140 252
140 261
140 263
140 265
140 290
140 309
140 314
140 363
140 366
140 431
140 437
140 453
140 455
140 467
140 485
141 17
141 50
141 51
141 76
141 159
141 184
141 208
141 252
141 295
141 315
141 318
141 337
141 368
141 373
141 378
141 385
141 411
141 414
141 429
141 432
141 448
141 466
142 0
142 77
142 81
142 93
142 190
142 221
142 240
142 258
142 278
142 291
142 299
142 314
142 322
142 331
142 333
142 348
142 388
142 394
142 419
142 422
142 442
142 469
142 474
143 3
143 13
143 34
143 42
143 66
143 67
143 77
143 80
143 81
143 82
143 86
143 97
143 103
143 154
143 170
143 192
143 238
143 260
143 267
143 294
143 298
143 338
143 349
143 369
143 379
143 381
143 383
143 399
143 415
143 428
143 441
143 444
143 453
143 458
143 462
143 463
143 465
144 10
144 32
144 51
144 60
144 81
144 90
144 119
144 165
144 214
144 248
144 254
144 269
144 274
144 285
144 292
144 320
144 355
144 359
144 383
144 391
144 401
144 446
144 470
145 90
145 109
145 188
145 245
145 251
145 255
145 258
145 261
145 263
145 288
145 313
145 344
145 356
145 363
145 365
145 407
145 434
145 446
145 455
145 485
145 497
146 18
146 20
146 22
146 29
146 37
146 72
146 82
146 88
146 109
146 151
146 168
146 186
146 264
146 310
146 373
146 388
146 400
146 438
146 458
146 461
146 478
146 487
147 7
147 81
147 91
147 93
147 100
147 110
147 170
147 184
147 223
147 241
147 404
147 438
147 440
147 443
147 449
148 27
148 88
148 95
148 121
148 160
148 181
148 244
148 273
148 277
148 284
148 285
148 321
148 373
148 384
148 387
148 403
148 462
149 6
149 24
149 32
149 49
149 65
149 73
149 99
149 125
149 132
149 176
149 188
149 190
149 236
149 288
149 299
149 333
149 336
149 371
149 375
149 408
149 412
149 430
149 452
149 455
149 468
149 478
149 487
149 492
150 93
150 160
150 179
150 182
150 220
150 250
150 271
150 278
150 283
150 318
150 327
150 328
150 336
150 351
150 363
150 364
150 412
150 418
150 420
150 437
150 452
150 476
150 478
150 493
151 14
151 18
151 56
151 69
151 83
151 128
151 146
151 160
151 161
151 170
151 174
151 176
151 178
151 188
151 194
151 247
151 248
151 282
151 300
151 308
151 334
151 383
151 388
151 404
151 415
151 451
151 490
151 499
152 1
152 3
152 16
152 36
152 38
152 67
152 68
152 108
152 139
152 194
152 199
152 200
152 208
152 260
152 287
152 336
152 401
152 414
153 22
153 38
153 39
153 44
153 57
153 75
153 77
153 82
153 110
153 131
153 194
153 217
153 222
153 224
153 225
153 255
153 276
153 286
153 308
153 313
153 330
153 332
153 340
153 352
153 364
153 387
153 409
153 427
153 430
153 434
153 450
153 459
153 460
153 465
154 8
154 23
154 29
154 43
154 51
154 78
154 96
154 107
154 109
154 118
154 124
154 127
154 143
154 218
154 220
154 225
154 226
154 237
154 243
154 253
154 279
154 291
154 294
154 302
154 323
154 332
154 355
154 390
154 402
154 424
154 438
155 0
155 12
155 23
155 25
155 50
155 59
155 82
155 123
155 158
155 166
155 181
155 194
155 200
155 229
155 260
155 265
155 266
155 301
155 318
155 334
155 335
155 344
155 360
155 413
155 437
155 440
155 446
155 447
155 478
155 483
156 9
156 51
156 54
156 61
156 162
156 163
156 179
156 184
156 190
156 269
156 299
156 315
156 319
156 389
156 406
156 428
156 486
157 30
157 55
157 110
157 158
157 233
157 237
157 247
157 263
157 271
157 289
157 295
157 317
157 319
157 367
157 391
157 400
157 401
157 422
157 426
157 454
157 495
157 498
158 1
158 29
158 30
158 40
158 73
158 90
158 118
158 119
158 121
158 125
158 155
158 157
158 188
158 238
158 243
158 252
158 257
158 269
158 272
158 284
158 285
158 357
158 393
158 401
158 405
158 465
158 490
158 495
159 21
159 80
159 109
159 135
159 136
159 141
159 199
159 242
159 271
159 300
159 301
159 313
159 315
159 323
159 373
159 400
159 417
159 453
159 470
159 477
159 491
160 3
160 37
160 61
160 118
160 127
160 131
160 138
160 148
160 150
160 151
160 171
160 222
160 226
160 232
160 262
160 279
160 301
160 324
160 338
160 403
160 426
160 431
160 433
160 437
160 443
160 449
160 453
160 459
161 16
161 20
161 30
161 70
161 103
161 151
161 195
161 197
161 207
161 220
161 240
161 276
161 296
161 298
161 304
161 307
161 338
161 365
161 376
161 419
161 422
161 434
161 463
161 468
161 492
161 496
162 2
162 22
162 86
162 102
162 128
162 137
162 156
162 164
162 167
162 182
162 197
162 198
162 223
162 251
162 281
162 284
162 285
162 338
162 371
162 382
162 391
162 402
162 453
162 461
162 470
162 475
162 491
163 10
163 80
163 98
163 132
163 133
163 156
163 168
163 171
163 173
163 179
163 180
163 186
163 214
163 218
163 239
163 247
163 251
163 279
163 323
163 338
163 342
163 376
163 411
163 414
163 418
163 444
163 451
163 458
163 464
163 485
163 493
164 2
164 8
164 26
164 30
164 34
164 49
164 100
164 108
164 110
164 162
164 192
164 195
164 200
164 209
164 210
164 226
164 273
164 283
164 310
164 326
164 331
164 346
164 367
164 377
164 392
164 400
164 402
164 405
164 415
164 437
164 444
165 38
165 62
165 78
165 83
165 110
165 117
165 121
165 126
165 134
165 137
165 144
165 178
165 213
165 215
165 229
165 236
165 239
165 257
165 261
165 272
165 348
165 363
165 374
165 432
165 471
165 483
166 8
166 11
166 61
166 112
166 121
166 131
166 155
166 184
166 203
166 206
166 232
166 249
166 250
166 295
166 307
166 328
166 338
166 340
166 358
166 396
166 417
166 478
166 480
166 483
166 487
167 30
167 60
167 64
167 70
167 106
167 162
167 180
167 194
167 197
167 198
167 205
167 221
167 222
167 306
167 333
167 348
167 358
167 394
167 398
167 402
167 406
167 408
167 417
167 452
167 464
167 473
167 485
167 492
167 498
167 499
168 16
168 44
168 56
168 78
168 96
168 128
168 139
168 146
168 163
168 176
168 183
168 201
168 205
168 221
168 271
168 293
168 308
168 355
168 364
168 407
168 417
168 463
169 5
169 70
169 81
169 98
169 244
169 275
169 311
169 358
169 381
169 385
169 386
169 425
169 450
169 465
170 16
170 17
170 18
170 21
170 24
170 43
170 53
170 57
170 100
170 143
170 147
170 151
170 214
170 219
170 220
170 247
170 253
170 337
170 349
170 353
170 370
170 400
170 438
170 456
170 461
170 497
171 4
171 52
171 85
171 97
171 125
171 134
171 160
171 163
171 261
171 283
171 302
171 342
171 360
171 374
171 413
171 424
171 432
171 493
171 495
172 46
172 70
172 96
172 124
172 243
172 264
172 275
172 281
172 302
172 315
172 342
172 357
172 395
172 436
172 450
172 465
172 472
172 480
173 28
173 84
173 87
173 163
173 186
173 193
173 209
173 293
173 331
173 334
173 336
173 350
173 369
173 394
173 416
173 418
173 425
173 463
174 3
174 37
174 38
174 39
174 67
174 75
174 79
174 151
174 183
174 185
174 214
174 241
174 252
174 301
174 331
174 338
174 346
174 356
174 357
174 400
174 411
174 412
174 431
174 435
174 468
174 482
174 490
175 2
175 24
175 31
175 49
175 50
175 51
175 59
175 68
175 70
175 72
175 79
175 92
175 113
175 123
175 209
175 210
175 253
175 319
175 327
175 337
175 401
175 409
175 417
175 423
175 439
175 440
175 451
175 460
175 465
176 31
176 79
176 85
176 86
176 91
176 134
176 149
176 151
176 168
176 179
176 223
176 240
176 256
176 288
176 296
176 305
176 317
176 336
176 380
176 400
176 412
176 434
176 452
176 473
176 490
177 15
177 21
177 22
177 109
177 112
177 121
177 125
177 127
177 131
177 180
177 208
177 212
177 227
177 228
177 280
177 299
177 342
177 361
177 375
177 376
177 423
177 449
178 13
178 14
178 55
178 68
178 86
178 89
178 93
178 119
178 151
178 165
178 208
178 221
178 249
178 282
178 290
178 314
178 317
178 331
178 333
178 351
178 365
178 390
178 403
178 419
178 460
178 482
178 498
179 10
179 69
179 86
179 94
179 99
179 126
179 130
179 150
179 156
179 163
179 176
179 212
179 215
179 256
179 288
179 298
179 324
179 347
179 369
179 370
179 378
179 380
179 387
179 395
179 403
179 431
179 447
179 450
179 461
179 481
180 16
180 19
180 23
180 33
180 130
180 140
180 163
180 167
180 177
180 187
180 197
180 198
180 226
180 229
180 281
180 288
180 301
180 315
180 353
180 375
180 414
180 458
180 467
180 476
181 15
181 33
181 66
181 68
181 82
181 87
181 93
181 105
181 148
181 155
181 195
181 232
181 254
181 257
181 275
181 298
181 305
181 336
181 338
181 348
181 431
181 449
182 5
182 8
182 29
182 30
182 47
182 71
182 88
182 96
182 130
182 136
182 150
182 162
182 214
182 257
182 268
182 276
182 343
182 349
182 368
182 386
182 399
182 401
182 411
182 414
182 423
182 432
182 434
182 436
182 438
182 445
182 468
182 472
182 495
182 499
183 2
183 15
183 28
183 82
183 126
183 137
183 168
183 174
183 216
183 244
183 246
183 251
183 262
183 276
183 303
183 320
183 343
183 371
183 376
183 408
183 411
183 418
183 443
183 446
183 465
183 493
184 22
184 54
184 58
184 74
184 86
184 129
184 131
184 141
184 147
184 156
184 166
184 187
184 221
184 238
184 288
184 289
184 297
184 313
184 333
184 364
184 373
184 398
184 407
184 422
184 432
184 442
184 466
184 479
185 11
185 28
185 41
185 46
185 57
185 59
185 90
185 95
185 102
185 121
185 174
185 194
185 204
185 205
185 207
185 236
185 260
185 266
185 271
185 310
185 351
185 353
185 369
185 375
185 382
185 389
185 396
185 400
185 409
185 420
185 439
185 498
186 14
186 22
186 51
186 68
186 82
186 88
186 128
186 130
186 138
186 146
186 163
186 173
186 195
186 241
186 249
186 275
186 290
186 300
186 317
186 335
186 341
186 390
186 396
186 404
186 410
186 441
186 444
186 466
187 43
187 46
187 75
187 76
187 108
187 126
187 180
187 184
187 220
187 230
187 231
187 278
187 294
187 321
187 375
187 378
187 387
187 404
187 411
187 413
187 416
187 439
187 443
187 469
187 475
187 478
187 487
187 489
188 66
188 86
188 125
188 127
188 140
188 145
188 149
188 151
188 158
188 214
188 245
188 285
188 321
188 332
188 368
188 426
188 431
188 436
189 25
189 26
189 37
189 68
189 70
189 85
189 109
189 122
189 191
189 203
189 215
189 224
189 259
189 327
189 339
189 382
189 383
189 385
189 402
189 460
189 474
189 479
190 12
190 17
190 33
190 44
190 68
190 101
190 112
190 119
190 142
190 149
190 156
190 191
190 239
190 285
190 300
190 315
190 356
190 359
190 375
190 405
190 434
190 443
190 472
190 474
191 29
191 34
191 104
191 189
191 190
191 221
191 234
191 235
191 243
191 248
191 289
191 311
191 323
191 326
191 339
191 421
191 456
191 475
191 476
191 493
191 499
192 12
192 50
192 106
192 116
192 129
192 143
192 164
192 195
192 202
192 224
192 247
192 250
192 252
192 260
192 270
192 286
192 323
192 337
192 372
192 387
192 391
192 422
192 435
192 450
192 469
192 482
192 497
193 1
193 20
193 33
193 66
193 75
193 81
193 102
193 103
193 104
193 173
193 203
193 219
193 240
193 247
193 263
193 303
193 330
193 366
193 401
193 403
193 418
193 443
193 455
194 4
194 18
194 46
194 70
194 72
194 74
194 151
194 152
194 153
194 155
194 167
194 185
194 198
194 209
194 265
194 277
194 294
194 316
194 356
194 366
194 383
194 396
194 408
194 425
194 435
194 445
194 472
194 496
195 36
195 37
195 44
195 45
195 46
195 52
195 161
195 164
195 181
195 186
195 192
195 198
195 248
195 263
195 273
195 284
195 288
195 363
195 371
195 373
195 406
195 459
195 481
196 36
196 48
196 54
196 68
196 69
196 91
196 103
196 238
196 260
196 293
196 366
196 396
196 398
196 399
196 411
196 425
196 431
196 445
196 495
197 12
197 13
197 75
197 84
197 101
197 102
197 124
197 126
197 161
197 162
197 167
197 180
197 203
197 252
197 265
197 278
197 282
197 295
197 313
197 317
197 352
197 362
197 398
197 410
197 424
197 433
197 467
198 25
198 28
198 62
198 68
198 101
198 106
198 112
198 140
198 162
198 167
198 180
198 194
198 195
198 253
198 254
198 267
198 278
198 284
198 312
198 338
198 385
198 389
198 433
198 440
198 443
198 456
198 478
199 3
199 5
199 52
199 84
199 105
199 106
199 113
199 136
199 152
199 159
199 220
199 268
199 277
199 279
199 315
199 338
199 349
199 374
199 393
199 398
199 410
199 443
199 453
199 469
199 477
200 13
200 14
200 18
200 78
200 129
200 152
200 155
200 164
200 208
200 223
200 229
200 256
200 261
200 269
200 367
200 373
200 399
200 401
200 446
200 448
200 451
200 488
200 492
201 16
201 32
201 57
201 61
201 75
201 90
201 93
201 106
201 131
201 168
201 220
201 229
201 232
201 271
201 301
201 349
201 361
201 422
201 428
201 439
201 450
201 460
201 468
201 470
201 471
202 24
202 85
202 89
202 90
202 103
202 124
202 192
202 220
202 247
202 277
202 299
202 302
202 315
202 330
202 341
202 346
202 358
202 413
202 420
202 449
202 473
202 495
203 1
203 20
203 22
203 52
203 127
203 166
203 189
203 193
203 197
203 215
203 221
203 249
203 270
203 273
203 308
203 317
203 377
203 464
204 12
204 49
204 64
204 76
204 79
204 106
204 109
204 126
204 127
204 130
204 185
204 217
204 219
204 225
204 248
204 252
204 259
204 281
204 352
204 356
204 362
204 366
204 388
204 394
204 402
204 403
204 409
204 413
204 418
204 435
204 454
204 458
204 495
205 30
205 36
205 67
205 78
205 87
205 110
205 167
205 168
205 185
205 218
205 233
205 288
205 334
205 357
205 359
205 402
205 403
205 405
205 423
205 432
205 433
205 438
205 461
205 481
206 9
206 10
206 35
206 59
206 67
206 115
206 122
206 124
206 138
206 166
206 212
206 216
206 221
206 283
206 285
206 339
206 340
206 384
206 389
206 401
206 411
206 477
206 482
206 488
207 10
207 11
207 12
207 16
207 106
207 108
207 161
207 185
207 209
207 210
207 233
207 270
207 278
207 288
207 353
207 365
207 372
207 385
207 392
207 399
207 408
207 418
207 432
207 433
207 439
207 448
207 457
207 462
207 463
207 489
207 497
208 6
208 17
208 22
208 28
208 43
208 52
208 71
208 80
208 83
208 92
208 99
208 111
208 112
208 114
208 141
208 152
208 177
208 178
208 200
208 226
208 283
208 287
208 300
208 334
208 356
208 373
208 381
208 385
208 386
208 407
208 429
208 451
208 453
208 462
208 483
208 484
209 21
209 47
209 48
209 84
209 164
209 173
209 175
209 194
209 207
209 223
209 237
209 258
209 263
209 266
209 295
209 297
209 322
209 350
209 362
209 369
209 378
209 437
209 444
209 464
209 465
209 470
209 471
209 481
209 484
209 486
209 495
210 18
210 20
210 61
210 66
210 95
210 164
210 175
210 207
210 242
210 255
210 302
210 333
210 338
210 343
210 368
210 408
210 455
210 480
211 12
211 54
211 76
211 88
211 103
211 238
211 248
211 254
211 263
211 274
211 288
211 313
211 334
211 358
211 359
211 366
211 437
211 463
211 465
211 487
211 489
211 495
212 24
212 31
212 52
212 55
212 115
212 119
212 137
212 177
212 179
212 206
212 224
212 235
212 239
212 253
212 263
212 282
212 317
212 359
212 367
212 377
212 379
212 384
212 386
212 387
212 420
212 430
212 451
212 457
212 462
212 478
212 490
213 11
213 23
213 42
213 45
213 56
213 66
213 71
213 87
213 89
213 97
213 165
213 216
213 217
213 229
213 290
213 314
213 354
213 359
213 391
213 440
213 442
213 463
213 499
214 12
214 31
214 64
214 96
214 135
214 144
214 163
214 170
214 174
214 182
214 188
214 230
214 252
214 284
214 295
214 335
214 360
214 379
214 382
214 415
214 419
214 443
214 444
214 448
214 465
215 7
215 33
215 45
215 56
215 59
215 66
215 74
215 86
215 88
215 99
215 101
215 133
215 165
215 179
215 189
215 203
215 256
215 285
215 294
215 305
215 321
215 328
215 346
215 374
215 375
215 379
215 400
215 407
215 415
215 446
215 450
215 461
216 53
216 90
216 95
216 111
216 113
216 183
216 206
216 213
216 223
216 228
216 278
216 291
216 332
216 336
216 343
216 366
216 367
216 413
216 420
216 422
216 436
216 478
216 491
216 494
217 21
217 27
217 36
217 42
217 75
217 153
217 204
217 213
217 270
217 302
217 330
217 331
217 332
217 380
217 431
217 436
217 461
218 13
218 20
218 23
218 42
218 84
218 90
218 120
218 138
218 154
218 163
218 205
218 222
218 224
218 280
218 291
218 292
218 305
218 322
218 330
218 355
218 365
218 387
218 443
218 447
218 457
218 469
218 485
219 7
219 20
219 27
219 40
219 52
219 64
219 83
219 100
219 123
219 170
219 193
219 204
219 240
219 299
219 322
219 329
219 342
219 346
219 375
219 465
219 476
219 482
220 45
220 72
220 76
220 86
220 104
220 125
220 133
220 140
220 150
220 154
220 161
220 170
220 187
220 199
220 201
220 202
220 253
220 279
220 285
220 297
220 319
220 320
220 343
220 346
220 353
220 363
220 371
220 394
220 403
220 405
220 470
220 474
220 484
220 488
221 15
221 38
221 49
221 60
221 79
221 87
221 117
221 120
221 130
221 142
221 167
221 168
221 178
221 184
221 191
221 203
221 206
221 240
221 289
221 299
221 326
221 330
221 362
221 364
221 387
221 443
221 469
221 483
222 16
222 18
222 54
222 58
222 64
222 92
222 114
222 126
222 131
222 153
222 160
222 167
222 218
222 224
222 225
222 236
222 258
222 268
222 284
222 296
222 303
222 304
222 367
222 405
222 408
222 419
222 437
222 448
222 459
222 464
223 21
223 69
223 85
223 98
223 107
223 109
223 147
223 162
223 176
223 200
223 209
223 216
223 234
223 241
223 265
223 268
223 272
223 281
223 298
223 306
223 316
223 340
223 360
223 361
223 381
223 391
223 406
223 426
223 450
223 476
223 478
223 487
224 35
224 51
224 103
224 136
224 153
224 189
224 192
224 212
224 218
224 222
224 274
224 281
224 297
224 308
224 328
224 355
224 387
224 403
224 434
224 452
224 456
224 478
224 493
224 494
225 9
225 31
225 42
225 61
225 74
225 153
225 154
225 204
225 222
225 258
225 283
225 307
225 320
225 330
225 374
225 387
225 388
225 392
225 406
225 414
225 420
225 462
225 471
225 476
225 485
225 495
225 497
226 13
226 21
226 47
226 63
226 110
226 119
226 121
226 132
226 154
226 160
226 164
226 180
226 208
226 261
226 263
226 312
226 314
226 327
226 341
226 389
226 419
226 439
226 440
226 441
227 1
227 12
227 22
227 23
227 99
227 121
227 128
227 135
227 177
227 229
227 247
227 258
227 261
227 278
227 287
227 340
227 395
227 448
227 462
227 469
227 491
227 496
228 11
228 47
228 48
228 51
228 129
228 140
228 177
228 216
228 256
228 266
228 278
228 283
228 288
228 318
228 329
228 351
228 401
228 435
228 445
228 464
228 467
229 33
229 39
229 63
229 82
229 116
229 117
229 126
229 155
229 165
229 180
229 200
229 201
229 213
229 227
229 262
229 271
229 305
229 323
229 359
229 363
229 394
229 396
229 405
229 416
229 448
229 449
229 464
229 495
229 499
230 3
230 4
230 21
230 30
230 44
230 46
230 61
230 62
230 92
230 99
230 123
230 187
230 214
230 234
230 251
230 298
230 300
230 306
230 338
230 344
230 356
230 373
230 388
230 395
230 396
230 429
230 435
230 476
230 484
231 1
231 2
231 35
231 54
231 88
231 118
231 130
231 140
231 187
231 239
231 245
231 265
231 275
231 334
231 345
231 381
231 394
231 409
231 433
231 449
231 450
231 458
231 484
232 41
232 54
232 60
232 160
232 166
232 181
232 201
232 233
232 241
232 265
232 324
232 328
232 373
232 453
232 473
232 475
232 499
233 14
233 34
233 38
233 53
233 66
233 78
233 111
233 117
233 157
233 205
233 207
233 232
233 234
233 245
233 278
233 280
233 365
233 397
233 409
233 463
233 483
234 7
234 38
234 56
234 59
234 83
234 86
234 105
234 123
234 126
234 191
234 223
234 230
234 233
234 246
234 259
234 271
234 288
234 298
234 331
234 376
234 400
234 410
234 422
234 423
234 425
234 437
234 460
235 5
235 11
235 19
235 29
235 57
235 68
235 101
235 109
235 115
235 133
235 139
235 191
235 212
235 254
235 261
235 295
235 311
235 321
235 367
235 372
235 373
235 413
235 443
235 474
236 0
236 13
236 24
236 73
236 75
236 81
236 82
236 95
236 129
236 149
236 165
236 185
236 222
236 261
236 277
236 283
236 297
236 341
236 354
236 362
236 363
236 380
236 449
236 453
236 464
236 466
236 469
237 2
237 19
237 38
237 49
237 75
237 100
237 117
237 120
237 136
237 138
237 154
237 157
237 209
237 297
237 307
237 331
237 360
237 374
237 381
237 391
237 421
237 427
237 453
237 469
238 47
238 60
238 61
238 111
238 118
238 125
238 130
238 143
238 158
238 184
238 196
238 211
238 252
238 317
238 357
238 365
238 371
238 379
238 381
238 383
238 422
238 444
238 473
238 479
239 8
239 17
239 35
239 42
239 50
239 51
239 66
239 75
239 78
239 95
239 101
239 112
239 163
239 165
239 190
239 212
239 231
239 271
239 302
239 340
239 349
239 362
239 363
239 402
239 427
239 455
239 472
239 481
239 492
240 27
240 47
240 80
240 127
240 129
240 142
240 161
240 176
240 193
240 219
240 221
240 265
240 335
240 345
240 368
240 374
240 389
240 417
240 419
240 438
240 444
240 445
240 462
240 484
240 486
241 12
241 31
241 38
241 71
241 123
241 147
241 174
241 186
241 223
241 232
241 279
241 290
241 293
241 297
241 306
241 320
241 361
241 363
241 398
241 401
241 406
241 417
241 475
241 481
241 496
242 11
242 16
242 20
242 45
242 62
242 69
242 134
242 137
242 140
242 159
242 210
242 248
242 255
242 283
242 295
242 297
242 309
242 318
242 345
242 364
242 393
242 436
242 438
242 439
242 478
243 10
243 13
243 15
243 23
243 31
243 39
243 55
243 63
243 80
243 81
243 87
243 126
243 154
243 158
243 172
243 191
243 256
243 264
243 279
243 316
243 321
243 322
243 329
243 345
243 376
243 398
243 459
243 473
244 6
244 44
244 47
244 53
244 60
244 68
244 98
244 100
244 105
244 118
244 148
244 169
244 183
244 262
244 313
244 317
244 319
244 334
244 343
244 366
244 367
244 378
244 385
244 397
244 404
244 456
245 23
245 84
245 93
245 109
245 124
245 145
245 188
245 231
245 233
245 258
245 271
245 312
245 328
245 341
245 398
245 400
245 425
245 433
245 473
246 13
246 17
246 18
246 26
246 40
246 53
246 54
246 87
246 183
246 234
246 257
246 269
246 292
246 295
246 359
246 373
246 388
246 396
246 414
246 466
246 488
247 16
247 19
247 31
247 38
247 69
247 86
247 92
247 115
247 138
247 151
247 157
247 163
247 170
247 192
247 193
247 202
247 227
247 297
247 328
247 347
247 351
247 430
247 479
248 4
248 34
248 47
248 78
248 79
248 90
248 129
248 144
248 151
248 191
248 195
248 204
248 211
248 242
248 289
248 298
248 313
248 319
248 354
248 360
248 365
248 383
248 391
248 395
248 432
248 452
248 455
248 483
248 485
248 490
249 4
249 82
249 118
249 166
249 178
249 186
249 203
249 255
249 258
249 268
249 273
249 275
249 287
249 310
249 318
249 321
249 338
249 349
249 353
249 413
249 453
249 477
249 490
249 494
250 14
250 40
250 46
250 47
250 93
250 123
250 150
250 166
250 192
250 271
250 328
250 359
250 364
250 371
250 382
250 389
250 410
250 435
250 450
251 39
251 45
251 57
251 58
251 67
251 96
251 104
251 129
251 145
251 162
251 163
251 183
251 230
251 252
251 277
251 298
251 325
251 349
251 351
251 365
251 370
251 374
251 418
251 478
252 16
252 91
252 140
252 141
252 158
252 174
252 192
252 197
252 204
252 214
252 238
252 251
252 259
252 290
252 309
252 337
252 338
252 346
252 347
252 350
252 355
252 390
252 406
252 407
252 423
252 439
252 499
253 22
253 46
253 57
253 61
253 131
253 154
253 170
253 175
253 198
253 212
253 220
253 262
253 288
253 358
253 448
253 465
253 483
254 12
254 14
254 16
254 46
254 59
254 69
254 92
254 108
254 109
254 112
254 136
254 144
254 181
254 198
254 211
254 235
254 258
254 265
254 279
254 283
254 294
254 300
254 312
254 317
254 366
254 384
254 416
254 419
254 453
254 477
254 499
255 22
255 34
255 52
255 67
255 74
255 82
255 86
255 94
255 99
255 108
255 109
255 145
255 153
255 210
255 242
255 249
255 269
255 289
255 353
255 373
255 400
255 421
255 448
255 484
255 491
256 3
256 45
256 51
256 85
256 96
256 106
256 122
256 176
256 179
256 200
256 215
256 228
256 243
256 265
256 266
256 280
256 289
256 310
256 318
256 341
256 374
256 391
256 427
256 451
256 462
257 23
257 36
257 38
257 43
257 59
257 126
257 128
257 129
257 136
257 158
257 165
257 181
257 182
257 246
257 262
257 271
257 274
257 302
257 321
257 329
257 337
257 344
257 354
257 358
257 380
257 434
257 440
257 453
257 455
257 459
257 463
257 475
257 492
258 50
258 88
258 93
258 103
258 109
258 142
258 145
258 209
258 222
258 225
258 227
258 245
258 249
258 254
258 293
258 309
258 328
258 339
258 343
258 379
258 437
258 452
258 461
258 476
258 478
259 4
259 24
259 25
259 28
259 44
259 90
259 99
259 103
259 114
259 115
259 122
259 189
259 204
259 234
259 252
259 271
259 288
259 298
259 325
259 334
259 348
259 362
259 364
259 384
259 432
259 445
259 465
259 482
259 483
259 484
260 2
260 21
260 23
260 43
260 87
260 112
260 143
260 152
260 155
260 185
260 192
260 196
260 278
260 307
260 309
260 318
260 344
260 348
260 390
261 20
261 33
261 63
261 89
261 105
261 106
261 107
261 122
261 131
261 134
261 140
261 145
261 165
261 171
261 200
261 226
261 227
261 235
261 236
261 280
261 312
261 326
261 345
261 377
261 403
261 408
261 420
261 434
261 438
261 478
261 495
262 10
262 13
262 40
262 43
262 70
262 83
262 108
262 115
262 132
262 160
262 183
262 229
262 244
262 253
262 257
262 263
262 265
262 302
262 328
262 367
262 381
262 415
262 418
262 425
262 449
262 460
262 467
263 25
263 27
263 45
263 52
263 66
263 100
263 124
263 140
263 145
263 157
263 193
263 195
263 209
263 211
263 212
263 226
263 262
263 297
263 310
263 323
263 373
263 392
263 404
263 434
263 458
264 2
264 32
264 35
264 38
264 64
264 68
264 100
264 111
264 126
264 146
264 172
264 243
264 272
264 314
264 330
264 343
264 368
264 379
264 381
264 404
264 412
264 470
265 9
265 43
265 69
265 80
265 90
265 98
265 105
265 136
265 139
265 140
265 155
265 194
265 197
265 223
265 231
265 232
265 240
265 254
265 256
265 262
265 316
265 329
265 330
265 339
265 357
265 360
265 391
265 398
265 416
265 426
265 438
265 446
265 476
265 477
265 478
265 486
266 21
266 62
266 104
266 115
266 122
266 155
266 185
266 209
266 228
266 256
266 311
266 321
266 378
266 391
266 420
266 459
266 462
266 473
266 482
266 483
266 488
267 2
267 5
267 18
267 27
267 59
267 73
267 84
267 127
267 131
267 143
267 198
267 292
267 325
267 335
267 339
267 371
267 403
267 428
267 443
267 466
267 483
267 496
268 134
268 182
268 199
268 222
268 223
268 249
268 272
268 274
268 291
268 309
268 361
268 443
268 466
268 469
268 499
269 45
269 94
269 144
269 156
269 158
269 200
269 246
269 255
269 305
269 328
269 378
269 402
269 426
269 437
269 463
269 490
269 492
269 493
269 494
269 498
269 499
270 54
270 58
270 63
270 115
270 120
270 192
270 203
270 207
270 217
270 300
270 339
270 362
270 377
270 388
270 411
270 412
270 422
270 424
270 426
270 453
270 466
271 11
271 15
271 27
271 65
271 86
271 93
271 104
271 113
271 131
271 139
271 150
271 157
271 159
271 168
271 185
271 201
271 229
271 234
271 239
271 245
271 250
271 257
271 259
271 317
271 339
271 345
271 350
271 370
271 418
271 439
271 445
271 460
271 474
272 8
272 23
272 26
272 30
272 48
272 70
272 88
272 95
272 121
272 126
272 127
272 129
272 133
272 158
272 165
272 223
272 264
272 268
272 276
272 305
272 352
272 362
272 363
272 441
273 10
273 12
273 70
273 82
273 93
273 107
273 108
273 119
273 130
273 132
273 136
273 148
273 164
273 195
273 203
273 249
273 275
273 281
273 308
273 312
273 321
273 413
273 416
273 428
273 455
273 470
273 474
274 49
274 74
274 104
274 119
274 131
274 132
274 144
274 211
274 224
274 257
274 268
274 340
274 347
274 369
274 374
274 375
274 377
274 390
274 412
274 443
274 445
274 489
274 494
275 23
275 36
275 72
275 86
275 104
275 133
275 169
275 172
275 181
275 186
275 231
275 249
275 273
275 288
275 305
275 334
275 354
275 372
275 373
275 394
275 397
275 409
275 494
276 27
276 51
276 77
276 153
276 161
276 182
276 183
276 272
276 315
276 316
276 329
276 382
276 393
276 400
276 425
276 448
276 498
277 35
277 45
277 50
277 54
277 126
277 148
277 194
277 199
277 202
277 236
277 251
277 295
277 302
277 315
277 336
277 390
277 411
277 456
277 459
277 461
277 481
277 487
278 14
278 19
278 47
278 55
278 74
278 90
278 104
278 128
278 136
278 142
278 150
278 187
278 197
278 198
278 207
278 216
278 227
278 228
278 233
278 260
278 288
278 306
278 308
278 310
278 320
278 321
278 329
278 333
278 336
278 353
278 370
278 374
278 390
278 398
278 403
278 405
278 421
278 449
278 475
278 481
278 487
278 494
279 6
279 33
279 42
279 108
279 127
279 154
279 160
279 163
279 199
279 220
279 241
279 243
279 254
279 292
279 293
279 296
279 313
279 327
279 377
279 387
279 401
279 404
279 418
279 427
279 479
279 480
280 5
280 17
280 39
280 46
280 177
280 218
280 233
280 256
280 261
280 284
280 327
280 332
280 382
280 433
280 489
281 14
281 15
281 24
281 25
281 30
281 36
281 87
281 89
281 93
281 106
281 118
281 130
281 162
281 172
281 180
281 204
281 223
281 224
281 273
281 306
281 336
281 346
281 350
281 358
281 369
281 386
281 393
281 399
281 415
281 441
281 462
282 61
282 82
282 83
282 96
282 116
282 123
282 151
282 178
282 197
282 212
282 293
282 294
282 307
282 335
282 343
282 392
282 409
282 414
282 416
282 422
282 436
282 445
282 449
282 475
282 491
282 494
283 8
283 101
283 150
283 164
283 171
283 206
283 208
283 225
283 228
283 236
283 242
283 254
283 321
283 351
283 380
283 392
283 410
283 427
283 430
283 443
283 446
283 479
283 488
283 497
284 12
284 14
284 15
284 17
284 30
284 48
284 103
284 118
284 119
284 125
284 126
284 129
284 148
284 158
284 162
284 195
284 198
284 214
284 222
284 280
284 321
284 329
284 331
284 337
284 342
284 359
284 364
284 380
284 431
284 437
284 444
284 478
284 495
284 496
285 4
285 34
285 54
285 57
285 65
285 85
285 89
285 138
285 144
285 148
285 158
285 162
285 188
285 190
285 206
285 215
285 220
285 296
285 302
285 317
285 321
285 348
285 382
285 396
285 416
285 460
285 476
285 488
286 42
286 52
286 67
286 71
286 76
286 80
286 84
286 99
286 131
286 153
286 192
286 329
286 384
286 388
286 395
286 402
286 420
286 454
286 462
286 464
286 486
286 488
287 14
287 24
287 58
287 103
287 124
287 127
287 137
287 152
287 208
287 227
287 249
287 290
287 369
287 383
287 392
287 408
287 409
287 411
287 444
287 462
287 467
287 473
287 495
288 8
288 16
288 32
288 37
288 41
288 75
288 88
288 92
288 110
288 114
288 145
288 149
288 176
288 179
288 180
288 184
288 195
288 205
288 207
288 211
288 228
288 234
288 253
288 259
288 275
288 278
288 307
288 349
288 356
288 390
288 402
288 406
288 424
288 462
289 4
289 35
289 37
289 48
289 61
289 63
289 66
289 72
289 88
289 157
289 184
289 191
289 221
289 248
289 255
289 256
289 315
289 322
289 328
289 348
289 360
289 391
289 433
289 443
289 478
290 50
290 70
290 88
290 94
290 136
290 140
290 178
290 186
290 213
290 241
290 252
290 287
290 302
290 329
290 333
290 338
290 347
290 353
290 378
290 403
290 418
290 437
290 451
290 464
290 467
290 490
291 5
291 7
291 32
291 33
291 57
291 76
291 142
291 154
291 216
291 218
291 268
291 300
291 316
291 352
291 367
291 382
291 411
291 413
291 434
291 437
291 452
291 485
291 494
292 36
292 42
292 82
292 89
292 115
292 116
292 125
292 135
292 144
292 218
292 246
292 267
292 279
292 320
292 324
292 375
292 385
292 393
292 438
292 440
292 449
292 453
292 489
292 498
293 46
293 48
293 69
293 112
293 114
293 127
293 168
293 173
293 196
293 241
293 258
293 279
293 282
293 297
293 365
293 369
293 376
293 409
293 413
293 418
293 468
294 16
294 19
294 37
294 98
294 127
294 143
294 154
294 187
294 194
294 215
294 254
294 282
294 328
294 344
294 385
294 402
294 407
294 416
294 463
294 476
294 498
295 2
295 35
295 89
295 111
295 141
295 157
295 166
295 197
295 209
295 214
295 235
295 242
295 246
295 277
295 307
295 327
295 346
295 358
295 373
295 394
295 395
295 406
295 410
295 412
295 419
295 436
295 453
295 490
296 21
296 27
296 81
296 93
296 99
296 110
296 121
296 123
296 161
296 176
296 222
296 279
296 285
296 333
296 365
296 373
296 384
296 402
296 404
296 414
296 449
296 491
297 38
297 45
297 85
297 93
297 98
297 111
297 138
297 184
297 209
297 220
297 224
297 236
297 237
297 241
297 242
297 247
297 263
297 293
297 327
297 337
297 395
297 436
297 442
298 9
298 15
298 23
298 69
298 91
298 127
298 134
298 143
298 161
298 179
298 181
298 223
298 230
298 234
298 248
298 251
298 259
298 300
298 311
298 392
298 411
298 432
298 452
298 455
298 457
298 471
298 474
298 497
299 1
299 27
299 46
299 52
299 61
299 89
299 119
299 138
299 142
299 149
299 156
299 177
299 202
299 219
299 221
299 362
299 370
299 382
299 392
299 398
299 407
299 461
299 467
299 473
299 481
299 489
300 7
300 62
300 89
300 93
300 106
300 109
300 151
300 159
300 186
300 190
300 208
300 230
300 254
300 270
300 291
300 298
300 320
300 322
300 339
300 371
300 382
300 394
300 401
300 412
300 451
300 454
300 487
300 488
300 490
301 6
301 28
301 41
301 56
301 81
301 114
301 120
301 155
301 159
301 160
301 174
301 180
301 201
301 303
301 348
301 353
301 356
301 358
301 365
301 394
301 422
301 426
301 450
301 463
301 476
302 15
302 20
302 21
302 30
302 46
302 48
302 75
302 84
302 94
302 125
302 154
302 171
302 172
302 202
302 210
302 217
302 239
302 257
302 262
302 277
302 285
302 290
302 360
302 371
302 413
302 414
302 460
302 488
303 18
303 67
303 115
303 131
303 183
303 193
303 222
303 301
303 309
303 314
303 334
303 336
303 353
303 357
303 392
303 420
303 459
303 499
304 25
304 26
304 43
304 86
304 111
304 115
304 124
304 131
304 161
304 222
304 318
304 340
304 352
304 384
304 394
304 399
304 488
304 499
305 6
305 17
305 29
305 32
305 37
305 42
305 52
305 83
305 84
305 110
305 117
305 124
305 176
305 181
305 215
305 218
305 229
305 269
305 272
305 275
305 313
305 319
305 332
305 346
305 382
305 395
305 442
305 452
306 34
306 35
306 45
306 58
306 71
306 94
306 99
306 123
306 130
306 167
306 223
306 230
306 241
306 278
306 281
306 358
306 370
306 382
306 425
307 3
307 6
307 8
307 34
307 50
307 77
307 113
307 117
307 119
307 161
307 166
307 225
307 237
307 260
307 282
307 288
307 295
307 338
307 343
307 350
307 382
307 385
307 395
307 443
307 446
307 447
307 464
307 480
307 499
308 4
308 14
308 15
308 25
308 62
308 70
308 100
308 134
308 151
308 153
308 168
308 203
308 224
308 273
308 278
308 426
308 443
308 465
308 483
308 493
309 22
309 49
309 77
309 85
309 116
309 131
309 136
309 140
309 242
309 252
309 258
309 260
309 268
309 303
309 313
309 321
309 334
309 346
309 353
309 358
309 369
309 383
309 398
309 399
309 445
309 463
309 470
309 483
310 10
310 22
310 71
310 76
310 106
310 109
310 114
310 126
310 137
310 146
310 164
310 185
310 249
310 256
310 263
310 278
310 322
310 369
310 376
310 404
310 414
310 429
310 491
311 1
311 2
311 13
311 26
311 43
311 94
311 106
311 123
311 169
311 191
311 235
311 266
311 298
311 325
311 347
311 354
311 357
311 363
311 405
311 423
311 469
311 472
312 62
312 85
312 130
312 133
312 198
312 226
312 245
312 254
312 261
312 273
312 354
312 356
312 376
312 386
312 412
312 437
312 442
312 443
312 462
312 476
312 486
313 5
313 36
313 54
313 63
313 65
313 88
313 145
313 153
313 159
313 184
313 197
313 211
313 244
313 248
313 279
313 305
313 309
313 408
313 413
313 463
313 490
314 0
314 29
314 42
314 45
314 55
314 91
314 119
314 140
314 142
314 178
314 213
314 226
314 264
314 303
314 318
314 322
314 330
314 332
314 355
314 364
314 415
314 450
315 23
315 25
315 123
315 130
315 141
315 156
315 159
315 172
315 180
315 190
315 199
315 202
315 276
315 277
315 289
315 337
315 339
315 353
315 391
315 498
316 35
316 91
316 102
316 111
316 120
316 123
316 126
316 194
316 223
316 243
316 265
316 276
316 291
316 323
316 334
316 344
316 354
316 357
316 385
316 389
316 402
316 415
316 435
316 450
316 461
316 468
316 478
317 35
317 54
317 114
317 121
317 125
317 127
317 136
317 139
317 157
317 176
317 178
317 186
317 197
317 203
317 212
317 238
317 244
317 254
317 271
317 285
317 320
317 325
317 339
317 362
317 368
317 372
317 384
317 385
317 388
317 390
317 392
317 401
317 410
317 414
317 417
317 424
317 444
317 445
317 458
317 474
318 30
318 39
318 57
318 72
318 84
318 86
318 119
318 121
318 136
318 141
318 150
318 155
318 228
318 242
318 249
318 256
318 260
318 304
318 314
318 322
318 334
318 352
318 359
318 377
318 384
318 395
318 400
318 444
318 496
319 4
319 16
319 20
319 48
319 53
319 90
319 106
319 125
319 127
319 135
319 156
319 157
319 175
319 220
319 244
319 248
319 305
319 333
319 359
319 379
319 383
319 389
319 415
319 454
319 494
320 11
320 37
320 58
320 64
320 72
320 88
320 108
320 109
320 132
320 144
320 183
320 220
320 225
320 241
320 278
320 292
320 300
320 317
320 329
320 330
320 345
320 348
320 392
320 416
320 421
320 425
320 454
320 473
320 489
320 492
321 30
321 31
321 48
321 51
321 54
321 75
321 78
321 84
321 89
321 90
321 95
321 100
321 121
321 133
321 148
321 187
321 188
321 215
321 235
321 243
321 249
321 257
321 266
321 273
321 278
321 283
321 284
321 285
321 309
321 322
321 328
321 356
321 384
321 393
321 394
321 406
321 422
321 429
321 433
321 450
321 481
321 497
322 19
322 25
322 28
322 33
322 34
322 58
322 103
322 106
322 117
322 121
322 142
322 209
322 218
322 219
322 243
322 289
322 300
322 310
322 314
322 318
322 321
322 336
322 339
322 451
322 470
323 1
323 69
323 88
323 123
323 128
323 136
323 154
323 159
323 163
323 191
323 192
323 229
323 263
323 316
323 413
323 472
323 496
324 54
324 88
324 113
324 138
324 160
324 179
324 232
324 292
324 337
324 371
324 373
324 382
324 392
324 396
324 407
324 409
324 437
324 477
325 19
325 34
325 94
325 115
325 125
325 251
325 259
325 267
325 311
325 317
325 338
325 350
325 382
325 386
325 397
325 418
325 420
325 427
325 491
325 496
326 20
326 50
326 73
326 82
326 123
326 136
326 164
326 191
326 221
326 261
326 346
326 350
326 353
326 365
326 389
326 414
326 457
327 3
327 6
327 14
327 31
327 69
327 88
327 110
327 122
327 132
327 150
327 175
327 189
327 226
327 279
327 280
327 295
327 297
327 329
327 330
327 340
327 352
327 370
327 376
327 402
327 408
327 437
327 439
327 440
327 492
328 20
328 27
328 31
328 35
328 37
328 44
328 54
328 90
328 116
328 135
328 150
328 166
328 215
328 224
328 232
328 245
328 247
328 250
328 258
328 262
328 269
328 289
328 294
328 321
328 377
328 426
328 455
328 467
328 471
329 5
329 22
329 29
329 67
329 73
329 84
329 92
329 93
329 123
329 219
329 228
329 243
329 257
329 265
329 276
329 278
329 284
329 286
329 290
329 320
329 327
329 330
329 344
329 371
329 405
329 443
329 445
329 450
329 464
329 483
330 20
330 30
330 84
330 91
330 101
330 124
330 126
330 153
330 193
330 202
330 217
330 218
330 221
330 225
330 264
330 265
330 314
330 320
330 327
330 329
330 347
330 353
330 377
330 380
330 410
330 427
330 431
330 440
330 442
330 444
330 455
330 456
330 465
330 473
330 485
331 7
331 42
331 90
331 102
331 122
331 128
331 142
331 164
331 173
331 174
331 178
331 217
331 234
331 237
331 284
331 336
331 371
331 424
331 427
331 441
332 0
332 4
332 11
332 57
332 58
332 71
332 83
332 110
332 122
332 126
332 127
332 137
332 153
332 154
332 188
332 216
332 217
332 280
332 305
332 314
332 373
332 382
332 397
332 399
332 407
332 408
332 420
332 428
332 476
332 499
333 19
333 31
333 37
333 56
333 60
333 103
333 108
333 113
333 122
333 142
333 149
333 167
333 178
333 184
333 210
333 278
333 290
333 296
333 319
333 368
333 374
333 406
333 409
333 418
333 437
333 440
333 470
333 488
333 492
333 495
333 496
334 25
334 43
334 54
334 55
334 83
334 116
334 118
334 120
334 127
334 131
334 136
334 139
334 151
334 155
334 173
334 205
334 208
334 211
334 231
334 244
334 259
334 275
334 303
334 309
334 316
334 318
334 359
334 377
334 433
334 476
334 483
334 484
335 9
335 23
335 38
335 43
335 53
335 111
335 123
335 155
335 186
335 214
335 240
335 267
335 282
335 378
335 394
335 404
335 447
335 471
335 473
335 480
336 23
336 26
336 62
336 63
336 77
336 92
336 96
336 125
336 149
336 150
336 152
336 173
336 176
336 181
336 216
336 277
336 278
336 281
336 303
336 322
336 331
336 365
336 417
336 437
336 459
336 482
337 27
337 100
337 141
337 170
337 175
337 192
337 252
337 257
337 284
337 297
337 315
337 324
337 366
337 387
337 437
337 438
338 9
338 12
338 30
338 56
338 66
338 79
338 89
338 96
338 143
338 160
338 161
338 162
338 163
338 166
338 174
338 181
338 198
338 199
338 210
338 230
338 249
338 252
338 290
338 307
338 325
338 358
338 377
338 388
338 401
338 440
338 478
339 8
339 11
339 14
339 29
339 48
339 50
339 62
339 75
339 82
339 95
339 113
339 134
339 189
339 191
339 206
339 258
339 265
339 267
339 270
339 271
339 300
339 315
339 317
339 322
339 366
339 368
339 397
339 412
339 435
339 452
339 495
339 498
340 19
340 41
340 89
340 113
340 132
340 153
340 166
340 206
340 223
340 227
340 239
340 274
340 304
340 327
340 341
340 345
340 381
340 389
340 407
340 425
340 463
340 466
340 483
340 493
341 9
341 17
341 26
341 37
341 42
341 52
341 55
341 81
341 107
341 110
341 130
341 186
341 202
341 226
341 236
341 245
341 256
341 340
341 353
341 369
341 416
341 422
341 459
341 464
341 469
341 498
342 163
342 171
342 172
342 177
342 219
342 284
342 344
342 348
342 413
342 439
342 467
343 15
343 16
343 37
343 92
343 127
343 182
343 183
343 210
343 216
343 220
343 244
343 258
343 264
343 282
343 307
343 349
343 358
343 359
343 398
343 452
344 1
344 3
344 15
344 23
344 57
344 60
344 80
344 145
344 155
344 230
344 257
344 260
344 294
344 316
344 329
344 342
344 382
344 404
344 454
344 478
344 483
345 7
345 15
345 35
345 51
345 69
345 98
345 103
345 112
345 113
345 137
345 231
345 240
345 242
345 243
345 261
345 271
345 320
345 340
345 347
345 369
345 382
345 423
345 429
345 446
345 483
345 499
346 28
346 45
346 59
346 85
346 89
346 107
346 115
346 123
346 164
346 174
346 202
346 215
346 219
346 220
346 252
346 281
346 295
346 305
346 309
346 326
346 358
346 365
346 366
346 371
346 372
346 375
346 377
346 380
346 389
346 406
346 438
346 443
346 447
346 471
346 491
346 492
346 493
347 31
347 43
347 78
347 79
347 110
347 179
347 247
347 252
347 274
347 290
347 311
347 330
347 345
347 352
347 365
347 384
347 385
347 410
347 477
347 496
347 499
348 0
348 29
348 65
348 93
348 97
348 100
348 142
348 165
348 167
348 181
348 259
348 260
348 285
348 289
348 301
348 320
348 342
348 372
348 396
348 403
348 404
348 429
348 436
348 441
348 459
348 478
348 486
349 34
349 46
349 50
349 60
349 65
349 92
349 105
349 107
349 112
349 120
349 138
349 143
349 170
349 182
349 199
349 201
349 239
349 249
349 251
349 288
349 343
349 355
349 364
349 368
349 399
349 406
349 430
349 448
349 458
349 478
349 485
350 11
350 39
350 55
350 70
350 72
350 94
350 104
350 113
350 122
350 173
350 209
350 252
350 271
350 281
350 307
350 325
350 326
350 381
350 385
350 401
350 422
350 431
350 460
350 487
350 491
351 24
351 45
351 57
351 105
351 133
351 150
351 178
351 185
351 228
351 247
351 251
351 283
351 385
351 414
351 430
351 472
351 474
351 477
351 491
352 9
352 31
352 39
352 47
352 57
352 88
352 117
352 119
352 120
352 133
352 153
352 197
352 204
352 272
352 291
352 304
352 318
352 327
352 347
352 362
352 410
352 428
352 461
352 464
352 465
352 473
353 0
353 7
353 9
353 31
353 68
353 107
353 110
353 113
353 122
353 128
353 130
353 135
353 139
353 170
353 180
353 185
353 207
353 220
353 249
353 255
353 278
353 290
353 301
353 303
353 309
353 315
353 326
353 330
353 341
353 399
353 403
353 411
353 458
353 470
353 483
354 7
354 10
354 21
354 27
354 36
354 53
354 63
354 75
354 84
354 97
354 106
354 129
354 138
354 213
354 236
354 248
354 257
354 275
354 311
354 312
354 316
354 391
354 425
354 440
354 459
354 479
354 494
355 23
355 26
355 53
355 94
355 116
355 127
355 144
355 154
355 168
355 218
355 224
355 252
355 314
355 349
355 369
355 375
355 377
355 395
355 433
355 448
355 457
355 467
355 478
356 4
356 9
356 27
356 31
356 32
356 50
356 62
356 98
356 127
356 145
356 174
356 190
356 194
356 204
356 208
356 230
356 288
356 301
356 312
356 321
356 362
356 394
356 405
356 407
356 442
356 455
356 466
356 469
356 473
356 498
357 18
357 105
357 117
357 124
357 130
357 135
357 158
357 172
357 174
357 205
357 238
357 265
357 303
357 311
357 316
357 375
357 382
357 405
357 406
357 423
357 435
357 464
358 10
358 26
358 37
358 38
358 40
358 43
358 96
358 97
358 100
358 166
358 167
358 169
358 202
358 211
358 253
358 257
358 281
358 295
358 301
358 306
358 309
358 338
358 343
358 346
358 364
358 376
358 389
358 438
358 467
358 468
358 490
359 1
359 2
359 3
359 19
359 22
359 29
359 54
359 58
359 71
359 77
359 84
359 86
359 111
359 121
359 144
359 190
359 205
359 211
359 212
359 213
359 229
359 246
359 250
359 284
359 318
359 319
359 334
359 343
359 428
359 448
359 450
359 461
359 487
359 491
359 494
360 3
360 7
360 47
360 74
360 82
360 112
360 155
360 171
360 214
360 223
360 237
360 248
360 265
360 289
360 302
360 424
360 435
360 444
360 451
360 467
360 487
360 491
361 11
361 13
361 65
361 72
361 101
361 116
361 177
361 201
361 223
361 241
361 268
361 369
361 375
361 386
361 401
361 405
361 422
361 428
361 441
362 54
362 135
362 197
362 204
362 209
362 221
362 236
362 239
362 259
362 270
362 272
362 299
362 317
362 352
362 356
362 389
362 430
362 439
362 452
362 454
362 472
363 8
363 53
363 89
363 96
363 111
363 114
363 120
363 129
363 140
363 145
363 150
363 165
363 195
363 220
363 229
363 236
363 239
363 241
363 272
363 311
363 408
363 416
363 418
363 421
363 433
363 445
363 466
364 6
364 45
364 46
364 54
364 68
364 128
364 150
364 153
364 168
364 184
364 221
364 242
364 250
364 259
364 284
364 314
364 349
364 358
364 419
364 443
364 465
364 481
364 495
364 497
365 6
365 56
365 59
365 69
365 79
365 114
365 138
365 145
365 161
365 178
365 207
365 218
365 233
365 238
365 248
365 251
365 293
365 296
365 301
365 326
365 336
365 346
365 347
365 371
365 381
365 394
365 405
365 480
366 5
366 31
366 51
366 89
366 126
366 140
366 193
366 194
366 196
366 204
366 211
366 216
366 244
366 254
366 337
366 339
366 346
366 376
366 382
366 401
366 431
366 439
366 481
366 490
367 23
367 72
367 76
367 78
367 157
367 164
367 200
367 212
367 216
367 222
367 235
367 244
367 262
367 291
367 369
367 385
367 391
367 414
367 459
367 477
368 8
368 47
368 83
368 112
368 141
368 182
368 188
368 210
368 240
368 264
368 317
368 333
368 339
368 349
368 371
368 388
368 402
368 421
368 427
368 431
368 441
368 447
368 476
369 16
369 32
369 43
369 53
369 60
369 70
369 77
369 78
369 102
369 116
369 127
369 139
369 143
369 173
369 179
369 185
369 209
369 274
369 281
369 287
369 293
369 309
369 310
369 341
369 345
369 355
369 361
369 367
369 407
369 411
369 458
369 466
369 480
370 6
370 29
370 42
370 61
370 83
370 170
370 179
370 251
370 271
370 278
370 299
370 306
370 327
370 385
370 397
370 426
370 433
370 456
370 463
370 489
371 20
371 66
371 80
371 81
371 98
371 116
371 120
371 149
371 162
371 183
371 195
371 220
371 238
371 250
371 267
371 300
371 302
371 324
371 329
371 331
371 346
371 365
371 368
371 372
371 378
371 384
371 387
371 392
371 398
371 402
371 410
371 411
371 452
371 464
371 467
372 11
372 14
372 19
372 20
372 33
372 63
372 107
372 192
372 207
372 235
372 275
372 317
372 346
372 348
372 371
372 380
372 381
372 407
372 416
372 429
372 437
372 451
372 473
372 486
372 487
373 20
373 25
373 91
373 96
373 97
373 114
373 117
373 132
373 141
373 146
373 148
373 159
373 184
373 195
373 200
373 208
373 230
373 232
373 235
373 246
373 255
373 263
373 275
373 295
373 296
373 324
373 332
373 404
373 412
373 428
373 446
373 483
373 496
373 498
374 65
374 102
374 116
374 139
374 165
374 171
374 199
374 215
374 225
374 237
374 240
374 251
374 256
374 274
374 278
374 333
374 375
374 382
374 395
374 408
374 417
374 494
375 24
375 40
375 45
375 74
375 75
375 90
375 103
375 129
375 149
375 177
375 180
375 185
375 187
375 190
375 215
375 219
375 274
375 292
375 346
375 355
375 357
375 361
375 374
375 377
375 394
375 419
375 424
375 454
375 478
375 499
376 5
376 13
376 45
376 68
376 125
376 161
376 163
376 177
376 183
376 234
376 243
376 293
376 310
376 312
376 327
376 358
376 366
376 401
376 414
376 417
377 13
377 15
377 42
377 65
377 88
377 107
377 118
377 164
377 203
377 212
377 261
377 270
377 274
377 279
377 318
377 328
377 330
377 334
377 338
377 346
377 355
377 375
377 380
377 397
377 455
377 482
378 105
378 135
378 141
378 179
378 187
378 209
378 244
378 266
378 269
378 290
378 335
378 371
378 395
378 399
378 403
378 424
378 427
378 431
378 464
378 467
378 498
379 26
379 29
379 35
379 36
379 44
379 48
379 99
379 113
379 114
379 143
379 212
379 214
379 215
379 238
379 258
379 264
379 319
379 410
379 427
379 438
379 476
379 483
379 488
380 10
380 48
380 72
380 79
380 104
380 105
380 132
380 176
380 179
380 217
380 236
380 257
380 283
380 284
380 330
380 346
380 372
380 377
380 382
380 388
380 411
380 433
380 438
380 441
380 466
381 7
381 21
381 22
381 51
381 52
381 143
381 169
381 208
381 223
381 231
381 237
381 238
381 262
381 264
381 340
381 350
381 365
381 372
381 385
381 398
381 408
381 410
381 417
381 419
381 457
381 459
381 475
381 491
381 496
382 21
382 44
382 55
382 56
382 99
382 162
382 185
382 189
382 214
382 250
382 276
382 280
382 285
382 291
382 299
382 300
382 305
382 306
382 307
382 324
382 325
382 332
382 344
382 345
382 357
382 366
382 374
382 380
382 390
382 396
382 406
382 445
383 31
383 37
383 104
383 143
383 144
383 151
383 189
383 194
383 238
383 248
383 287
383 309
383 319
383 407
383 451
383 463
383 476
383 479
383 487
384 43
384 49
384 54
384 108
384 118
384 121
384 126
384 132
384 148
384 206
384 212
384 254
384 259
384 286
384 296
384 304
384 317
384 318
384 321
384 347
384 371
384 430
384 439
384 452
384 457
384 490
385 2
385 24
385 31
385 81
385 103
385 120
385 132
385 141
385 169
385 189
385 198
385 207
385 208
385 244
385 292
385 294
385 307
385 316
385 317
385 347
385 350
385 351
385 367
385 370
385 381
385 394
385 408
385 433
386 23
386 35
386 40
386 41
386 52
386 59
386 69
386 71
386 94
386 106
386 114
386 169
386 182
386 208
386 212
386 281
386 312
386 325
386 361
386 393
386 416
386 417
386 437
386 448
386 459
387 57
387 76
387 80
387 84
387 103
387 148
387 153
387 179
387 187
387 192
387 212
387 218
387 221
387 224
387 225
387 279
387 337
387 371
387 399
387 403
387 404
387 422
387 427
387 432
387 448
387 449
387 456
387 464
388 23
388 38
388 56
388 69
388 74
388 75
388 91
388 115
388 119
388 136
388 142
388 146
388 151
388 204
388 225
388 230
388 246
388 270
388 286
388 317
388 338
388 368
388 380
388 390
388 407
388 425
388 434
388 470
388 483
389 23
389 48
389 87
389 114
389 133
389 156
389 185
389 198
389 206
389 226
389 240
389 250
389 316
389 319
389 326
389 340
389 346
389 358
389 362
389 455
389 458
389 470
389 472
389 482
390 94
390 114
390 130
390 131
390 154
390 178
390 186
390 252
390 260
390 274
390 277
390 278
390 288
390 317
390 382
390 388
390 397
390 410
390 425
390 463
391 2
391 28
391 35
391 49
391 60
391 62
391 85
391 107
391 112
391 144
391 157
391 162
391 192
391 213
391 223
391 237
391 248
391 256
391 265
391 266
391 289
391 315
391 354
391 367
391 431
391 446
391 465
391 478
391 496
392 25
392 30
392 55
392 101
392 104
392 105
392 117
392 122
392 131
392 138
392 164
392 207
392 225
392 263
392 282
392 283
392 287
392 298
392 299
392 303
392 317
392 320
392 324
392 371
392 408
392 455
392 482
393 110
393 131
393 158
393 199
393 242
393 276
393 281
393 292
393 321
393 386
393 399
393 407
393 409
393 415
393 453
393 465
393 483
393 492
393 498
394 0
394 20
394 75
394 91
394 123
394 142
394 167
394 173
394 204
394 220
394 229
394 231
394 275
394 295
394 300
394 301
394 304
394 321
394 335
394 356
394 365
394 375
394 385
394 420
394 451
394 484
394 493
394 496
395 6
395 64
395 65
395 122
395 172
395 179
395 227
395 230
395 248
395 286
395 295
395 297
395 305
395 307
395 318
395 355
395 374
395 378
395 416
395 434
395 490
396 69
396 80
396 86
396 111
396 112
396 113
396 120
396 166
396 185
396 186
396 194
396 196
396 229
396 230
396 246
396 285
396 324
396 348
396 382
396 409
396 423
396 460
396 461
396 477
396 487
397 48
397 72
397 123
397 233
397 244
397 275
397 325
397 332
397 339
397 370
397 377
397 390
397 407
397 416
397 424
397 451
397 471
397 494
398 1
398 5
398 12
398 15
398 34
398 38
398 61
398 72
398 82
398 121
398 167
398 184
398 196
398 197
398 199
398 241
398 243
398 245
398 265
398 278
398 299
398 309
398 343
398 371
398 381
398 409
398 439
398 485
398 496
399 1
399 6
399 12
399 33
399 48
399 51
399 56
399 107
399 109
399 115
399 130
399 143
399 182
399 196
399 200
399 207
399 281
399 304
399 309
399 332
399 349
399 353
399 378
399 387
399 393
399 418
400 12
400 16
400 47
400 52
400 54
400 73
400 80
400 105
400 122
400 146
400 157
400 159
400 164
400 170
400 174
400 176
400 185
400 215
400 234
400 245
400 255
400 276
400 318
400 414
400 421
400 424
400 454
400 482
400 490
401 5
401 25
401 82
401 84
401 94
401 110
401 116
401 119
401 144
401 152
401 157
401 158
401 175
401 182
401 193
401 200
401 206
401 228
401 241
401 279
401 300
401 317
401 338
401 350
401 361
401 366
401 376
401 407
401 427
401 458
401 460
401 488
402 59
402 60
402 68
402 72
402 82
402 95
402 114
402 119
402 120
402 123
402 154
402 162
402 164
402 167
402 189
402 204
402 205
402 239
402 269
402 286
402 288
402 294
402 296
402 316
402 327
402 368
402 371
402 433
402 453
402 471
403 0
403 9
403 64
403 111
403 148
403 160
403 178
403 179
403 193
403 204
403 205
403 220
403 224
403 261
403 267
403 278
403 290
403 348
403 353
403 378
403 387
403 432
403 472
403 487
404 6
404 14
404 35
404 77
404 86
404 92
404 147
404 151
404 186
404 187
404 244
404 263
404 264
404 279
404 296
404 310
404 335
404 344
404 348
404 373
404 387
404 406
404 456
404 494
405 17
405 54
405 81
405 115
405 158
405 164
405 190
405 205
405 220
405 222
405 229
405 278
405 311
405 329
405 356
405 357
405 361
405 365
405 493
406 2
406 5
406 13
406 17
406 30
406 66
406 67
406 81
406 122
406 136
406 156
406 167
406 195
406 223
406 225
406 241
406 252
406 288
406 295
406 321
406 333
406 346
406 349
406 357
406 382
406 404
406 418
406 430
406 446
406 452
406 461
406 488
406 499
407 2
407 4
407 33
407 38
407 62
407 74
407 80
407 101
407 102
407 111
407 114
407 117
407 134
407 145
407 168
407 184
407 208
407 215
407 252
407 294
407 299
407 324
407 332
407 340
407 356
407 369
407 372
407 383
407 388
407 393
407 397
407 401
407 409
407 411
407 414
407 426
407 441
407 450
407 452
407 464
407 483
407 484
408 21
408 44
408 69
408 84
408 97
408 136
408 138
408 149
408 167
408 183
408 194
408 207
408 210
408 222
408 261
408 287
408 313
408 327
408 332
408 363
408 374
408 381
408 385
408 392
408 477
408 483
409 0
409 17
409 30
409 36
409 51
409 61
409 65
409 105
409 138
409 153
409 175
409 185
409 204
409 231
409 233
409 275
409 282
409 287
409 293
409 324
409 333
409 393
409 396
409 398
409 407
409 430
409 432
409 463
409 484
409 489
410 5
410 25
410 86
410 94
410 111
410 114
410 116
410 132
410 134
410 186
410 197
410 199
410 234
410 250
410 283
410 295
410 317
410 330
410 347
410 352
410 371
410 379
410 381
410 390
410 458
410 477
411 13
411 24
411 62
411 124
411 141
411 163
411 174
411 182
411 183
411 187
411 196
411 206
411 270
411 277
411 287
411 291
411 298
411 353
411 369
411 371
411 380
411 407
411 448
411 458
411 460
411 471
411 487
411 499
412 46
412 91
412 101
412 122
412 134
412 149
412 150
412 174
412 176
412 264
412 270
412 274
412 295
412 300
412 312
412 339
412 373
412 434
412 446
412 451
412 452
412 467
413 10
413 19
413 29
413 38
413 50
413 84
413 96
413 108
413 118
413 136
413 155
413 171
413 187
413 202
413 204
413 216
413 235
413 249
413 273
413 291
413 293
413 302
413 313
413 323
413 342
413 417
413 421
413 433
413 435
413 447
413 471
413 477
413 480
413 498
414 12
414 35
414 50
414 55
414 109
414 124
414 141
414 152
414 163
414 180
414 182
414 225
414 246
414 282
414 296
414 302
414 310
414 317
414 326
414 351
414 367
414 376
414 400
414 407
414 444
414 447
414 449
414 456
415 8
415 12
415 21
415 29
415 34
415 41
415 64
415 79
415 80
415 91
415 143
415 151
415 164
415 214
415 215
415 262
415 281
415 314
415 316
415 319
415 393
415 451
416 32
416 67
416 96
416 173
416 187
416 229
416 254
416 265
416 273
416 282
416 285
416 294
416 320
416 341
416 363
416 372
416 386
416 395
416 397
416 420
416 426
416 447
416 463
416 499
417 26
417 85
417 122
417 131
417 159
417 166
417 167
417 168
417 175
417 240
417 241
417 317
417 336
417 374
417 376
417 381
417 386
417 413
417 428
417 441
417 490
418 2
418 41
418 45
418 55
418 77
418 108
418 150
418 163
418 173
418 183
418 193
418 204
418 207
418 251
418 262
418 271
418 279
418 290
418 293
418 325
418 333
418 363
418 399
418 406
418 440
418 448
418 458
418 482
418 494
419 2
419 3
419 14
419 34
419 35
419 90
419 95
419 99
419 103
419 121
419 137
419 142
419 161
419 178
419 214
419 222
419 226
419 240
419 254
419 295
419 364
419 375
419 381
419 434
419 435
419 437
419 455
419 460
419 478
420 14
420 18
420 35
420 39
420 40
420 51
420 56
420 70
420 107
420 122
420 127
420 150
420 185
420 202
420 212
420 216
420 225
420 261
420 266
420 286
420 303
420 325
420 332
420 394
420 416
420 432
420 460
420 462
420 471
420 479
421 8
421 12
421 16
421 59
421 60
421 104
421 121
421 131
421 191
421 237
421 255
421 278
421 320
421 363
421 368
421 400
421 413
421 422
421 439
421 444
422 20
422 26
422 41
422 42
422 53
422 69
422 100
422 135
422 142
422 157
422 161
422 184
422 192
422 201
422 216
422 234
422 238
422 270
422 282
422 301
422 321
422 341
422 350
422 361
422 387
422 421
422 450
422 496
423 63
423 175
423 177
423 182
423 205
423 234
423 252
423 311
423 345
423 357
423 396
423 473
423 495
424 39
424 40
424 56
424 79
424 102
424 154
424 171
424 197
424 270
424 288
424 317
424 331
424 360
424 375
424 378
424 397
424 400
424 439
424 459
425 16
425 23
425 30
425 32
425 56
425 60
425 80
425 133
425 169
425 173
425 194
425 196
425 234
425 245
425 262
425 276
425 306
425 320
425 340
425 354
425 388
425 390
425 434
425 441
425 442
425 447
425 453
426 11
426 34
426 43
426 69
426 74
426 84
426 92
426 157
426 160
426 188
426 223
426 265
426 269
426 270
426 301
426 308
426 328
426 370
426 407
426 416
426 444
426 451
426 452
426 453
426 470
426 475
427 2
427 21
427 22
427 23
427 29
427 38
427 43
427 50
427 89
427 136
427 153
427 237
427 239
427 256
427 279
427 283
427 325
427 330
427 331
427 368
427 378
427 379
427 387
427 401
427 458
427 498
428 17
428 48
428 61
428 94
428 99
428 101
428 112
428 114
428 123
428 143
428 156
428 201
428 267
428 273
428 332
428 352
428 359
428 361
428 373
428 417
428 472
428 474
428 475
428 481
428 488
428 490
428 496
429 14
429 54
429 59
429 61
429 74
429 81
429 87
429 106
429 134
429 136
429 141
429 208
429 230
429 310
429 321
429 345
429 348
429 372
429 450
429 474
429 485
430 0
430 23
430 34
430 100
430 131
430 138
430 149
430 153
430 212
430 247
430 283
430 349
430 351
430 362
430 384
430 406
430 409
430 448
430 459
430 485
430 487
431 9
431 41
431 49
431 61
431 80
431 87
431 91
431 92
431 96
431 102
431 124
431 128
431 140
431 160
431 174
431 179
431 181
431 188
431 196
431 217
431 284
431 330
431 350
431 366
431 368
431 378
431 391
431 481
431 490
432 21
432 24
432 30
432 44
432 62
432 65
432 95
432 141
432 165
432 171
432 182
432 184
432 205
432 207
432 248
432 259
432 298
432 387
432 403
432 409
432 420
432 436
432 478
432 496
432 497
433 20
433 27
433 45
433 54
433 61
433 76
433 81
433 119
433 160
433 197
433 198
433 205
433 207
433 231
433 245
433 280
433 289
433 321
433 334
433 355
433 363
433 370
433 380
433 385
433 402
433 413
433 467
433 484
433 488
434 36
434 43
434 53
434 59
434 93
434 105
434 115
434 118
434 135
434 145
434 153
434 161
434 176
434 182
434 190
434 224
434 257
434 261
434 263
434 291
434 388
434 395
434 412
434 419
434 425
434 454
434 473
434 484
435 1
435 40
435 41
435 84
435 94
435 105
435 174
435 192
435 194
435 204
435 228
435 230
435 250
435 316
435 339
435 357
435 360
435 413
435 419
435 448
435 467
436 45
436 66
436 75
436 88
436 110
436 121
436 172
436 182
436 188
436 216
436 217
436 242
436 282
436 295
436 297
436 348
436 432
436 437
436 463
436 496
436 499
437 9
437 11
437 65
437 93
437 107
437 140
437 150
437 155
437 160
437 164
437 209
437 211
437 222
437 234
437 258
437 269
437 284
437 290
437 291
437 312
437 324
437 327
437 333
437 336
437 337
437 372
437 386
437 419
437 436
437 446
437 469
437 478
437 485
437 490
438 25
438 26
438 68
438 79
438 113
438 126
438 146
438 147
438 154
438 170
438 182
438 205
438 240
438 242
438 261
438 265
438 292
438 337
438 346
438 358
438 379
438 380
438 458
438 497
438 498
439 3
439 21
439 34
439 47
439 58
439 90
439 98
439 108
439 114
439 119
439 121
439 128
439 175
439 185
439 187
439 201
439 207
439 226
439 242
439 252
439 271
439 327
439 342
439 362
439 366
439 384
439 398
439 421
439 424
439 465
439 484
439 485
440 8
440 13
440 16
440 30
440 96
440 116
440 126
440 147
440 155
440 175
440 198
440 213
440 226
440 257
440 292
440 327
440 330
440 333
440 338
440 354
440 418
440 475
441 5
441 54
441 64
441 116
441 138
441 143
441 186
441 226
441 272
441 281
441 331
441 348
441 361
441 368
441 380
441 407
441 417
441 425
441 494
442 5
442 30
442 32
442 33
442 45
442 63
442 118
442 142
442 184
442 213
442 297
442 305
442 312
442 330
442 356
442 425
442 481
443 24
443 42
443 83
443 109
443 119
443 120
443 147
443 160
443 183
443 187
443 190
443 193
443 198
443 199
443 214
443 218
443 221
443 235
443 267
443 268
443 274
443 283
443 289
443 307
443 308
443 312
443 329
443 346
443 364
443 449
443 473
443 480
443 498
444 13
444 60
444 113
444 121
444 130
444 143
444 163
444 164
444 186
444 209
444 214
444 238
444 240
444 284
444 287
444 317
444 318
444 330
444 360
444 414
444 421
444 426
444 446
444 465
444 468
444 486
445 23
445 28
445 49
445 54
445 73
445 107
445 125
445 134
445 182
445 194
445 196
445 228
445 240
445 259
445 271
445 274
445 282
445 309
445 317
445 329
445 363
445 382
445 453
446 17
446 27
446 29
446 31
446 37
446 39
446 64
446 75
446 90
446 101
446 123
446 144
446 145
446 155
446 183
446 200
446 215
446 265
446 283
446 307
446 345
446 373
446 391
446 406
446 412
446 437
446 444
446 448
446 464
446 491
447 24
447 26
447 42
447 47
447 50
447 73
447 74
447 108
447 114
447 126
447 155
447 179
447 218
447 307
447 335
447 346
447 368
447 413
447 414
447 416
447 425
447 456
447 482
447 483
448 31
448 32
448 41
448 108
448 109
448 110
448 117
448 120
448 134
448 141
448 200
448 207
448 214
448 222
448 227
448 229
448 253
448 255
448 276
448 349
448 355
448 359
448 386
448 387
448 411
448 418
448 430
448 435
448 446
448 452
448 468
448 476
448 486
449 7
449 17
449 39
449 43
449 60
449 67
449 85
449 111
449 114
449 117
449 128
449 132
449 147
449 160
449 177
449 181
449 202
449 229
449 231
449 236
449 262
449 278
449 282
449 292
449 296
449 387
449 414
449 443
449 455
449 462
449 464
449 475
449 494
450 25
450 34
450 50
450 61
450 86
450 101
450 135
450 153
450 169
450 172
450 179
450 192
450 201
450 215
450 223
450 231
450 250
450 301
450 314
450 316
450 321
450 329
450 359
450 407
450 422
450 429
450 491
451 1
451 20
451 72
451 119
451 123
451 138
451 151
451 163
451 175
451 200
451 208
451 212
451 256
451 290
451 300
451 322
451 360
451 372
451 383
451 394
451 397
451 412
451 415
451 426
451 461
451 490
451 491
452 1
452 15
452 34
452 47
452 54
452 56
452 70
452 123
452 149
452 150
452 167
452 176
452 224
452 248
452 258
452 291
452 298
452 305
452 339
452 343
452 362
452 371
452 384
452 406
452 407
452 412
452 426
452 448
452 465
452 478
452 485
453 4
453 98
453 117
453 119
453 140
453 143
453 159
453 160
453 162
453 199
453 208
453 232
453 236
453 237
453 249
453 254
453 257
453 270
453 292
453 295
453 393
453 402
453 425
453 426
453 445
453 471
454 51
454 64
454 79
454 83
454 157
454 204
454 286
454 300
454 319
454 320
454 344
454 362
454 375
454 400
454 434
454 492
454 494
454 495
455 32
455 39
455 81
455 93
455 99
455 101
455 114
455 140
455 145
455 149
455 193
455 210
455 239
455 248
455 257
455 273
455 298
455 328
455 330
455 356
455 377
455 389
455 392
455 419
455 449
455 469
455 488
456 18
456 22
456 53
456 125
456 129
456 138
456 170
456 191
456 198
456 224
456 244
456 277
456 330
456 370
456 387
456 404
456 414
456 447
456 468
456 478
457 5
457 8
457 19
457 25
457 33
457 37
457 83
457 92
457 139
457 207
457 212
457 218
457 298
457 326
457 355
457 381
457 384
457 465
457 474
457 498
458 20
458 48
458 54
458 61
458 82
458 86
458 143
458 146
458 163
458 180
458 204
458 231
458 263
458 317
458 349
458 353
458 369
458 389
458 401
458 410
458 411
458 418
458 427
458 438
458 459
459 27
459 30
459 67
459 117
459 124
459 153
459 160
459 195
459 222
459 243
459 257
459 266
459 277
459 303
459 336
459 341
459 348
459 354
459 367
459 381
459 386
459 424
459 430
459 458
459 469
459 487
459 492
460 3
460 29
460 34
460 58
460 99
460 109
460 122
460 153
460 175
460 178
460 189
460 201
460 234
460 262
460 271
460 285
460 302
460 350
460 396
460 401
460 411
460 419
460 420
460 466
460 473
460 497
461 22
461 54
461 80
461 85
461 87
461 95
461 96
461 100
461 129
461 146
461 162
461 170
461 179
461 205
461 215
461 217
461 258
461 277
461 299
461 316
461 352
461 359
461 396
461 406
461 451
461 486
462 9
462 10
462 64
462 81
462 96
462 143
462 148
462 207
462 208
462 212
462 225
462 227
462 240
462 256
462 266
462 281
462 286
462 287
462 288
462 312
462 420
462 449
462 467
462 491
463 8
463 30
463 44
463 58
463 96
463 109
463 137
463 143
463 161
463 168
463 173
463 207
463 211
463 213
463 233
463 257
463 269
463 294
463 301
463 309
463 313
463 340
463 370
463 383
463 390
463 409
463 416
463 436
463 496
464 14
464 16
464 34
464 36
464 73
464 132
464 163
464 167
464 203
464 209
464 222
464 228
464 229
464 236
464 286
464 290
464 307
464 329
464 341
464 352
464 357
464 371
464 378
464 387
464 407
464 446
464 449
464 481
465 1
465 12
465 80
465 100
465 143
465 153
465 158
465 169
465 172
465 175
465 183
465 209
465 211
465 214
465 219
465 253
465 259
465 308
465 330
465 352
465 364
465 391
465 393
465 439
465 444
465 452
465 457
465 470
465 480
465 492
466 6
466 34
466 56
466 131
466 141
466 184
466 186
466 236
466 246
466 267
466 268
466 270
466 340
466 356
466 363
466 369
466 380
466 460
466 472
466 474
466 475
466 488
466 498
467 2
467 5
467 31
467 57
467 140
467 180
467 197
467 228
467 262
467 287
467 290
467 299
467 328
467 342
467 355
467 358
467 360
467 371
467 378
467 412
467 433
467 435
467 462
467 490
468 18
468 27
468 48
468 67
468 69
468 101
468 111
468 117
468 135
468 149
468 161
468 174
468 182
468 201
468 293
468 316
468 358
468 444
468 448
468 456
468 471
469 32
469 34
469 49
469 51
469 54
469 118
469 124
469 142
469 187
469 192
469 199
469 218
469 221
469 227
469 236
469 237
469 268
469 311
469 341
469 356
469 437
469 455
469 459
469 481
469 492
470 1
470 21
470 59
470 69
470 102
470 105
470 127
470 144
470 159
470 162
470 201
470 209
470 220
470 264
470 273
470 309
470 322
470 333
470 353
470 388
470 389
470 426
470 465
470 490
470 493
471 50
471 57
471 64
471 137
471 138
471 139
471 165
471 201
471 209
471 225
471 298
471 328
471 335
471 346
471 397
471 402
471 411
471 413
471 420
471 453
471 468
471 476
472 7
472 8
472 16
472 21
472 41
472 61
472 63
472 68
472 72
472 84
472 126
472 172
472 182
472 190
472 194
472 239
472 311
472 323
472 351
472 362
472 389
472 403
472 428
472 466
472 483
472 496
473 17
473 20
473 30
473 31
473 49
473 50
473 54
473 66
473 74
473 76
473 77
473 110
473 167
473 176
473 202
473 232
473 238
473 243
473 245
473 266
473 287
473 299
473 320
473 330
473 335
473 352
473 356
473 372
473 423
473 434
473 443
473 460
474 8
474 27
474 35
474 70
474 112
474 114
474 127
474 142
474 189
474 190
474 220
474 235
474 271
474 273
474 298
474 317
474 351
474 428
474 429
474 457
474 466
475 15
475 22
475 69
475 72
475 109
475 162
475 187
475 191
475 232
475 241
475 257
475 278
475 282
475 381
475 426
475 428
475 440
475 449
475 466
475 477
475 483
475 492
476 30
476 99
476 101
476 114
476 150
476 180
476 191
476 219
476 223
476 225
476 230
476 258
476 265
476 285
476 294
476 301
476 312
476 332
476 334
476 368
476 379
476 383
476 448
476 471
476 480
476 485
476 488
477 10
477 14
477 26
477 97
477 135
477 137
477 159
477 199
477 206
477 249
477 254
477 265
477 324
477 347
477 351
477 367
477 396
477 408
477 410
477 413
477 475
477 487
478 45
478 61
478 65
478 93
478 109
478 125
478 146
478 149
478 150
478 155
478 166
478 187
478 198
478 212
478 216
478 223
478 224
478 242
478 251
478 258
478 261
478 265
478 284
478 289
478 316
478 338
478 344
478 348
478 349
478 355
478 375
478 391
478 419
478 432
478 437
478 452
478 456
478 486
479 3
479 63
479 88
479 90
479 184
479 189
479 238
479 247
479 279
479 283
479 354
479 383
479 420
480 4
480 23
480 50
480 76
480 90
480 102
480 107
480 124
480 134
480 166
480 172
480 210
480 279
480 307
480 335
480 365
480 369
480 413
480 443
480 465
480 476
481 78
481 89
481 93
481 96
481 109
481 179
481 195
481 205
481 209
481 239
481 241
481 277
481 278
481 299
481 321
481 364
481 366
481 428
481 431
481 442
481 464
481 469
481 486
481 498
482 5
482 6
482 48
482 94
482 139
482 174
482 178
482 192
482 206
482 219
482 259
482 266
482 336
482 377
482 389
482 392
482 400
482 418
482 447
483 11
483 13
483 27
483 56
483 79
483 96
483 125
483 138
483 155
483 165
483 166
483 208
483 221
483 233
483 248
483 253
483 259
483 266
483 267
483 308
483 309
483 329
483 334
483 340
483 344
483 345
483 353
483 373
483 379
483 388
483 393
483 407
483 408
483 447
483 472
483 475
483 493
484 48
484 57
484 86
484 108
484 111
484 120
484 121
484 126
484 136
484 208
484 209
484 220
484 230
484 231
484 240
484 255
484 259
484 334
484 394
484 407
484 409
484 433
484 434
484 439
484 486
485 21
485 37
485 45
485 53
485 55
485 110
485 114
485 140
485 145
485 163
485 167
485 218
485 225
485 248
485 291
485 330
485 349
485 398
485 429
485 430
485 437
485 439
485 452
485 476
485 489
486 7
486 50
486 59
486 86
486 96
486 109
486 126
486 130
486 132
486 156
486 209
486 240
486 265
486 286
486 312
486 348
486 372
486 444
486 448
486 461
486 478
486 481
486 484
487 48
487 54
487 55
487 105
487 146
487 149
487 166
487 187
487 211
487 223
487 277
487 278
487 300
487 350
487 359
487 360
487 372
487 383
487 396
487 403
487 411
487 430
487 459
487 477
488 12
488 50
488 65
488 82
488 123
488 200
488 206
488 220
488 246
488 266
488 283
488 285
488 286
488 300
488 302
488 304
488 333
488 379
488 401
488 406
488 428
488 433
488 455
488 466
488 476
489 24
489 91
489 116
489 187
489 207
489 211
489 274
489 280
489 292
489 299
489 320
489 370
489 409
489 485
489 492
490 38
490 50
490 85
490 99
490 124
490 151
490 158
490 174
490 176
490 212
490 248
490 249
490 269
490 290
490 295
490 300
490 313
490 358
490 366
490 384
490 395
490 400
490 417
490 428
490 431
490 437
490 451
490 467
490 470
491 3
491 10
491 46
491 91
491 135
491 159
491 162
491 216
491 227
491 255
491 282
491 296
491 310
491 325
491 346
491 350
491 351
491 359
491 360
491 381
491 446
491 450
491 451
491 462
492 2
492 39
492 64
492 83
492 90
492 93
492 118
492 124
492 149
492 161
492 167
492 200
492 239
492 257
492 269
492 320
492 327
492 333
492 346
492 393
492 454
492 459
492 465
492 469
492 475
492 489
493 9
493 14
493 16
493 19
493 56
493 81
493 114
493 117
493 124
493 150
493 163
493 171
493 183
493 191
493 224
493 269
493 308
493 340
493 346
493 394
493 405
493 470
493 483
494 12
494 36
494 69
494 86
494 94
494 101
494 116
494 120
494 216
494 224
494 249
494 269
494 274
494 275
494 278
494 282
494 291
494 319
494 354
494 359
494 374
494 397
494 404
494 418
494 441
494 449
494 454
495 15
495 69
495 79
495 81
495 102
495 132
495 137
495 157
495 158
495 171
495 182
495 196
495 202
495 204
495 209
495 211
495 225
495 229
495 261
495 284
495 287
495 333
495 339
495 364
495 423
495 454
496 80
496 161
496 194
496 227
496 241
496 267
496 284
496 318
496 323
496 325
496 333
496 347
496 373
496 381
496 391
496 394
496 398
496 422
496 428
496 432
496 436
496 463
496 472
496 499
497 1
497 10
497 20
497 30
497 34
497 127
497 137
497 139
497 145
497 170
497 192
497 207
497 225
497 283
497 298
497 321
497 364
497 432
497 438
497 460
498 7
498 12
498 44
498 131
498 157
498 167
498 178
498 185
498 269
498 276
498 292
498 294
498 315
498 339
498 341
498 356
498 373
498 378
498 393
498 413
498 427
498 438
498 443
498 457
498 466
498 481
499 73
499 78
499 98
499 123
499 151
499 167
499 182
499 191
499 213
499 229
499 232
499 252
499 254
499 268
499 269
499 303
499 304
499 307
499 332
499 345
499 347
499 375
499 406
499 411
499 416
499 436
499 496