500 6263
0 48
0 49
0 75
0 81
0 96
0 97
0 111
0 123
0 129
0 166
0 178
0 180
0 195
0 196
0 205
0 240
0 285
0 286
0 322
0 356
0 387
0 389
0 416
0 450
0 454
0 456
0 466
0 477
0 489
1 23
1 27
1 55
1 70
1 76
1 86
1 102
1 106
1 153
1 170
1 171
1 236
1 237
1 239
1 254
1 263
1 275
1 301
1 315
1 345
1 349
1 367
1 371
1 415
1 448
1 462
2 11
2 17
2 49
2 54
2 59
2 74
2 177
2 189
2 220
2 310
2 362
2 402
2 426
3 32
3 64
3 73
3 108
3 112
3 167
3 180
3 219
3 233
3 269
3 273
3 324
3 393
3 399
3 416
3 435
3 452
3 454
3 463
4 33
4 37
4 80
4 122
4 125
4 153
4 200
4 206
4 208
4 220
4 229
4 306
4 336
4 351
4 354
4 379
4 401
4 403
4 460
4 492
4 495
5 15
5 25
5 26
5 51
5 63
5 68
5 121
5 159
5 176
5 216
5 269
5 272
5 281
5 291
5 326
5 330
5 337
5 393
5 395
5 427
5 431
5 432
5 434
5 436
5 482
5 486
5 488
6 19
6 35
6 39
6 53
6 64
6 114
6 118
6 123
6 127
6 152
6 208
6 222
6 243
6 257
6 261
6 281
6 297
6 325
6 351
6 365
6 367
6 386
6 397
6 424
6 472
7 11
7 13
7 15
7 20
7 32
7 51
7 64
7 143
7 145
7 151
7 160
7 167
7 286
7 287
7 331
7 341
7 362
7 385
7 395
7 397
7 400
7 436
7 453
7 462
7 477
8 33
8 38
8 109
8 146
8 166
8 192
8 238
8 269
8 293
8 312
8 321
8 378
8 382
8 386
8 398
8 401
8 408
8 418
8 488
8 496
8 499
9 39
9 59
9 71
9 74
9 97
9 180
9 192
9 240
9 256
9 261
9 289
9 316
9 332
9 351
9 385
9 387
9 397
9 405
9 413
9 423
9 427
9 435
9 460
9 475
10 44
10 79
10 91
10 96
10 113
10 156
10 160
10 170
10 248
10 262
10 279
10 283
10 288
10 319
10 328
10 356
10 361
10 373
10 421
10 425
10 427
10 430
10 435
10 443
10 490
10 493
11 2
11 7
11 20
11 22
11 38
11 45
11 60
11 62
11 96
11 99
11 113
11 223
11 253
11 254
11 259
11 335
11 339
11 370
11 388
11 390
11 472
12 19
12 67
12 78
12 105
12 128
12 134
12 175
12 193
12 213
12 220
12 234
12 243
12 246
12 284
12 291
12 323
12 329
12 360
12 401
12 404
12 415
12 433
12 459
12 479
13 7
13 34
13 54
13 57
13 66
13 67
13 93
13 96
13 100
13 102
13 104
13 162
13 169
13 174
13 199
13 217
13 238
13 292
13 330
13 361
13 373
13 402
13 429
13 465
13 487
14 42
14 45
14 61
14 65
14 104
14 116
14 135
14 144
14 159
14 168
14 175
14 176
14 220
14 223
14 258
14 320
14 333
14 343
14 371
14 434
14 441
15 5
15 7
15 32
15 36
15 44
15 78
15 79
15 96
15 101
15 118
15 128
15 130
15 142
15 144
15 214
15 228
15 248
15 251
15 258
15 284
15 286
15 293
15 305
15 314
15 324
15 398
15 440
15 441
15 445
15 461
15 463
15 471
15 489
16 18
16 20
16 41
16 58
16 74
16 129
16 198
16 218
16 219
16 245
16 254
16 258
16 266
16 294
16 296
16 321
16 365
16 393
16 398
16 419
16 461
16 469
16 498
17 2
17 75
17 97
17 114
17 121
17 124
17 134
17 160
17 217
17 291
17 347
17 369
17 420
17 422
17 435
17 454
17 464
17 468
17 472
18 16
18 65
18 82
18 96
18 103
18 111
18 114
18 138
18 139
18 147
18 159
18 176
18 207
18 209
18 316
18 364
18 387
18 391
18 395
18 446
18 452
18 478
18 499
19 6
19 12
19 34
19 53
19 57
19 69
19 81
19 104
19 117
19 118
19 130
19 145
19 156
19 163
19 175
19 215
19 230
19 269
19 282
19 290
19 291
19 328
19 332
19 341
19 361
19 411
19 417
19 419
19 430
19 435
19 465
19 481
20 7
20 11
20 16
20 46
20 49
20 60
20 97
20 138
20 223
20 244
20 247
20 271
20 314
20 323
20 330
20 339
20 347
20 370
20 387
20 423
20 424
20 447
20 449
20 467
20 474
20 485
21 37
21 75
21 95
21 103
21 115
21 134
21 142
21 172
21 177
21 180
21 193
21 200
21 201
21 202
21 206
21 237
21 248
21 262
21 268
21 291
21 317
21 323
21 385
21 414
21 421
21 427
21 428
21 434
21 447
21 481
21 493
22 11
22 62
22 69
22 125
22 144
22 235
22 245
22 246
22 261
22 274
22 320
22 330
22 351
22 367
22 372
22 381
22 396
22 472
22 478
22 498
23 1
23 37
23 46
23 77
23 83
23 130
23 150
23 181
23 198
23 203
23 205
23 233
23 271
23 282
23 286
23 312
23 366
23 382
23 399
23 444
23 456
23 466
23 474
23 475
23 490
23 496
24 29
24 44
24 49
24 83
24 110
24 167
24 194
24 205
24 212
24 219
24 230
24 242
24 251
24 256
24 270
24 355
24 366
24 385
24 417
24 420
24 436
24 446
24 480
24 484
24 493
24 496
24 498
25 5
25 27
25 28
25 56
25 82
25 113
25 115
25 135
25 178
25 186
25 216
25 269
25 276
25 296
25 298
25 343
25 355
25 370
25 376
25 378
25 399
25 446
25 459
25 468
25 473
26 5
26 37
26 40
26 71
26 95
26 104
26 174
26 181
26 185
26 190
26 195
26 197
26 237
26 278
26 281
26 291
26 298
26 308
26 321
26 331
26 348
26 349
26 372
26 392
26 396
26 415
26 417
26 463
26 481
26 492
27 1
27 25
27 50
27 79
27 115
27 122
27 173
27 179
27 186
27 215
27 239
27 257
27 258
27 267
27 290
27 291
27 293
27 299
27 313
27 315
27 337
27 361
27 391
27 397
27 451
27 452
27 464
27 473
28 25
28 45
28 50
28 55
28 64
28 123
28 130
28 137
28 151
28 166
28 172
28 178
28 202
28 251
28 276
28 282
28 294
28 299
28 303
28 315
28 318
28 325
28 333
28 345
28 386
28 402
28 405
28 408
28 411
28 422
28 472
28 474
28 492
29 24
29 44
29 59
29 68
29 106
29 114
29 133
29 184
29 204
29 212
29 213
29 242
29 312
29 335
29 420
29 448
30 34
30 52
30 82
30 105
30 131
30 164
30 178
30 205
30 212
30 217
30 224
30 227
30 237
30 242
30 260
30 277
30 293
30 312
30 320
30 355
30 361
30 364
30 376
30 379
30 386
30 436
30 466
30 494
30 495
31 45
31 55
31 95
31 110
31 137
31 195
31 207
31 215
31 246
31 256
31 345
31 352
31 367
31 373
31 383
31 394
31 407
31 442
31 486
32 3
32 7
32 15
32 47
32 53
32 134
32 139
32 147
32 164
32 206
32 226
32 267
32 274
32 302
32 304
32 325
32 337
32 377
32 380
32 408
32 418
32 446
32 448
32 480
33 4
33 8
33 36
33 46
33 74
33 94
33 122
33 134
33 155
33 173
33 191
33 221
33 232
33 244
33 310
33 322
33 345
33 357
33 386
33 387
33 414
33 448
33 453
34 13
34 19
34 30
34 37
34 55
34 67
34 70
34 92
34 98
34 109
34 185
34 194
34 199
34 211
34 218
34 230
34 268
34 274
34 277
34 303
34 336
34 365
34 375
34 392
34 397
34 404
34 411
34 443
34 461
34 464
34 482
35 6
35 49
35 55
35 66
35 102
35 120
35 125
35 128
35 151
35 232
35 249
35 274
35 284
35 364
35 389
35 391
35 417
35 428
35 436
35 499
36 15
36 33
36 42
36 45
36 58
36 60
36 82
36 174
36 185
36 230
36 233
36 240
36 246
36 275
36 290
36 306
36 326
36 339
36 349
36 359
36 371
36 376
36 380
36 437
36 469
36 487
37 4
37 21
37 23
37 26
37 34
37 51
37 59
37 70
37 81
37 102
37 104
37 137
37 155
37 158
37 220
37 224
37 236
37 271
37 316
37 322
37 343
37 351
37 407
37 414
38 8
38 11
38 49
38 61
38 65
38 106
38 111
38 170
38 178
38 212
38 297
38 314
38 348
38 385
38 409
38 415
38 421
38 424
38 434
38 443
38 465
38 470
38 484
39 6
39 9
39 53
39 57
39 111
39 161
39 164
39 172
39 206
39 208
39 232
39 240
39 241
39 270
39 275
39 287
39 324
39 329
39 330
39 333
39 348
39 360
39 369
39 372
39 391
39 405
39 418
39 419
39 458
40 26
40 66
40 79
40 85
40 112
40 119
40 120
40 133
40 154
40 158
40 168
40 209
40 238
40 249
40 271
40 300
40 326
40 373
40 422
40 467
41 16
41 50
41 84
41 108
41 110
41 172
41 180
41 183
41 233
41 262
41 296
41 302
41 322
41 340
41 343
41 352
41 383
41 388
41 391
41 418
41 437
41 456
42 14
42 36
42 54
42 72
42 102
42 111
42 116
42 142
42 206
42 212
42 213
42 216
42 219
42 264
42 298
42 308
42 322
42 373
42 388
42 407
42 415
42 434
42 469
42 472
42 477
42 498
42 499
43 62
43 76
43 112
43 166
43 172
43 184
43 192
43 207
43 213
43 236
43 240
43 269
43 313
43 321
43 366
43 398
43 409
43 411
43 426
43 427
43 430
43 437
43 449
43 472
44 10
44 15
44 24
44 29
44 52
44 61
44 119
44 121
44 133
44 140
44 154
44 173
44 181
44 186
44 205
44 214
44 227
44 235
44 251
44 252
44 266
44 309
44 319
44 330
44 335
44 336
44 356
44 371
44 390
44 393
44 408
44 462
44 494
44 499
45 11
45 14
45 28
45 31
45 36
45 53
45 75
45 130
45 140
45 169
45 218
45 219
45 242
45 301
45 303
45 314
45 317
45 329
45 337
45 338
45 342
45 347
45 349
45 356
45 369
45 375
45 378
45 402
45 479
46 20
46 23
46 33
46 52
46 89
46 131
46 139
46 147
46 189
46 200
46 249
46 323
46 330
46 336
46 356
46 380
46 384
46 415
46 435
47 32
47 56
47 69
47 93
47 97
47 103
47 112
47 119
47 124
47 144
47 165
47 172
47 185
47 198
47 205
47 240
47 294
47 312
47 350
47 353
47 355
47 372
47 380
47 384
47 421
47 475
47 493
48 0
48 55
48 67
48 87
48 122
48 129
48 148
48 161
48 179
48 207
48 217
48 233
48 266
48 268
48 304
48 309
48 325
48 341
48 342
48 350
48 361
48 402
48 409
48 443
48 458
48 472
48 477
48 478
48 481
48 482
49 0
49 2
49 20
49 24
49 35
49 38
49 70
49 77
49 110
49 115
49 118
49 166
49 168
49 206
49 233
49 262
49 264
49 271
49 311
49 314
49 318
49 348
49 361
49 363
49 378
49 408
49 447
49 491
49 493
50 27
50 28
50 41
50 51
50 59
50 87
50 98
50 105
50 110
50 117
50 135
50 143
50 145
50 194
50 197
50 199
50 243
50 245
50 247
50 288
50 329
50 376
50 388
50 414
50 449
50 459
50 466
50 479
50 480
51 5
51 7
51 37
51 50
51 58
51 83
51 103
51 109
51 114
51 164
51 191
51 194
51 202
51 214
51 261
51 280
51 293
51 327
51 337
51 389
51 414
51 416
51 432
52 30
52 44
52 46
52 71
52 106
52 129
52 136
52 143
52 193
52 245
52 308
52 317
52 325
52 326
52 337
52 347
52 358
52 381
52 387
52 394
52 422
52 462
52 480
52 481
52 482
52 487
52 492
52 498
53 6
53 19
53 32
53 39
53 45
53 60
53 65
53 92
53 120
53 160
53 168
53 184
53 209
53 213
53 246
53 254
53 263
53 276
53 307
53 345
53 367
53 395
53 412
53 433
53 442
53 470
53 478
53 485
54 2
54 13
54 42
54 138
54 139
54 146
54 150
54 156
54 162
54 173
54 186
54 222
54 234
54 235
54 249
54 279
54 296
54 326
54 333
54 347
54 355
54 362
54 387
54 420
54 421
54 473
54 475
54 486
54 495
54 497
55 1
55 28
55 31
55 34
55 35
55 48
55 67
55 84
55 108
55 113
55 123
55 134
55 135
55 188
55 207
55 237
55 288
55 307
55 355
55 362
55 364
55 366
55 382
55 386
55 412
55 414
55 415
55 420
55 435
55 439
55 441
55 477
56 25
56 47
56 69
56 87
56 103
56 130
56 140
56 152
56 154
56 157
56 203
56 228
56 284
56 319
56 347
56 372
56 398
56 423
56 453
56 475
56 488
57 13
57 19
57 39
57 87
57 104
57 145
57 150
57 193
57 197
57 206
57 216
57 220
57 239
57 259
57 277
57 282
57 285
57 293
57 401
57 425
57 443
57 446
57 449
57 455
57 457
57 465
57 479
57 483
58 16
58 36
58 51
58 96
58 98
58 115
58 116
58 125
58 166
58 221
58 235
58 291
58 297
58 327
58 328
58 385
58 388
58 392
58 401
58 420
58 429
58 447
59 2
59 9
59 29
59 37
59 50
59 161
59 203
59 205
59 219
59 224
59 235
59 244
59 249
59 260
59 290
59 300
59 302
59 324
59 376
59 417
59 419
59 449
59 458
59 460
59 467
60 11
60 20
60 36
60 53
60 91
60 95
60 118
60 185
60 186
60 190
60 237
60 266
60 317
60 319
60 329
60 340
60 354
60 367
60 373
60 386
60 425
60 456
60 471
60 474
60 489
61 14
61 38
61 44
61 71
61 74
61 154
61 161
61 171
61 181
61 193
61 197
61 207
61 211
61 238
61 250
61 273
61 308
61 350
61 360
61 366
61 404
61 440
61 471
61 481
62 11
62 22
62 43
62 65
62 69
62 75
62 88
62 116
62 128
62 184
62 188
62 204
62 211
62 247
62 255
62 274
62 278
62 336
62 347
62 432
62 436
62 448
62 455
62 463
62 470
62 479
62 482
62 491
63 5
63 190
63 226
63 238
63 241
63 273
63 297
63 328
63 338
63 358
63 403
63 438
63 469
63 480
64 3
64 6
64 7
64 28
64 69
64 74
64 75
64 122
64 165
64 166
64 171
64 189
64 191
64 227
64 261
64 275
64 300
64 324
64 334
64 335
64 336
64 345
64 360
64 368
64 380
64 382
64 418
64 424
64 429
64 435
64 470
64 474
65 14
65 18
65 38
65 53
65 62
65 88
65 125
65 141
65 177
65 183
65 192
65 206
65 237
65 259
65 285
65 298
65 316
65 350
65 370
65 373
65 383
65 394
65 401
65 440
65 449
65 451
65 463
65 483
65 498
66 13
66 35
66 40
66 74
66 115
66 119
66 161
66 198
66 227
66 228
66 233
66 287
66 326
66 345
66 355
66 367
66 387
66 397
66 409
66 431
66 436
66 445
67 12
67 13
67 34
67 48
67 55
67 68
67 70
67 107
67 154
67 170
67 188
67 193
67 195
67 203
67 206
67 217
67 221
67 227
67 242
67 278
67 294
67 350
67 381
67 394
67 399
67 434
67 457
67 466
67 479
68 5
68 29
68 67
68 72
68 102
68 133
68 155
68 159
68 161
68 228
68 249
68 256
68 262
68 301
68 304
68 331
68 335
68 337
68 345
68 401
68 415
68 418
68 446
68 448
68 463
68 470
68 496
68 497
69 19
69 22
69 47
69 56
69 62
69 64
69 71
69 78
69 89
69 90
69 119
69 129
69 150
69 180
69 217
69 230
69 259
69 309
69 344
69 364
69 368
69 390
69 428
69 435
69 486
70 1
70 34
70 37
70 49
70 67
70 112
70 128
70 134
70 147
70 189
70 215
70 267
70 311
70 326
70 327
70 350
70 355
70 378
70 432
70 441
70 458
70 464
71 9
71 26
71 52
71 61
71 69
71 72
71 73
71 78
71 83
71 92
71 93
71 103
71 140
71 150
71 175
71 182
71 185
71 188
71 210
71 229
71 252
71 257
71 319
71 332
71 365
71 376
71 404
71 410
71 438
71 456
72 42
72 68
72 71
72 75
72 89
72 113
72 119
72 122
72 130
72 181
72 186
72 202
72 236
72 255
72 271
72 287
72 289
72 294
72 354
72 386
72 436
72 473
72 474
72 476
72 494
73 3
73 71
73 101
73 102
73 141
73 167
73 219
73 220
73 222
73 273
73 286
73 300
73 339
73 382
73 389
73 391
73 403
73 438
74 2
74 9
74 16
74 33
74 61
74 64
74 66
74 104
74 109
74 113
74 291
74 305
74 329
74 353
74 354
74 368
74 411
74 424
74 442
74 475
74 477
75 0
75 17
75 21
75 45
75 62
75 64
75 72
75 88
75 125
75 143
75 173
75 177
75 200
75 216
75 231
75 236
75 242
75 308
75 345
75 365
75 386
75 387
75 407
75 417
75 472
75 478
76 1
76 43
76 87
76 102
76 111
76 115
76 126
76 135
76 141
76 142
76 143
76 159
76 180
76 227
76 263
76 305
76 348
76 356
76 365
76 385
76 430
76 434
76 460
76 467
76 479
77 23
77 49
77 102
77 152
77 156
77 179
77 188
77 233
77 237
77 244
77 293
77 338
77 359
77 374
77 375
77 479
77 483
78 12
78 15
78 69
78 71
78 117
78 122
78 157
78 159
78 177
78 206
78 220
78 258
78 281
78 297
78 363
78 382
78 383
78 387
78 397
78 439
78 462
78 466
78 479
78 490
79 10
79 15
79 27
79 40
79 105
79 119
79 120
79 138
79 189
79 204
79 217
79 253
79 265
79 276
79 294
79 311
79 316
79 347
79 350
79 351
79 367
79 382
79 397
79 440
79 454
79 476
80 4
80 109
80 121
80 127
80 151
80 163
80 174
80 178
80 187
80 223
80 225
80 234
80 241
80 268
80 270
80 297
80 299
80 313
80 354
80 363
80 393
80 404
80 414
80 419
80 436
80 461
81 0
81 19
81 37
81 86
81 120
81 138
81 143
81 149
81 157
81 178
81 180
81 196
81 215
81 279
81 284
81 298
81 300
81 312
81 343
81 359
81 361
81 363
81 377
81 383
81 388
81 421
81 456
81 489
82 18
82 25
82 30
82 36
82 141
82 198
82 199
82 250
82 258
82 281
82 325
82 335
82 373
82 377
82 429
82 431
82 485
83 23
83 24
83 51
83 71
83 84
83 116
83 126
83 147
83 157
83 183
83 200
83 229
83 234
83 236
83 244
83 283
83 286
83 305
83 316
83 327
83 338
83 372
83 385
83 395
83 411
83 453
83 459
83 465
83 483
83 489
84 41
84 55
84 83
84 96
84 129
84 165
84 178
84 190
84 196
84 204
84 232
84 265
84 273
84 286
84 320
84 336
84 348
84 357
84 374
84 376
84 377
84 391
84 490
85 40
85 101
85 140
85 163
85 167
85 199
85 214
85 215
85 227
85 240
85 249
85 282
85 289
85 333
85 348
85 354
85 367
85 378
85 386
85 391
85 408
85 421
85 425
85 433
85 454
85 484
85 491
86 1
86 81
86 95
86 98
86 131
86 140
86 159
86 173
86 208
86 252
86 268
86 281
86 283
86 319
86 337
86 365
86 370
86 375
86 394
86 395
86 441
86 445
86 456
86 464
86 492
86 496
87 48
87 50
87 56
87 57
87 76
87 92
87 120
87 121
87 125
87 141
87 155
87 185
87 218
87 225
87 250
87 303
87 332
87 352
87 353
87 386
87 402
87 407
87 413
87 455
87 473
87 488
88 62
88 65
88 75
88 94
88 114
88 118
88 200
88 225
88 232
88 266
88 267
88 279
88 307
88 333
88 346
88 363
88 381
88 416
88 435
88 456
88 460
88 474
88 482
89 46
89 69
89 72
89 107
89 124
89 137
89 142
89 148
89 224
89 226
89 236
89 246
89 248
89 250
89 274
89 296
89 301
89 304
89 308
89 336
89 365
89 366
89 370
89 404
89 454
89 461
89 477
89 480
89 488
90 69
90 109
90 112
90 116
90 135
90 136
90 158
90 183
90 202
90 212
90 231
90 288
90 306
90 353
90 364
90 398
90 406
90 442
90 443
90 457
90 474
91 10
91 60
91 97
91 106
91 110
91 138
91 139
91 153
91 256
91 276
91 293
91 307
91 312
91 346
91 376
91 380
91 396
91 419
91 422
91 431
91 446
91 473
91 493
92 34
92 53
92 71
92 87
92 134
92 161
92 171
92 245
92 269
92 280
92 297
92 307
92 328
92 331
92 340
92 359
92 391
92 410
92 446
92 484
93 13
93 47
93 71
93 101
93 133
93 163
93 236
93 246
93 309
93 311
93 331
93 381
93 397
93 434
93 435
93 440
93 443
93 445
93 495
94 33
94 88
94 96
94 128
94 161
94 163
94 196
94 204
94 207
94 216
94 224
94 246
94 266
94 282
94 306
94 334
94 348
94 425
94 428
94 432
94 453
94 481
95 21
95 26
95 31
95 60
95 86
95 105
95 107
95 128
95 212
95 257
95 289
95 379
95 383
95 386
95 398
95 417
95 434
95 435
95 448
95 458
96 0
96 10
96 11
96 13
96 15
96 18
96 58
96 84
96 94
96 102
96 134
96 144
96 154
96 160
96 181
96 198
96 220
96 222
96 278
96 281
96 289
96 298
96 321
96 322
96 364
96 413
96 419
96 429
96 433
96 437
96 447
96 463
96 474
96 492
97 0
97 9
97 17
97 20
97 47
97 91
97 103
97 115
97 125
97 127
97 143
97 162
97 166
97 168
97 172
97 178
97 184
97 191
97 238
97 255
97 330
97 335
97 353
97 360
97 379
97 467
97 489
97 494
97 497
98 34
98 50
98 58
98 86
98 129
98 134
98 151
98 153
98 160
98 197
98 223
98 234
98 244
98 268
98 270
98 281
98 289
98 308
98 316
98 342
98 343
98 358
98 366
98 479
99 11
99 106
99 107
99 111
99 121
99 123
99 146
99 147
99 151
99 196
99 199
99 220
99 232
99 245
99 246
99 256
99 303
99 314
99 339
99 385
99 392
99 404
99 408
99 422
99 434
99 453
99 486
100 13
100 133
100 164
100 174
100 180
100 191
100 294
100 305
100 343
100 347
100 353
100 370
100 392
100 406
100 462
101 15
101 73
101 85
101 93
101 109
101 120
101 153
101 207
101 210
101 227
101 228
101 263
101 295
101 299
101 311
101 334
101 336
101 343
101 344
101 387
101 497
102 1
102 13
102 35
102 37
102 42
102 68
102 73
102 76
102 77
102 96
102 139
102 161
102 192
102 193
102 212
102 277
102 280
102 322
102 329
102 339
102 345
102 377
102 395
102 423
102 426
102 431
102 449
102 457
102 469
102 484
103 18
103 21
103 47
103 51
103 56
103 71
103 97
103 106
103 109
103 120
103 177
103 217
103 229
103 250
103 254
103 281
103 286
103 293
103 295
103 323
103 336
103 355
103 360
103 392
103 432
103 434
103 439
103 452
103 460
103 494
103 498
104 13
104 14
104 19
104 26
104 37
104 57
104 74
104 110
104 131
104 155
104 158
104 174
104 175
104 201
104 208
104 245
104 257
104 279
104 298
104 300
104 310
104 331
104 355
104 432
104 460
104 467
104 471
104 483
104 498
105 12
105 30
105 50
105 79
105 95
105 109
105 114
105 117
105 180
105 208
105 234
105 274
105 301
105 323
105 332
105 351
105 353
105 381
105 391
105 415
105 422
105 423
105 426
105 427
105 429
105 448
105 478
106 1
106 29
106 38
106 52
106 91
106 99
106 103
106 113
106 138
106 148
106 208
106 226
106 247
106 249
106 289
106 297
106 305
106 307
106 309
106 319
106 322
106 335
106 337
106 365
106 411
106 431
106 448
106 461
106 470
106 475
107 67
107 89
107 95
107 99
107 144
107 161
107 173
107 184
107 290
107 298
107 307
107 329
107 330
107 351
107 361
107 392
107 455
107 487
108 3
108 41
108 55
108 123
108 132
108 160
108 165
108 185
108 195
108 212
108 222
108 252
108 254
108 271
108 274
108 285
108 343
108 350
108 400
108 411
108 416
108 434
108 444
108 451
108 455
108 456
108 481
109 8
109 34
109 51
109 74
109 80
109 90
109 101
109 103
109 105
109 114
109 120
109 175
109 178
109 199
109 217
109 242
109 247
109 268
109 282
109 292
109 311
109 360
109 380
109 391
109 427
109 436
109 445
109 457
109 462
109 465
109 475
110 24
110 31
110 41
110 49
110 50
110 91
110 104
110 119
110 121
110 136
110 235
110 245
110 273
110 336
110 347
110 353
110 394
110 400
110 404
110 410
110 412
110 414
110 454
111 0
111 18
111 38
111 39
111 42
111 76
111 99
111 165
111 183
111 200
111 208
111 292
111 346
111 390
111 394
111 396
111 412
111 433
111 463
112 3
112 40
112 43
112 47
112 70
112 90
112 116
112 123
112 160
112 192
112 244
112 249
112 253
112 261
112 284
112 312
112 314
112 351
112 358
112 370
112 384
112 420
112 443
112 451
112 460
112 492
113 10
113 11
113 25
113 55
113 72
113 74
113 106
113 119
113 172
113 196
113 214
113 229
113 230
113 260
113 269
113 277
113 363
113 371
113 458
113 472
113 473
114 6
114 17
114 18
114 29
114 51
114 88
114 105
114 109
114 116
114 131
114 140
114 146
114 172
114 214
114 225
114 249
114 253
114 285
114 296
114 331
114 343
114 353
114 364
114 370
114 377
114 378
114 379
114 381
114 396
114 400
115 21
115 25
115 27
115 49
115 58
115 66
115 76
115 97
115 149
115 168
115 174
115 180
115 201
115 202
115 244
115 271
115 327
115 345
115 349
115 350
115 352
115 353
115 379
115 403
115 429
115 442
115 449
115 453
116 14
116 42
116 58
116 62
116 83
116 90
116 112
116 114
116 122
116 148
116 187
116 244
116 323
116 340
116 353
116 366
116 373
116 395
116 436
116 444
116 453
116 457
116 469
116 498
117 19
117 50
117 78
117 105
117 149
117 160
117 221
117 231
117 249
117 309
117 322
117 335
117 351
117 354
117 379
117 380
117 385
117 398
117 412
117 497
117 499
118 6
118 15
118 19
118 49
118 60
118 88
118 141
118 142
118 176
118 207
118 214
118 238
118 291
118 314
118 318
118 326
118 363
118 415
118 416
118 424
118 429
118 459
118 471
118 494
118 499
119 40
119 44
119 47
119 66
119 69
119 72
119 79
119 110
119 113
119 120
119 138
119 185
119 225
119 257
119 277
119 282
119 295
119 299
119 300
119 345
119 349
119 355
119 366
119 423
119 441
119 453
119 488
120 35
120 40
120 53
120 79
120 81
120 87
120 101
120 103
120 109
120 119
120 159
120 184
120 189
120 195
120 230
120 246
120 252
120 275
120 304
120 308
120 313
120 406
120 415
120 443
120 457
121 5
121 17
121 44
121 80
121 87
121 99
121 110
121 168
121 188
121 189
121 215
121 217
121 227
121 293
121 307
121 375
121 406
121 476
121 492
122 4
122 27
122 33
122 48
122 64
122 72
122 78
122 116
122 135
122 138
122 149
122 166
122 172
122 193
122 194
122 256
122 261
122 281
122 285
122 295
122 306
122 328
122 330
122 359
122 384
122 388
122 400
122 427
122 450
122 454
122 489
123 0
123 6
123 28
123 55
123 99
123 108
123 112
123 153
123 160
123 166
123 214
123 257
123 270
123 289
123 297
123 375
123 409
123 429
123 433
124 17
124 47
124 89
124 172
124 176
124 181
124 203
124 226
124 288
124 294
124 308
124 315
124 318
124 345
124 360
124 361
124 365
124 375
124 445
124 446
124 484
124 494
125 4
125 22
125 35
125 58
125 65
125 75
125 87
125 97
125 151
125 163
125 194
125 217
125 231
125 254
125 259
125 262
125 277
125 278
125 279
125 301
125 330
125 331
125 369
125 383
125 402
125 411
125 427
125 433
125 479
125 490
126 76
126 83
126 142
126 149
126 154
126 170
126 215
126 234
126 236
126 274
126 288
126 292
126 297
126 315
126 318
126 320
126 342
126 375
126 376
126 428
126 461
126 471
126 482
126 484
126 491
127 6
127 80
127 97
127 129
127 157
127 191
127 201
127 203
127 205
127 211
127 244
127 255
127 287
127 305
127 308
127 350
127 355
127 406
127 409
127 439
127 452
127 454
127 481
127 492
127 493
127 496
128 12
128 15
128 35
128 62
128 70
128 94
128 95
128 130
128 155
128 167
128 169
128 185
128 186
128 188
128 203
128 211
128 215
128 238
128 241
128 265
128 270
128 317
128 367
128 384
128 421
128 446
128 448
128 453
128 486
128 497
128 499
129 0
129 16
129 48
129 52
129 69
129 84
129 98
129 127
129 134
129 149
129 174
129 232
129 233
129 259
129 261
129 274
129 355
129 382
129 413
129 419
129 421
129 471
130 15
130 19
130 23
130 28
130 45
130 56
130 72
130 128
130 193
130 221
130 245
130 250
130 271
130 299
130 309
130 314
130 342
130 349
130 357
130 362
130 416
130 420
130 449
130 472
131 30
131 46
131 86
131 104
131 114
131 188
131 210
131 229
131 244
131 283
131 290
131 312
131 313
131 317
131 320
131 325
131 332
131 374
131 396
131 407
131 422
131 438
131 443
131 457
132 108
132 149
132 179
132 189
132 204
132 210
132 230
132 266
132 279
132 301
132 324
132 331
132 333
132 345
132 360
132 367
132 378
132 382
132 419
132 423
132 443
132 448
132 453
132 459
132 464
132 483
132 496
133 29
133 40
133 44
133 68
133 93
133 100
133 136
133 138
133 151
133 157
133 212
133 222
133 234
133 244
133 247
133 252
133 268
133 285
133 290
133 292
133 316
133 346
133 360
133 407
133 411
133 427
133 442
133 476
133 477
133 486
133 493
133 499
134 12
134 17
134 21
134 32
134 33
134 55
134 70
134 92
134 96
134 98
134 129
134 137
134 166
134 183
134 212
134 219
134 222
134 227
134 298
134 315
134 355
134 381
134 442
134 468
134 469
134 495
135 14
135 25
135 50
135 55
135 76
135 90
135 122
135 148
135 166
135 191
135 196
135 213
135 216
135 224
135 226
135 233
135 284
135 292
135 332
135 345
135 358
135 388
135 419
135 431
135 449
135 465
135 483
135 484
136 52
136 90
136 110
136 133
136 146
136 194
136 248
136 263
136 271
136 303
136 306
136 310
136 347
136 353
136 361
136 368
136 391
136 416
136 423
136 444
136 450
136 456
136 488
136 495
137 28
137 31
137 37
137 89
137 134
137 138
137 180
137 246
137 298
137 303
137 320
137 366
137 396
137 437
137 462
137 480
137 492
138 18
138 20
138 54
138 79
138 81
138 91
138 106
138 119
138 122
138 133
138 137
138 143
138 162
138 177
138 178
138 210
138 245
138 256
138 265
138 266
138 293
138 297
138 328
138 335
138 385
138 390
138 400
138 440
138 450
138 469
138 488
139 18
139 32
139 46
139 54
139 91
139 102
139 161
139 207
139 218
139 234
139 246
139 250
139 266
139 268
139 281
139 312
139 329
139 337
139 358
139 372
139 381
139 395
139 396
139 451
139 466
139 471
139 493
139 497
140 44
140 45
140 56
140 71
140 85
140 86
140 114
140 192
140 196
140 201
140 216
140 265
140 278
140 340
140 349
140 356
140 378
140 412
140 420
140 425
140 497
141 65
141 73
141 76
141 82
141 87
141 118
141 164
141 213
141 255
141 270
141 324
141 329
141 343
141 360
141 449
141 457
141 486
141 497
142 15
142 21
142 42
142 76
142 89
142 118
142 126
142 279
142 286
142 312
142 354
142 392
142 395
142 402
142 409
142 416
142 433
142 442
142 448
142 457
143 7
143 50
143 52
143 75
143 76
143 81
143 97
143 138
143 149
143 153
143 155
143 174
143 218
143 221
143 227
143 244
143 255
143 260
143 270
143 300
143 330
143 341
143 357
143 381
143 402
143 443
143 471
144 14
144 15
144 22
144 47
144 96
144 107
144 156
144 188
144 234
144 273
144 283
144 300
144 311
144 327
144 348
144 404
144 410
144 442
144 451
144 481
145 7
145 19
145 50
145 57
145 157
145 179
145 191
145 214
145 245
145 264
145 269
145 286
145 292
145 309
145 318
145 331
145 350
145 351
145 352
145 372
145 401
145 402
145 411
145 431
145 440
145 449
145 459
145 469
145 488
146 8
146 54
146 99
146 114
146 136
146 152
146 192
146 221
146 225
146 234
146 235
146 253
146 281
146 302
146 336
146 347
146 387
146 407
146 425
146 426
146 447
146 497
147 18
147 32
147 46
147 70
147 83
147 99
147 199
147 212
147 222
147 229
147 235
147 245
147 281
147 289
147 315
147 359
147 389
147 410
147 421
147 426
147 466
148 48
148 89
148 106
148 116
148 135
148 172
148 181
148 183
148 184
148 187
148 189
148 220
148 239
148 246
148 265
148 342
148 347
148 357
148 359
148 361
148 401
148 430
148 447
148 469
148 474
149 81
149 115
149 117
149 122
149 126
149 129
149 132
149 143
149 161
149 166
149 167
149 196
149 209
149 214
149 239
149 245
149 247
149 261
149 282
149 359
149 363
149 374
149 382
149 398
149 407
149 440
149 449
149 480
149 481
149 485
150 23
150 54
150 57
150 69
150 71
150 180
150 210
150 219
150 245
150 248
150 256
150 272
150 292
150 373
150 393
150 399
150 429
150 459
150 463
150 485
150 495
151 7
151 28
151 35
151 80
151 98
151 99
151 125
151 133
151 201
151 230
151 234
151 241
151 261
151 277
151 299
151 332
151 337
151 345
151 388
151 390
151 400
151 405
151 460
151 471
152 6
152 56
152 77
152 146
152 154
152 177
152 193
152 202
152 236
152 237
152 241
152 242
152 258
152 275
152 301
152 374
152 393
152 401
152 420
152 428
152 447
152 464
152 468
152 481
152 482
153 1
153 4
153 91
153 98
153 101
153 123
153 143
153 161
153 182
153 190
153 194
153 196
153 198
153 199
153 203
153 204
153 218
153 237
153 247
153 250
153 255
153 282
153 292
153 295
153 339
153 340
153 382
153 392
153 399
153 404
153 429
153 452
153 459
153 476
154 40
154 44
154 56
154 61
154 67
154 96
154 126
154 152
154 169
154 200
154 207
154 230
154 259
154 274
154 305
154 322
154 333
154 344
154 357
154 358
154 370
154 399
154 403
154 410
154 412
154 433
154 450
154 457
155 33
155 37
155 68
155 87
155 104
155 128
155 143
155 160
155 170
155 172
155 182
155 206
155 215
155 247
155 274
155 330
155 363
155 369
155 382
155 426
155 439
155 462
155 465
155 466
155 468
155 470
155 472
155 484
156 10
156 19
156 54
156 77
156 144
156 159
156 166
156 176
156 178
156 205
156 275
156 315
156 337
156 365
156 366
156 376
156 423
156 439
156 440
156 472
156 482
156 492
157 56
157 78
157 81
157 83
157 127
157 133
157 145
157 203
157 234
157 331
157 341
157 356
157 385
157 387
157 393
157 401
157 419
157 426
157 443
157 455
157 467
157 477
157 493
157 496
158 37
158 40
158 90
158 104
158 159
158 178
158 215
158 218
158 231
158 234
158 245
158 281
158 301
158 303
158 335
158 346
158 358
158 364
158 371
158 372
158 386
158 437
158 457
158 473
158 495
159 5
159 14
159 18
159 68
159 76
159 78
159 86
159 120
159 156
159 158
159 207
159 226
159 234
159 273
159 280
159 299
159 327
159 332
159 350
159 394
159 441
159 454
159 473
160 7
160 10
160 17
160 53
160 96
160 98
160 108
160 112
160 117
160 123
160 155
160 161
160 228
160 233
160 259
160 268
160 302
160 310
160 315
160 319
160 384
160 398
160 433
160 467
160 496
161 39
161 48
161 59
161 61
161 66
161 68
161 92
161 94
161 102
161 107
161 139
161 149
161 153
161 160
161 199
161 218
161 247
161 255
161 283
161 320
161 326
161 349
161 364
161 407
161 415
161 460
161 490
162 13
162 54
162 97
162 138
162 178
162 212
162 234
162 242
162 250
162 251
162 252
162 253
162 269
162 286
162 315
162 448
162 476
162 486
162 492
163 19
163 80
163 85
163 93
163 94
163 125
163 178
163 193
163 200
163 205
163 244
163 246
163 251
163 256
163 260
163 273
163 316
163 319
163 364
163 412
163 426
163 473
164 30
164 32
164 39
164 51
164 100
164 141
164 209
164 213
164 224
164 290
164 303
164 330
164 351
164 382
164 420
164 428
164 476
164 490
164 496
165 47
165 64
165 84
165 108
165 111
165 182
165 240
165 246
165 247
165 252
165 265
165 290
165 291
165 292
165 322
165 323
165 391
165 403
165 475
165 476
165 498
166 0
166 8
166 28
166 43
166 49
166 58
166 64
166 97
166 122
166 123
166 134
166 135
166 149
166 156
166 171
166 238
166 264
166 296
166 315
166 371
166 377
166 390
166 403
166 409
166 415
166 419
166 430
166 435
166 463
166 467
166 475
166 480
167 3
167 7
167 24
167 73
167 85
167 128
167 149
167 193
167 197
167 199
167 225
167 226
167 322
167 329
167 364
167 414
167 444
167 466
167 479
167 481
167 497
168 14
168 40
168 49
168 53
168 97
168 115
168 121
168 203
168 216
168 272
168 290
168 314
168 323
168 325
168 377
168 383
168 388
168 433
168 460
168 462
168 471
168 475
168 476
169 13
169 45
169 128
169 154
169 201
169 221
169 240
169 264
169 304
169 332
169 340
169 394
169 409
169 452
169 458
169 475
169 479
170 1
170 10
170 38
170 67
170 126
170 155
170 194
170 200
170 206
170 214
170 252
170 299
170 309
170 332
170 340
170 349
170 403
170 404
170 409
170 410
170 412
170 433
170 435
170 437
170 469
170 476
171 1
171 61
171 64
171 92
171 166
171 184
171 225
171 227
171 228
171 231
171 232
171 244
171 260
171 266
171 282
171 283
171 291
171 292
171 327
171 332
171 334
171 405
171 417
171 438
171 445
171 478
171 479
171 482
171 496
172 21
172 28
172 39
172 41
172 43
172 47
172 97
172 113
172 114
172 122
172 124
172 148
172 155
172 205
172 266
172 352
172 361
172 377
172 395
172 408
172 459
172 485
173 27
173 33
173 44
173 54
173 75
173 86
173 107
173 177
173 186
173 188
173 193
173 208
173 252
173 257
173 284
173 347
173 371
173 372
173 374
173 385
173 412
173 423
173 427
173 451
173 478
173 489
173 498
174 13
174 26
174 36
174 80
174 100
174 104
174 115
174 129
174 143
174 200
174 221
174 225
174 245
174 246
174 264
174 266
174 304
174 308
174 329
174 335
174 339
174 347
174 355
174 375
174 416
174 424
174 440
174 462
174 488
174 494
174 498
175 12
175 14
175 19
175 71
175 104
175 109
175 197
175 219
175 226
175 234
175 242
175 244
175 246
175 256
175 267
175 302
175 309
175 311
175 313
175 331
175 332
175 365
175 414
175 421
175 425
175 433
175 481
175 484
175 494
176 5
176 14
176 18
176 118
176 124
176 156
176 177
176 195
176 212
176 230
176 241
176 244
176 258
176 314
176 319
176 350
176 361
176 387
176 390
176 406
176 411
176 420
176 421
176 442
176 452
176 469
177 2
177 21
177 65
177 75
177 78
177 103
177 138
177 152
177 173
177 176
177 197
177 256
177 324
177 338
177 376
177 404
177 425
177 432
177 464
177 466
177 492
178 0
178 25
178 28
178 30
178 38
178 80
178 81
178 84
178 97
178 109
178 138
178 156
178 158
178 162
178 163
178 187
178 232
178 257
178 262
178 285
178 286
178 331
178 413
178 415
178 416
178 472
178 473
178 476
178 488
179 27
179 48
179 77
179 132
179 145
179 210
179 219
179 254
179 312
179 319
179 350
179 376
179 406
179 407
179 420
179 426
179 443
179 490
179 493
180 0
180 3
180 9
180 21
180 41
180 69
180 76
180 81
180 100
180 105
180 115
180 137
180 150
180 184
180 192
180 196
180 206
180 219
180 264
180 283
180 311
180 314
180 336
180 343
180 373
180 375
180 378
180 409
180 424
180 484
181 23
181 26
181 44
181 61
181 72
181 96
181 124
181 148
181 213
181 229
181 254
181 261
181 283
181 304
181 338
181 364
181 386
181 409
181 412
181 413
181 472
181 474
181 490
182 71
182 153
182 155
182 165
182 198
182 203
182 283
182 289
182 298
182 313
182 322
182 342
182 352
182 355
182 391
182 418
182 447
182 450
182 454
182 466
182 470
182 479
182 499
183 41
183 65
183 83
183 90
183 111
183 134
183 148
183 187
183 197
183 283
183 299
183 344
183 357
183 395
183 401
183 410
183 449
183 462
183 470
184 29
184 43
184 53
184 62
184 97
184 107
184 120
184 148
184 171
184 180
184 185
184 211
184 212
184 244
184 265
184 274
184 304
184 342
184 355
184 394
184 434
184 496
185 26
185 34
185 36
185 47
185 60
185 71
185 87
185 108
185 119
185 128
185 184
185 201
185 229
185 248
185 255
185 258
185 262
185 264
185 271
185 278
185 297
185 319
185 320
185 350
185 389
185 439
185 455
185 491
186 25
186 27
186 44
186 54
186 60
186 72
186 128
186 173
186 221
186 238
186 325
186 343
186 359
186 433
186 436
186 448
186 450
186 472
186 482
186 489
187 80
187 116
187 148
187 178
187 183
187 196
187 216
187 233
187 266
187 270
187 329
187 350
187 379
187 419
187 454
187 469
187 499
188 55
188 62
188 67
188 71
188 77
188 121
188 128
188 131
188 144
188 173
188 189
188 248
188 281
188 316
188 317
188 359
188 383
188 445
189 2
189 46
189 64
189 70
189 79
189 120
189 121
189 132
189 148
189 188
189 198
189 210
189 217
189 220
189 223
189 271
189 275
189 280
189 339
189 345
189 364
189 422
189 438
189 487
189 499
190 26
190 60
190 63
190 84
190 153
190 194
190 213
190 264
190 294
190 309
190 323
190 339
190 348
190 361
190 362
190 390
190 402
190 411
190 412
190 413
190 428
190 437
190 439
191 33
191 51
191 64
191 97
191 100
191 127
191 135
191 145
191 208
191 210
191 239
191 240
191 253
191 257
191 263
191 333
191 371
191 419
191 476
191 480
191 499
192 8
192 9
192 43
192 65
192 102
192 112
192 140
192 146
192 180
192 194
192 197
192 214
192 253
192 270
192 304
192 362
192 435
192 436
192 460
192 472
192 476
193 12
193 21
193 52
193 57
193 61
193 67
193 102
193 122
193 130
193 152
193 163
193 167
193 173
193 210
193 212
193 218
193 272
193 278
193 317
193 402
193 403
193 404
193 412
193 452
193 484
194 24
194 34
194 50
194 51
194 122
194 125
194 136
194 153
194 170
194 190
194 192
194 201
194 207
194 212
194 242
194 250
194 279
194 280
194 299
194 338
194 347
194 369
194 375
194 380
194 391
194 392
194 447
194 490
194 492
195 0
195 26
195 31
195 67
195 108
195 120
195 176
195 230
195 235
195 261
195 303
195 329
195 357
195 363
195 364
195 396
195 456
195 491
196 0
196 81
196 84
196 94
196 99
196 113
196 135
196 140
196 149
196 153
196 180
196 187
196 201
196 207
196 243
196 288
196 290
196 292
196 303
196 315
196 323
196 327
196 329
196 337
196 358
196 361
196 372
196 375
196 385
196 399
196 423
196 445
196 462
196 470
197 26
197 50
197 57
197 61
197 98
197 167
197 175
197 177
197 183
197 192
197 203
197 219
197 233
197 238
197 241
197 275
197 292
197 297
197 301
197 305
197 327
197 332
197 337
197 338
197 353
197 363
197 376
197 385
197 419
197 421
197 426
197 457
197 463
197 494
198 16
198 23
198 47
198 66
198 82
198 96
198 153
198 182
198 189
198 231
198 280
198 284
198 288
198 295
198 297
198 317
198 319
198 327
198 344
198 406
198 427
198 466
199 13
199 34
199 50
199 82
199 85
199 99
199 109
199 147
199 153
199 161
199 167
199 233
199 239
199 281
199 334
199 338
199 381
199 434
199 472
199 490
200 4
200 21
200 46
200 75
200 83
200 88
200 111
200 154
200 163
200 170
200 174
200 207
200 217
200 231
200 266
200 310
200 320
200 346
200 362
200 365
200 407
200 417
200 451
200 468
200 474
200 490
200 493
201 21
201 104
201 115
201 127
201 140
201 151
201 169
201 185
201 194
201 196
201 213
201 217
201 220
201 232
201 234
201 298
201 316
201 321
201 328
201 335
201 337
201 338
201 348
201 418
201 434
201 460
201 468
201 490
202 21
202 28
202 51
202 72
202 90
202 115
202 152
202 228
202 239
202 300
202 302
202 307
202 368
202 378
202 439
202 446
202 448
202 479
203 23
203 56
203 59
203 67
203 124
203 127
203 128
203 153
203 157
203 168
203 182
203 197
203 217
203 221
203 230
203 250
203 276
203 278
203 280
203 293
203 304
203 313
203 326
203 327
203 333
203 364
203 388
203 472
203 499
204 29
204 62
204 79
204 84
204 94
204 132
204 153
204 206
204 208
204 238
204 280
204 340
204 365
204 368
204 441
204 452
204 490
205 0
205 23
205 24
205 30
205 44
205 47
205 59
205 127
205 156
205 163
205 172
205 218
205 272
205 290
205 309
205 322
205 346
205 360
205 362
205 366
205 378
205 380
205 381
205 405
205 415
205 436
205 443
205 444
205 447
205 450
205 478
205 491
206 4
206 21
206 32
206 39
206 42
206 49
206 57
206 65
206 67
206 78
206 155
206 170
206 180
206 204
206 208
206 219
206 220
206 229
206 264
206 284
206 366
206 427
206 447
207 18
207 31
207 43
207 48
207 55
207 61
207 94
207 101
207 118
207 139
207 154
207 159
207 194
207 196
207 200
207 208
207 220
207 264
207 271
207 297
207 310
207 362
207 386
207 396
207 408
207 434
207 465
207 467
208 4
208 6
208 39
208 86
208 104
208 105
208 106
208 111
208 173
208 191
208 204
208 206
208 207
208 217
208 221
208 240
208 256
208 257
208 270
208 272
208 293
208 298
208 375
208 403
208 413
208 416
208 445
208 465
209 18
209 40
209 53
209 149
209 164
209 250
209 262
209 266
209 293
209 295
209 331
209 332
209 391
209 404
209 419
209 423
209 437
209 465
209 473
209 498
209 499
210 71
210 101
210 131
210 132
210 138
210 150
210 179
210 189
210 191
210 193
210 242
210 265
210 299
210 301
210 303
210 371
210 380
210 395
210 417
210 420
210 446
210 496
211 34
211 61
211 62
211 127
211 128
211 184
211 241
211 256
211 270
211 271
211 297
211 311
211 327
211 438
211 485
212 24
212 29
212 30
212 38
212 42
212 90
212 95
212 102
212 108
212 133
212 134
212 147
212 162
212 176
212 184
212 193
212 194
212 236
212 259
212 260
212 281
212 282
212 331
212 354
212 373
212 409
212 487
212 488
213 12
213 29
213 42
213 43
213 53
213 135
213 141
213 164
213 181
213 190
213 201
213 278
213 284
213 305
213 353
213 422
213 428
213 431
213 483
213 497
213 498
214 15
214 44
214 51
214 85
214 113
214 114
214 118
214 123
214 145
214 149
214 170
214 192
214 219
214 256
214 269
214 276
214 291
214 293
214 295
214 305
214 333
214 337
214 364
214 377
214 390
214 401
214 418
215 19
215 27
215 31
215 70
215 81
215 85
215 121
215 126
215 128
215 155
215 158
215 222
215 238
215 240
215 257
215 267
215 278
215 300
215 314
215 318
215 320
215 326
215 352
215 379
215 437
215 448
215 465
215 485
216 5
216 25
216 42
216 57
216 75
216 94
216 135
216 140
216 168
216 187
216 224
216 239
216 252
216 253
216 262
216 299
216 321
216 324
216 325
216 331
216 350
216 409
216 429
216 436
216 443
216 453
217 13
217 17
217 30
217 48
217 67
217 69
217 79
217 103
217 109
217 121
217 125
217 189
217 200
217 201
217 203
217 208
217 235
217 252
217 257
217 260
217 271
217 278
217 333
217 337
217 342
217 368
217 406
217 447
217 453
217 456
217 461
217 482
217 483
217 491
217 494
217 495
218 16
218 34
218 45
218 87
218 139
218 143
218 153
218 158
218 161
218 193
218 205
218 259
218 336
218 344
218 393
218 469
218 473
218 489
219 3
219 16
219 24
219 42
219 45
219 59
219 73
219 134
219 150
219 175
219 179
219 180
219 197
219 206
219 214
219 234
219 255
219 261
219 272
219 275
219 296
219 298
219 324
219 345
219 360
219 370
219 383
219 413
219 414
219 444
219 491
220 2
220 4
220 12
220 14
220 37
220 57
220 73
220 78
220 96
220 99
220 148
220 189
220 201
220 206
220 207
220 233
220 278
220 285
220 319
220 323
220 342
220 356
220 369
220 389
220 391
220 397
220 491
221 33
221 58
221 67
221 117
221 130
221 143
221 146
221 169
221 174
221 186
221 203
221 208
221 234
221 235
221 246
221 249
221 256
221 270
221 313
221 333
221 350
221 375
221 390
221 429
221 446
221 451
221 470
222 6
222 54
222 73
222 96
222 108
222 133
222 134
222 147
222 215
222 234
222 238
222 240
222 256
222 268
222 288
222 311
222 330
222 350
222 355
222 375
222 382
222 388
222 389
222 396
222 411
222 414
222 451
222 457
222 480
222 491
223 11
223 14
223 20
223 80
223 98
223 189
223 253
223 257
223 267
223 268
223 370
223 383
223 402
223 414
223 418
223 423
223 440
223 441
223 466
223 468
223 470
223 492
224 30
224 37
224 59
224 89
224 94
224 135
224 164
224 216
224 244
224 245
224 277
224 291
224 317
224 346
224 355
224 367
224 374
224 393
224 397
224 438
224 468
225 80
225 87
225 88
225 114
225 119
225 146
225 167
225 171
225 174
225 247
225 271
225 277
225 318
225 344
225 372
225 379
225 400
225 444
225 457
225 468
225 469
226 32
226 63
226 89
226 106
226 124
226 135
226 159
226 167
226 175
226 310
226 314
226 337
226 366
226 392
226 415
226 459
226 476
226 495
227 30
227 44
227 64
227 66
227 67
227 76
227 85
227 101
227 121
227 134
227 143
227 171
227 231
227 232
227 254
227 334
227 362
227 419
227 424
227 459
227 479
227 486
227 488
228 15
228 56
228 66
228 68
228 101
228 160
228 171
228 202
228 239
228 251
228 266
228 287
228 309
228 322
228 395
228 402
228 434
228 439
228 446
228 447
228 449
228 464
228 468
229 4
229 71
229 83
229 103
229 113
229 131
229 147
229 181
229 185
229 206
229 234
229 249
229 281
229 282
229 292
229 301
229 315
229 317
229 346
229 357
229 403
229 404
229 426
229 428
229 445
230 19
230 24
230 34
230 36
230 69
230 113
230 120
230 132
230 151
230 154
230 176
230 195
230 203
230 234
230 241
230 248
230 252
230 280
230 290
230 297
230 302
230 306
230 310
230 320
230 331
230 336
230 341
230 349
230 375
230 395
230 437
230 485
230 488
231 75
231 90
231 117
231 125
231 158
231 171
231 198
231 200
231 227
231 238
231 244
231 276
231 279
231 298
231 344
231 374
231 399
231 408
231 427
231 441
231 459
231 470
231 496
232 33
232 35
232 39
232 84
232 88
232 99
232 129
232 171
232 178
232 201
232 227
232 235
232 243
232 251
232 284
232 299
232 317
232 326
232 335
232 356
232 397
232 399
232 408
232 423
232 435
232 449
232 451
232 454
232 462
232 469
233 3
233 23
233 36
233 41
233 48
233 49
233 66
233 77
233 129
233 135
233 160
233 187
233 197
233 199
233 220
233 236
233 246
233 316
233 317
233 319
233 331
233 373
233 383
233 388
233 405
233 416
233 429
233 431
233 445
233 476
234 12
234 54
234 80
234 83
234 98
234 105
234 126
234 133
234 139
234 144
234 146
234 151
234 157
234 158
234 159
234 162
234 175
234 201
234 219
234 221
234 222
234 229
234 230
234 248
234 254
234 258
234 287
234 289
234 290
234 301
234 315
234 350
234 390
234 401
234 417
234 425
234 447
234 486
234 490
235 22
235 44
235 54
235 58
235 59
235 110
235 146
235 147
235 195
235 217
235 221
235 232
235 269
235 282
235 345
235 352
235 393
235 425
235 459
235 467
235 492
236 1
236 37
236 43
236 72
236 75
236 83
236 89
236 93
236 126
236 152
236 212
236 233
236 290
236 293
236 295
236 301
236 308
236 310
236 317
236 319
236 323
236 380
236 394
236 396
236 427
236 444
236 450
236 460
236 496
237 1
237 21
237 26
237 30
237 55
237 60
237 65
237 77
237 152
237 153
237 238
237 245
237 248
237 252
237 292
237 322
237 331
237 332
237 340
237 348
237 382
237 392
237 394
237 403
237 421
237 478
237 497
238 8
238 13
238 40
238 61
238 63
238 97
238 118
238 128
238 166
238 186
238 197
238 204
238 215
238 222
238 231
238 237
238 239
238 257
238 277
238 295
238 333
238 348
238 352
238 369
238 380
238 389
238 410
238 414
238 469
238 492
239 1
239 27
239 57
239 148
239 149
239 191
239 199
239 202
239 216
239 228
239 238
239 241
239 247
239 266
239 324
239 358
239 400
239 420
239 422
239 442
239 470
239 482
240 0
240 9
240 36
240 39
240 43
240 47
240 85
240 165
240 169
240 191
240 208
240 215
240 222
240 242
240 293
240 321
240 352
240 356
240 367
240 398
240 427
240 435
240 468
240 472
240 488
241 39
241 63
241 80
241 128
241 151
241 152
241 176
241 197
241 211
241 230
241 239
241 276
241 334
241 348
241 376
241 385
241 393
241 407
241 417
241 421
241 445
241 484
242 24
242 29
242 30
242 45
242 67
242 75
242 109
242 152
242 162
242 175
242 194
242 210
242 240
242 254
242 282
242 412
242 414
242 468
242 494
243 6
243 12
243 50
243 196
243 232
243 280
243 287
243 294
243 312
243 324
243 346
243 351
243 364
243 402
243 411
243 419
243 458
243 466
243 475
243 499
244 20
244 33
244 59
244 77
244 83
244 98
244 112
244 115
244 116
244 127
244 131
244 133
244 143
244 163
244 171
244 175
244 176
244 184
244 224
244 231
244 248
244 284
244 311
244 339
244 353
244 361
244 381
244 391
244 395
244 398
244 429
244 444
244 484
245 16
245 22
245 50
245 52
245 92
245 99
245 104
245 110
245 130
245 138
245 145
245 147
245 149
245 150
245 158
245 174
245 224
245 237
245 262
245 268
245 275
245 295
245 306
245 319
245 357
245 364
245 369
245 419
245 432
245 436
245 451
245 480
245 482
245 493
246 12
246 22
246 31
246 36
246 53
246 89
246 93
246 94
246 99
246 120
246 137
246 139
246 148
246 163
246 165
246 174
246 175
246 221
246 233
246 290
246 309
246 310
246 320
246 339
246 359
246 367
246 393
246 402
246 412
246 417
246 453
246 467
247 20
247 50
247 62
247 106
247 109
247 133
247 149
247 153
247 155
247 161
247 165
247 225
247 239
247 272
247 310
247 313
247 322
247 335
247 336
247 351
247 381
247 390
247 423
247 424
247 437
247 440
247 441
247 451
247 455
247 459
247 478
247 497
248 10
248 15
248 21
248 89
248 136
248 150
248 185
248 188
248 230
248 234
248 237
248 244
248 286
248 321
248 346
248 363
248 378
248 414
248 476
248 489
248 497
249 35
249 40
249 46
249 54
249 59
249 68
249 85
249 106
249 112
249 114
249 117
249 221
249 229
249 260
249 264
249 303
249 304
249 305
249 323
249 326
249 343
249 356
249 404
249 413
249 435
249 449
249 457
249 485
250 61
250 82
250 87
250 89
250 103
250 130
250 139
250 153
250 162
250 194
250 203
250 209
250 280
250 302
250 317
250 318
250 325
250 399
250 407
250 427
250 444
250 445
250 446
250 487
250 490
251 15
251 24
251 28
251 44
251 162
251 163
251 228
251 232
251 282
251 288
251 353
251 364
251 369
251 375
251 390
251 391
251 393
251 408
251 419
251 455
251 469
251 470
251 471
252 44
252 71
252 86
252 108
252 120
252 133
252 162
252 165
252 170
252 173
252 216
252 217
252 230
252 237
252 283
252 305
252 362
252 375
252 416
252 474
253 11
253 79
253 112
253 114
253 146
253 162
253 191
253 192
253 216
253 223
253 280
253 283
253 287
253 288
253 290
253 303
253 347
253 357
253 368
253 397
253 407
253 424
253 435
253 467
253 479
253 497
254 1
254 11
254 16
254 53
254 103
254 108
254 125
254 179
254 181
254 227
254 234
254 242
254 256
254 261
254 277
254 336
254 341
254 388
254 405
254 406
254 442
254 444
254 489
255 62
255 72
255 97
255 127
255 141
255 143
255 153
255 161
255 185
255 219
255 267
255 273
255 285
255 290
255 334
255 369
255 375
255 439
256 9
256 24
256 31
256 68
256 91
256 99
256 122
256 138
256 150
256 163
256 175
256 177
256 208
256 211
256 214
256 221
256 222
256 254
256 259
256 315
256 319
256 326
256 333
256 381
256 382
256 390
256 398
256 445
256 456
256 468
256 470
256 480
256 497
257 6
257 27
257 71
257 95
257 104
257 119
257 123
257 173
257 178
257 191
257 208
257 215
257 217
257 223
257 238
257 263
257 276
257 278
257 284
257 286
257 291
257 309
257 310
257 352
257 365
257 415
257 418
257 468
257 470
257 473
257 483
258 14
258 15
258 16
258 27
258 78
258 82
258 152
258 176
258 185
258 234
258 297
258 313
258 343
258 371
258 382
258 388
258 391
258 428
258 450
258 451
258 463
258 476
258 481
258 483
258 487
258 492
258 494
259 11
259 57
259 65
259 69
259 125
259 129
259 154
259 160
259 212
259 218
259 256
259 264
259 267
259 272
259 293
259 301
259 312
259 325
259 343
259 415
259 423
259 430
259 432
259 433
259 488
260 30
260 59
260 113
260 143
260 163
260 171
260 212
260 217
260 249
260 278
260 279
260 283
260 284
260 286
260 387
260 420
260 448
260 472
260 476
260 482
260 490
261 6
261 9
261 22
261 51
261 64
261 112
261 122
261 129
261 149
261 151
261 181
261 195
261 219
261 254
261 343
261 435
261 445
261 457
261 469
261 475
262 10
262 21
262 41
262 49
262 68
262 125
262 178
262 185
262 209
262 216
262 245
262 274
262 279
262 289
262 314
262 324
262 328
262 353
262 392
262 408
262 430
262 456
262 463
262 474
262 480
262 496
263 1
263 53
263 76
263 101
263 136
263 191
263 257
263 265
263 269
263 292
263 297
263 309
263 353
263 354
263 373
263 415
263 417
263 479
263 484
263 490
264 42
264 49
264 145
264 166
264 169
264 174
264 180
264 185
264 190
264 206
264 207
264 249
264 259
264 265
264 272
264 300
264 306
264 323
264 333
264 344
264 351
264 355
264 383
264 389
264 414
264 429
264 443
264 459
264 476
264 486
265 79
265 84
265 128
265 138
265 140
265 148
265 165
265 184
265 210
265 263
265 264
265 285
265 310
265 319
265 336
265 337
265 406
265 411
265 422
265 429
265 444
265 478
265 492
265 494
266 16
266 44
266 48
266 60
266 88
266 94
266 132
266 138
266 139
266 171
266 172
266 174
266 187
266 200
266 209
266 228
266 239
266 301
266 302
266 314
266 319
266 325
266 327
266 342
266 343
266 346
266 358
266 392
266 404
266 422
266 461
266 463
266 481
267 27
267 32
267 70
267 88
267 175
267 215
267 223
267 255
267 259
267 270
267 284
267 298
267 321
267 329
267 346
267 412
267 431
267 453
267 461
267 468
267 490
268 21
268 34
268 48
268 80
268 86
268 98
268 109
268 133
268 139
268 160
268 222
268 223
268 245
268 286
268 292
268 293
268 307
268 308
268 397
268 428
268 438
268 448
268 455
268 479
268 483
269 3
269 5
269 8
269 19
269 25
269 43
269 92
269 113
269 145
269 162
269 214
269 235
269 263
269 307
269 318
269 419
269 452
269 463
269 465
269 478
270 24
270 39
270 80
270 98
270 123
270 128
270 141
270 143
270 187
270 192
270 208
270 211
270 221
270 267
270 331
270 335
270 338
270 341
270 355
270 356
270 365
270 374
270 433
270 494
271 20
271 23
271 37
271 40
271 49
271 72
271 108
271 115
271 130
271 136
271 185
271 189
271 207
271 211
271 217
271 225
271 272
271 285
271 320
271 336
271 357
271 440
271 465
271 481
272 5
272 150
272 168
272 193
272 205
272 208
272 219
272 247
272 259
272 264
272 271
272 276
272 308
272 309
272 323
272 357
272 363
272 374
272 396
272 398
272 440
272 452
273 3
273 61
273 63
273 73
273 84
273 110
273 144
273 159
273 163
273 255
273 281
273 303
273 312
273 321
273 386
273 393
273 430
273 472
274 22
274 32
274 34
274 35
274 62
274 89
274 105
274 108
274 126
274 129
274 154
274 155
274 184
274 262
274 292
274 293
274 332
274 349
274 386
274 390
274 393
274 445
274 446
274 493
275 1
275 36
275 39
275 64
275 120
275 152
275 156
275 189
275 197
275 219
275 245
275 333
275 357
275 362
275 364
275 366
275 387
275 388
275 449
275 464
275 488
275 495
276 25
276 28
276 53
276 79
276 91
276 203
276 214
276 231
276 241
276 257
276 272
276 322
276 351
276 355
276 367
276 377
276 409
276 446
276 451
276 488
276 489
277 30
277 34
277 57
277 102
277 113
277 119
277 125
277 151
277 224
277 225
277 238
277 254
277 281
277 293
277 312
277 331
277 335
277 343
277 372
277 382
277 388
277 394
277 410
277 438
277 448
277 464
277 466
278 26
278 62
278 67
278 96
278 125
278 140
278 185
278 193
278 203
278 213
278 215
278 217
278 220
278 257
278 260
278 286
278 290
278 300
278 319
278 332
278 362
278 369
278 378
278 399
278 411
278 417
278 439
278 440
278 442
279 10
279 54
279 81
279 88
279 104
279 125
279 132
279 142
279 194
279 231
279 260
279 262
279 305
279 314
279 318
279 345
279 369
279 371
279 378
279 391
279 402
279 431
279 479
280 51
280 92
280 102
280 159
280 189
280 194
280 198
280 203
280 204
280 230
280 243
280 250
280 253
280 282
280 333
280 409
280 426
280 438
280 469
280 478
280 480
280 491
281 5
281 6
281 26
281 78
281 82
281 86
281 96
281 98
281 103
281 122
281 139
281 146
281 147
281 158
281 188
281 199
281 212
281 229
281 273
281 277
281 282
281 317
281 326
281 369
281 374
281 394
281 401
281 420
281 440
281 441
281 446
281 462
281 469
281 479
281 483
282 19
282 23
282 28
282 57
282 85
282 94
282 109
282 119
282 149
282 153
282 171
282 212
282 229
282 235
282 242
282 251
282 280
282 281
282 284
282 295
282 309
282 324
282 328
282 350
282 394
282 411
282 416
282 425
282 440
282 461
282 462
282 490
283 10
283 83
283 86
283 131
283 144
283 161
283 171
283 180
283 181
283 182
283 183
283 252
283 253
283 260
283 284
283 285
283 308
283 344
283 392
283 423
283 442
283 467
283 481
283 482
283 496
284 12
284 15
284 35
284 56
284 81
284 112
284 135
284 173
284 198
284 206
284 213
284 232
284 244
284 257
284 260
284 267
284 282
284 283
284 285
284 293
284 296
284 327
284 330
284 340
284 357
284 412
284 438
284 450
284 453
284 459
284 481
284 496
285 0
285 57
285 65
285 108
285 114
285 122
285 133
285 178
285 220
285 255
285 265
285 271
285 283
285 284
285 289
285 306
285 311
285 336
285 340
285 346
285 351
285 353
285 384
285 410
285 490
285 491
285 495
286 0
286 7
286 15
286 23
286 73
286 83
286 84
286 103
286 142
286 145
286 162
286 178
286 248
286 257
286 260
286 268
286 278
286 303
286 316
286 365
286 373
286 381
286 436
286 456
286 461
286 465
286 475
286 495
287 7
287 39
287 66
287 72
287 127
287 228
287 234
287 243
287 253
287 290
287 307
287 318
287 319
287 348
287 361
287 411
287 436
287 453
287 496
288 10
288 50
288 55
288 90
288 124
288 126
288 196
288 198
288 222
288 251
288 253
288 368
288 378
288 392
288 399
288 440
288 481
288 488
288 492
289 9
289 72
289 85
289 95
289 96
289 98
289 106
289 123
289 147
289 182
289 234
289 262
289 285
289 310
289 375
289 406
289 409
289 417
289 446
290 19
290 27
290 36
290 59
290 107
290 131
290 133
290 164
290 165
290 168
290 196
290 205
290 230
290 234
290 236
290 246
290 253
290 255
290 278
290 287
290 291
290 305
290 331
290 416
290 430
290 437
290 460
290 481
291 5
291 12
291 17
291 19
291 21
291 26
291 27
291 58
291 74
291 118
291 165
291 171
291 214
291 224
291 257
291 290
291 307
291 313
291 338
291 343
291 383
291 410
291 423
291 427
291 431
291 478
291 479
291 483
291 484
292 13
292 109
292 111
292 126
292 133
292 135
292 145
292 150
292 153
292 165
292 171
292 196
292 197
292 229
292 237
292 263
292 268
292 274
292 359
292 369
292 394
292 400
292 406
292 416
292 463
292 476
292 484
293 8
293 15
293 27
293 30
293 51
293 57
293 77
293 91
293 103
293 121
293 138
293 203
293 208
293 209
293 214
293 236
293 240
293 259
293 268
293 274
293 277
293 284
293 328
293 347
293 370
293 376
293 424
293 425
293 439
293 441
293 448
293 469
294 16
294 28
294 47
294 67
294 72
294 79
294 100
294 124
294 190
294 243
294 308
294 318
294 327
294 329
294 357
294 371
294 381
294 389
294 468
294 482
294 493
295 101
295 103
295 119
295 122
295 153
295 198
295 209
295 214
295 236
295 238
295 245
295 282
295 309
295 391
295 397
296 16
296 25
296 41
296 54
296 89
296 114
296 166
296 219
296 284
296 324
296 325
296 379
296 381
296 398
296 412
296 427
296 439
296 444
296 454
296 462
296 466
297 6
297 38
297 58
297 63
297 78
297 80
297 92
297 106
297 123
297 126
297 138
297 185
297 197
297 198
297 207
297 211
297 230
297 258
297 263
297 313
297 338
297 356
297 357
297 359
297 362
297 373
297 382
297 419
297 422
297 493
298 25
298 26
298 42
298 65
298 81
298 96
298 104
298 107
298 134
298 137
298 182
298 201
298 208
298 219
298 231
298 267
298 301
298 308
298 344
298 350
298 393
298 398
298 400
298 408
298 450
298 494
299 27
299 28
299 80
299 101
299 119
299 130
299 151
299 159
299 170
299 183
299 194
299 210
299 216
299 232
299 308
299 310
299 326
299 336
299 392
299 458
299 461
300 40
300 59
300 64
300 73
300 81
300 104
300 119
300 143
300 144
300 202
300 215
300 264
300 278
300 318
300 322
300 347
300 356
300 380
300 383
300 385
300 432
300 438
300 448
300 485
300 489
300 498
301 1
301 45
301 68
301 89
301 105
301 125
301 132
301 152
301 158
301 197
301 210
301 229
301 234
301 236
301 259
301 266
301 298
301 337
301 348
301 369
301 372
301 376
301 406
301 431
301 434
301 448
301 449
301 457
301 467
301 474
301 476
302 32
302 41
302 59
302 146
302 160
302 175
302 202
302 230
302 250
302 266
302 321
302 345
302 349
302 429
302 447
302 458
302 468
302 488
302 496
303 28
303 34
303 45
303 87
303 99
303 136
303 137
303 158
303 164
303 195
303 196
303 210
303 249
303 253
303 273
303 286
303 353
303 370
303 373
303 388
303 394
303 412
303 445
303 460
303 466
303 494
303 495
304 32
304 48
304 68
304 89
304 120
304 169
304 174
304 181
304 184
304 192
304 203
304 249
304 309
304 330
304 332
304 341
304 414
304 458
305 15
305 74
305 76
305 83
305 100
305 106
305 127
305 154
305 197
305 213
305 214
305 249
305 252
305 279
305 290
305 344
305 366
305 385
305 398
305 427
305 430
305 433
305 442
305 472
306 4
306 36
306 90
306 94
306 122
306 136
306 230
306 245
306 264
306 285
306 333
306 347
306 356
306 370
306 378
306 386
306 403
306 413
306 452
306 454
306 474
306 489
307 53
307 55
307 88
307 91
307 92
307 106
307 107
307 121
307 202
307 268
307 269
307 287
307 291
307 344
307 353
307 354
307 355
307 431
307 439
307 465
307 474
307 480
307 484
307 487
307 488
307 495
308 26
308 42
308 52
308 61
308 75
308 89
308 98
308 120
308 124
308 127
308 174
308 236
308 268
308 272
308 283
308 294
308 298
308 299
308 335
308 355
308 357
308 360
308 379
308 390
308 403
308 420
308 461
308 491
309 44
309 48
309 69
309 93
309 106
309 117
309 130
309 145
309 170
309 175
309 190
309 205
309 228
309 246
309 257
309 263
309 272
309 282
309 295
309 304
309 311
309 329
309 343
309 358
309 363
309 373
309 406
309 421
309 438
309 441
309 475
309 478
309 487
309 489
310 2
310 33
310 104
310 136
310 160
310 200
310 207
310 226
310 230
310 236
310 246
310 247
310 257
310 265
310 289
310 299
310 337
310 355
310 385
310 412
310 455
310 467
310 472
310 487
310 488
310 494
311 49
311 70
311 79
311 93
311 101
311 109
311 144
311 175
311 180
311 211
311 222
311 244
311 285
311 309
311 333
311 338
311 358
311 405
311 483
312 8
312 23
312 29
312 30
312 47
312 81
312 91
312 112
312 131
312 139
312 142
312 179
312 243
312 259
312 273
312 277
312 313
312 352
312 358
312 386
312 417
312 453
312 457
312 470
312 476
313 27
313 43
313 80
313 120
313 131
313 175
313 182
313 203
313 221
313 247
313 258
313 291
313 297
313 312
313 317
313 318
313 322
313 343
313 347
313 357
313 364
313 392
313 396
313 417
313 433
313 476
313 487
314 15
314 20
314 38
314 45
314 49
314 99
314 112
314 118
314 130
314 168
314 176
314 180
314 215
314 226
314 262
314 266
314 279
314 315
314 336
314 363
314 417
314 436
314 475
315 1
315 27
315 28
315 124
315 126
315 134
315 147
315 156
315 160
315 162
315 166
315 196
315 229
315 234
315 256
315 314
315 317
315 320
315 387
315 390
315 421
315 435
315 442
315 490
316 9
316 18
316 37
316 65
316 79
316 83
316 98
316 133
316 163
316 188
316 201
316 233
316 286
316 320
316 324
316 338
316 372
316 373
316 429
316 430
316 431
316 483
316 487
317 21
317 45
317 52
317 60
317 128
317 131
317 188
317 193
317 198
317 224
317 229
317 232
317 233
317 236
317 250
317 281
317 313
317 315
317 333
317 349
317 353
317 368
317 410
317 483
318 28
318 49
318 118
318 124
318 126
318 145
318 215
318 225
318 250
318 269
318 279
318 287
318 294
318 300
318 313
318 349
318 386
318 403
318 415
318 424
318 455
319 10
319 44
319 56
319 60
319 71
319 86
319 106
319 160
319 163
319 176
319 179
319 185
319 198
319 220
319 233
319 236
319 245
319 256
319 265
319 266
319 278
319 287
319 329
319 346
319 348
319 365
319 375
319 384
319 386
319 433
319 450
320 14
320 22
320 30
320 84
320 126
320 131
320 137
320 161
320 185
320 200
320 215
320 230
320 246
320 271
320 315
320 316
320 444
320 462
321 8
321 16
321 26
321 43
321 96
321 201
321 216
321 240
321 248
321 267
321 273
321 302
321 337
321 351
321 353
321 379
321 413
321 420
321 425
321 447
321 454
321 460
321 477
321 478
322 0
322 33
322 37
322 41
322 42
322 96
322 102
322 106
322 117
322 154
322 165
322 167
322 182
322 205
322 228
322 237
322 247
322 276
322 300
322 313
322 353
322 420
322 443
322 444
322 485
323 12
323 20
323 21
323 46
323 103
323 105
323 116
323 165
323 168
323 190
323 196
323 220
323 236
323 249
323 264
323 272
323 326
323 333
323 349
323 353
323 362
323 371
323 373
323 378
323 381
323 435
323 445
323 453
323 454
323 484
324 3
324 15
324 39
324 59
324 64
324 132
324 141
324 177
324 216
324 219
324 239
324 243
324 262
324 282
324 296
324 316
324 342
324 348
324 418
324 433
324 442
324 458
324 467
324 472
324 476
324 481
324 482
324 488
325 6
325 28
325 32
325 48
325 52
325 82
325 131
325 168
325 186
325 216
325 250
325 259
325 266
325 296
325 339
325 346
325 386
325 427
325 428
325 429
325 445
325 450
325 465
326 5
326 36
326 40
326 52
326 54
326 66
326 70
326 118
326 161
326 203
326 215
326 232
326 249
326 256
326 281
326 299
326 323
326 335
326 339
326 358
326 360
326 401
326 435
326 438
326 458
326 479
326 494
327 51
327 58
327 70
327 83
327 115
327 144
327 159
327 171
327 196
327 197
327 198
327 203
327 211
327 266
327 284
327 294
327 329
327 339
327 393
327 398
327 414
327 447
327 469
327 499
328 10
328 19
328 58
328 63
328 92
328 122
328 138
328 201
328 262
328 282
328 293
328 341
328 369
328 372
328 387
328 394
328 400
328 452
328 490
329 12
329 39
329 45
329 50
329 60
329 74
329 102
329 107
329 139
329 141
329 167
329 174
329 187
329 195
329 196
329 267
329 294
329 309
329 319
329 327
329 386
329 393
329 396
329 398
329 405
329 414
329 422
329 449
330 5
330 13
330 20
330 22
330 39
330 44
330 46
330 97
330 107
330 122
330 125
330 143
330 155
330 164
330 222
330 284
330 304
330 370
330 383
330 386
330 391
330 397
330 410
330 448
330 461
330 493
331 7
331 26
331 68
331 92
331 93
331 104
331 114
331 125
331 132
331 145
331 157
331 175
331 178
331 209
331 212
331 216
331 230
331 233
331 237
331 270
331 277
331 290
331 385
331 392
331 408
331 472
331 479
331 482
332 9
332 19
332 71
332 87
332 105
332 131
332 135
332 151
332 159
332 169
332 170
332 171
332 175
332 197
332 209
332 237
332 274
332 278
332 304
332 354
332 365
332 372
332 373
332 413
332 493
333 14
333 28
333 39
333 54
333 85
333 88
333 132
333 154
333 191
333 203
333 214
333 217
333 221
333 238
333 256
333 264
333 275
333 280
333 306
333 311
333 317
333 323
333 344
333 350
333 352
333 353
333 404
333 408
333 417
333 470
333 477
333 486
333 487
334 64
334 94
334 101
334 171
334 199
334 227
334 241
334 255
334 360
334 361
334 368
334 370
334 384
334 395
334 397
334 401
334 469
335 11
335 29
335 44
335 64
335 68
335 82
335 97
335 106
335 117
335 138
335 158
335 174
335 201
335 232
335 247
335 270
335 277
335 308
335 326
335 336
335 350
335 365
335 382
335 420
335 439
335 462
335 487
335 490
335 493
336 4
336 34
336 44
336 46
336 62
336 64
336 84
336 89
336 101
336 103
336 110
336 146
336 180
336 218
336 230
336 247
336 254
336 265
336 271
336 285
336 299
336 314
336 335
336 339
336 397
336 398
336 426
336 438
336 457
336 479
336 480
337 5
337 27
337 32
337 45
337 51
337 52
337 68
337 86
337 106
337 139
337 151
337 156
337 196
337 197
337 201
337 214
337 217
337 226
337 265
337 301
337 310
337 321
337 346
337 403
337 423
337 441
337 468
337 484
338 45
338 63
338 77
338 83
338 177
338 181
338 194
338 197
338 199
338 201
338 270
338 291
338 297
338 311
338 316
338 343
338 346
338 362
338 386
338 407
338 408
338 417
338 420
338 424
338 439
338 499
339 11
339 20
339 36
339 73
339 99
339 102
339 153
339 174
339 189
339 190
339 244
339 246
339 325
339 326
339 327
339 336
339 381
339 394
339 401
339 416
339 436
339 441
339 445
339 465
339 481
340 41
340 60
340 92
340 116
340 140
340 153
340 169
340 170
340 204
340 237
340 284
340 285
340 345
340 361
340 363
340 374
340 411
340 418
340 452
340 480
341 7
341 19
341 48
341 143
341 157
341 230
341 254
341 270
341 304
341 328
341 350
341 361
341 369
341 419
341 433
341 445
341 461
342 45
342 48
342 98
342 126
342 130
342 148
342 182
342 184
342 217
342 220
342 266
342 324
342 397
342 442
342 451
343 14
343 25
343 37
343 41
343 81
343 98
343 100
343 101
343 108
343 114
343 141
343 180
343 186
343 249
343 258
343 259
343 261
343 266
343 277
343 291
343 309
343 313
343 338
343 354
343 357
343 372
343 375
343 409
343 428
343 430
343 444
343 448
343 459
343 462
343 472
343 478
344 69
344 101
344 154
344 183
344 198
344 218
344 225
344 231
344 264
344 283
344 298
344 305
344 307
344 333
344 371
344 430
344 440
344 457
344 459
344 462
345 1
345 28
345 31
345 33
345 53
345 64
345 66
345 68
345 75
345 102
345 115
345 119
345 124
345 132
345 135
345 151
345 189
345 219
345 235
345 279
345 302
345 340
345 372
345 388
345 390
345 413
345 431
345 441
345 470
346 88
346 91
346 111
346 133
346 158
346 200
346 205
346 224
346 229
346 243
346 248
346 266
346 267
346 285
346 319
346 325
346 337
346 338
346 484
346 487
347 17
347 20
347 45
347 52
347 54
347 56
347 62
347 79
347 100
347 110
347 136
347 146
347 148
347 173
347 174
347 194
347 253
347 293
347 300
347 306
347 313
347 353
347 362
347 392
347 460
347 464
347 471
347 484
347 496
348 26
348 38
348 39
348 49
348 76
348 84
348 85
348 94
348 144
348 190
348 201
348 237
348 238
348 241
348 287
348 301
348 319
348 324
348 393
348 413
348 419
348 423
348 451
349 1
349 26
349 36
349 45
349 115
349 119
349 130
349 140
349 161
349 170
349 230
349 274
349 302
349 317
349 318
349 323
349 362
349 379
349 387
349 400
349 427
349 465
349 484
350 47
350 48
350 61
350 65
350 67
350 70
350 79
350 108
350 115
350 127
350 145
350 159
350 176
350 179
350 185
350 187
350 216
350 221
350 222
350 234
350 282
350 298
350 333
350 335
350 341
350 364
350 373
350 377
350 413
350 428
350 444
350 448
350 453
350 456
351 4
351 6
351 9
351 22
351 37
351 79
351 105
351 107
351 112
351 117
351 145
351 164
351 243
351 247
351 264
351 276
351 285
351 321
351 354
351 367
351 370
351 393
351 420
351 427
351 434
351 455
351 471
351 475
352 31
352 41
352 87
352 115
352 145
352 172
352 182
352 215
352 235
352 238
352 240
352 257
352 312
352 333
352 359
352 389
352 401
352 407
352 436
352 467
352 493
352 497
353 47
353 74
353 87
353 90
353 97
353 100
353 105
353 110
353 114
353 115
353 116
353 136
353 197
353 213
353 244
353 251
353 262
353 263
353 285
353 303
353 307
353 317
353 321
353 322
353 323
353 333
353 347
353 364
353 382
353 446
353 471
353 477
353 489
353 495
354 4
354 60
354 72
354 74
354 80
354 85
354 117
354 142
354 212
354 263
354 307
354 332
354 343
354 351
354 364
354 388
354 465
355 24
355 25
355 30
355 47
355 54
355 55
355 66
355 70
355 103
355 104
355 119
355 127
355 129
355 134
355 174
355 182
355 184
355 222
355 224
355 264
355 270
355 276
355 307
355 308
355 310
355 408
355 475
356 0
356 10
356 44
356 45
356 46
356 76
356 140
356 157
356 220
356 232
356 240
356 249
356 270
356 297
356 300
356 306
356 358
356 360
356 370
356 375
356 412
356 419
356 450
356 467
356 488
356 491
357 33
357 84
357 130
357 143
357 148
357 154
357 183
357 195
357 229
357 245
357 253
357 271
357 272
357 275
357 284
357 294
357 297
357 308
357 313
357 343
357 379
357 413
357 436
357 448
357 489
358 52
358 63
358 98
358 112
358 135
358 139
358 154
358 158
358 196
358 239
358 266
358 309
358 311
358 312
358 326
358 356
358 401
358 441
358 480
359 36
359 77
359 81
359 92
359 122
359 147
359 148
359 149
359 186
359 188
359 246
359 292
359 297
359 352
359 378
359 382
359 386
359 395
359 411
359 423
359 446
359 459
359 468
359 473
359 496
360 12
360 39
360 61
360 64
360 97
360 103
360 109
360 124
360 132
360 133
360 141
360 205
360 219
360 308
360 326
360 334
360 356
360 365
360 382
360 416
360 419
360 439
360 446
360 474
360 487
361 10
361 13
361 19
361 27
361 30
361 48
361 49
361 81
361 107
361 124
361 136
361 148
361 172
361 176
361 190
361 196
361 244
361 287
361 334
361 340
361 341
361 378
361 379
361 383
361 384
361 404
361 408
361 419
361 420
361 436
361 458
361 472
361 476
361 499
362 2
362 7
362 54
362 55
362 130
362 190
362 192
362 200
362 205
362 207
362 227
362 252
362 275
362 278
362 297
362 323
362 338
362 347
362 349
362 380
362 384
362 397
362 442
362 450
362 469
363 49
363 78
363 80
363 81
363 88
363 113
363 118
363 149
363 155
363 195
363 197
363 248
363 272
363 309
363 314
363 340
363 384
363 426
363 452
363 491
364 18
364 30
364 35
364 55
364 69
364 90
364 96
364 114
364 158
364 161
364 163
364 167
364 181
364 189
364 195
364 203
364 214
364 243
364 245
364 251
364 275
364 313
364 350
364 353
364 354
364 378
364 396
364 407
364 451
364 469
365 6
365 16
365 34
365 71
365 75
365 76
365 86
365 89
365 106
365 124
365 156
365 175
365 200
365 204
365 257
365 270
365 286
365 319
365 332
365 335
365 360
365 386
365 406
365 455
365 457
366 23
366 24
366 43
366 55
366 61
366 89
366 98
366 116
366 119
366 137
366 156
366 205
366 206
366 226
366 275
366 305
366 381
366 388
366 394
366 415
366 431
366 448
366 457
366 469
366 489
367 1
367 6
367 22
367 31
367 53
367 60
367 66
367 79
367 85
367 128
367 132
367 224
367 240
367 246
367 276
367 351
367 381
367 423
367 427
367 446
367 451
368 64
368 69
368 74
368 136
368 202
368 204
368 217
368 253
368 288
368 317
368 334
368 376
368 407
368 436
368 476
369 17
369 39
369 45
369 125
369 155
369 194
369 220
369 238
369 245
369 251
369 255
369 278
369 279
369 281
369 292
369 301
369 328
369 341
369 384
369 443
369 453
369 459
369 463
369 491
369 496
370 11
370 20
370 25
370 65
370 86
370 89
370 100
370 112
370 114
370 154
370 219
370 223
370 293
370 303
370 306
370 330
370 334
370 351
370 356
370 373
370 404
370 425
370 438
370 442
370 459
370 481
371 1
371 14
371 36
371 44
371 113
371 158
371 166
371 173
371 191
371 210
371 258
371 279
371 294
371 323
371 344
371 374
371 375
371 428
371 431
371 449
371 452
371 455
371 486
371 497
372 22
372 26
372 39
372 47
372 56
372 83
372 139
372 145
372 158
372 173
372 196
372 225
372 277
372 301
372 316
372 328
372 332
372 343
372 345
372 374
372 390
372 402
372 442
372 489
372 496
373 10
373 13
373 31
373 40
373 42
373 60
373 65
373 82
373 116
373 150
373 180
373 212
373 233
373 263
373 286
373 297
373 303
373 309
373 316
373 323
373 332
373 350
373 370
373 374
373 381
373 385
373 388
373 405
373 432
373 472
373 477
374 77
374 84
374 131
374 149
374 152
374 173
374 224
374 231
374 270
374 272
374 281
374 340
374 371
374 372
374 373
374 375
374 381
374 410
374 426
374 429
374 472
375 34
375 45
375 77
375 86
375 121
375 123
375 124
375 126
375 174
375 180
375 194
375 196
375 208
375 221
375 222
375 230
375 251
375 252
375 255
375 289
375 319
375 343
375 356
375 371
375 374
375 376
375 383
375 384
375 392
375 435
375 438
375 451
375 475
375 480
375 491
375 497
376 25
376 30
376 36
376 50
376 59
376 71
376 84
376 91
376 126
376 156
376 177
376 179
376 197
376 241
376 293
376 301
376 368
376 375
376 392
376 461
377 32
377 81
377 82
377 84
377 102
377 114
377 166
377 168
377 172
377 214
377 276
377 350
377 425
377 441
377 491
377 496
378 8
378 25
378 45
378 49
378 70
378 85
378 114
378 132
378 140
378 180
378 202
378 205
378 248
378 278
378 279
378 288
378 306
378 323
378 359
378 361
378 364
378 383
378 391
378 424
378 427
378 464
378 470
378 490
379 4
379 30
379 95
379 97
379 114
379 115
379 117
379 187
379 215
379 225
379 296
379 308
379 321
379 349
379 357
379 361
379 423
379 428
379 456
379 466
379 481
379 492
380 32
380 36
380 46
380 47
380 64
380 91
380 109
380 117
380 194
380 205
380 210
380 236
380 238
380 300
380 362
380 401
380 426
380 435
380 468
380 494
381 22
381 52
381 67
381 88
381 93
381 105
381 114
381 134
381 139
381 143
381 199
381 205
381 244
381 247
381 256
381 286
381 294
381 296
381 323
381 339
381 366
381 367
381 373
381 374
381 406
381 415
381 429
381 435
381 445
381 468
381 469
382 8
382 23
382 55
382 64
382 73
382 78
382 79
382 129
382 132
382 149
382 153
382 155
382 164
382 222
382 237
382 256
382 258
382 277
382 297
382 335
382 353
382 359
382 360
382 404
382 463
382 484
383 31
383 41
383 65
383 78
383 81
383 95
383 125
383 168
383 188
383 219
383 223
383 233
383 264
383 291
383 300
383 330
383 361
383 375
383 378
383 400
383 406
383 410
383 414
383 419
383 425
383 461
383 475
384 46
384 47
384 112
384 122
384 128
384 160
384 285
384 319
384 334
384 361
384 362
384 363
384 369
384 375
384 387
384 394
384 412
384 414
384 422
384 438
384 453
385 7
385 9
385 21
385 24
385 38
385 58
385 76
385 83
385 99
385 117
385 138
385 157
385 173
385 196
385 197
385 241
385 300
385 305
385 310
385 331
385 373
385 398
385 404
385 419
385 433
385 454
385 472
385 483
386 6
386 8
386 28
386 30
386 33
386 55
386 60
386 72
386 75
386 85
386 87
386 95
386 158
386 181
386 207
386 273
386 274
386 306
386 312
386 318
386 319
386 325
386 329
386 330
386 338
386 359
386 365
386 425
386 454
387 0
387 9
387 18
387 20
387 33
387 52
387 54
387 66
387 75
387 78
387 101
387 146
387 157
387 176
387 260
387 275
387 315
387 328
387 349
387 384
387 395
387 399
387 409
387 410
387 426
387 436
387 447
387 451
387 462
387 477
388 11
388 41
388 42
388 50
388 58
388 81
388 122
388 135
388 151
388 168
388 203
388 222
388 233
388 254
388 258
388 275
388 277
388 303
388 345
388 354
388 366
388 373
388 435
388 478
388 484
389 0
389 35
389 51
389 73
389 147
389 185
389 220
389 222
389 238
389 264
389 294
389 352
389 397
389 411
389 428
389 451
389 456
389 463
389 473
389 481
390 11
390 44
390 69
390 111
390 138
390 151
390 166
390 176
390 190
390 214
390 221
390 234
390 247
390 251
390 256
390 274
390 308
390 315
390 345
390 372
390 398
390 423
390 424
390 431
390 445
390 455
390 460
390 461
391 18
391 27
391 35
391 39
391 41
391 73
391 84
391 85
391 92
391 105
391 109
391 136
391 165
391 182
391 194
391 209
391 220
391 244
391 251
391 258
391 279
391 295
391 330
391 378
391 405
391 422
391 429
391 444
391 445
391 456
391 464
391 474
391 488
392 26
392 34
392 58
392 99
392 100
392 103
392 107
392 142
392 153
392 194
392 226
392 237
392 262
392 266
392 283
392 288
392 299
392 313
392 331
392 347
392 375
392 376
392 436
392 454
392 496
393 3
393 5
393 16
393 44
393 80
393 150
393 152
393 157
393 218
393 224
393 235
393 241
393 246
393 251
393 273
393 274
393 298
393 327
393 329
393 348
393 351
393 394
393 468
393 483
393 499
394 31
394 52
394 65
394 67
394 86
394 110
394 111
394 159
394 169
394 184
394 236
394 237
394 277
394 281
394 282
394 292
394 303
394 328
394 339
394 366
394 384
394 393
394 410
394 426
394 470
395 5
395 7
395 18
395 53
395 83
395 86
395 102
395 116
395 139
395 142
395 172
395 183
395 210
395 228
395 230
395 244
395 334
395 359
395 387
395 408
395 452
395 459
395 478
395 498
396 22
396 26
396 91
396 111
396 114
396 131
396 137
396 139
396 195
396 207
396 222
396 236
396 272
396 313
396 329
396 364
396 414
396 437
396 443
396 459
396 489
397 6
397 7
397 9
397 27
397 34
397 66
397 78
397 79
397 93
397 220
397 224
397 232
397 253
397 268
397 295
397 330
397 334
397 336
397 342
397 362
397 389
397 432
397 433
397 435
397 477
397 487
397 492
397 499
398 8
398 15
398 16
398 43
398 56
398 90
398 95
398 117
398 149
398 160
398 240
398 244
398 256
398 272
398 296
398 298
398 305
398 327
398 329
398 336
398 385
398 390
398 405
398 427
398 453
398 477
398 480
398 481
398 489
399 3
399 23
399 25
399 67
399 150
399 153
399 154
399 196
399 231
399 232
399 250
399 278
399 288
399 387
399 438
400 7
400 108
400 110
400 114
400 122
400 138
400 151
400 225
400 239
400 292
400 298
400 328
400 349
400 383
400 420
400 428
400 446
400 449
400 494
401 4
401 8
401 12
401 57
401 58
401 65
401 68
401 145
401 148
401 152
401 157
401 183
401 214
401 234
401 281
401 326
401 334
401 339
401 352
401 358
401 380
401 402
401 438
401 439
401 488
402 2
402 13
402 28
402 45
402 48
402 87
402 125
402 142
402 143
402 145
402 190
402 193
402 223
402 228
402 243
402 246
402 279
402 372
402 401
402 403
402 409
402 464
402 483
403 4
403 63
403 73
403 115
403 154
403 165
403 166
403 170
403 193
403 208
403 229
403 237
403 306
403 308
403 318
403 337
403 402
403 412
403 447
403 449
403 454
403 471
403 478
403 495
404 12
404 34
404 61
404 71
404 80
404 89
404 99
404 110
404 144
404 153
404 170
404 177
404 193
404 209
404 229
404 249
404 266
404 333
404 361
404 370
404 382
404 385
404 415
404 418
404 462
405 9
405 28
405 39
405 151
405 171
405 205
405 233
405 254
405 311
405 329
405 373
405 391
405 398
405 455
405 457
405 458
405 479
405 498
405 499
406 90
406 100
406 120
406 121
406 127
406 176
406 179
406 198
406 217
406 254
406 265
406 289
406 292
406 301
406 309
406 365
406 381
406 383
406 435
406 446
406 455
406 457
406 470
406 472
406 498
407 31
407 37
407 42
407 75
407 87
407 131
407 133
407 146
407 149
407 161
407 179
407 200
407 241
407 250
407 253
407 338
407 352
407 364
407 368
407 470
407 480
407 483
407 488
407 489
408 8
408 28
408 32
408 44
408 49
408 85
408 99
408 172
408 207
408 231
408 232
408 251
408 262
408 298
408 331
408 333
408 338
408 355
408 361
408 395
408 447
408 459
408 461
408 487
409 38
409 43
409 48
409 66
409 123
409 127
409 142
409 166
409 169
409 170
409 180
409 181
409 212
409 216
409 276
409 280
409 289
409 343
409 387
409 402
409 417
409 424
409 428
409 459
410 71
410 92
410 110
410 144
410 147
410 154
410 170
410 183
410 238
410 277
410 285
410 291
410 317
410 330
410 374
410 383
410 387
410 394
410 413
410 414
410 430
410 482
411 19
411 28
411 34
411 43
411 74
411 83
411 106
411 108
411 125
411 133
411 145
411 176
411 190
411 222
411 243
411 265
411 278
411 282
411 287
411 340
411 359
411 389
411 426
411 461
411 462
411 491
412 53
412 55
412 110
412 111
412 117
412 140
412 154
412 163
412 170
412 173
412 181
412 190
412 193
412 242
412 246
412 267
412 284
412 296
412 303
412 310
412 356
412 384
412 403
412 428
412 449
412 456
412 459
412 462
412 480
412 492
413 9
413 87
413 96
413 129
413 178
413 181
413 190
413 208
413 219
413 249
413 306
413 321
413 332
413 345
413 348
413 350
413 357
413 410
413 444
413 471
413 478
413 479
413 480
413 485
413 486
414 21
414 33
414 37
414 50
414 51
414 55
414 80
414 110
414 167
414 175
414 219
414 222
414 223
414 238
414 242
414 248
414 264
414 304
414 327
414 329
414 383
414 384
414 396
414 410
414 420
414 432
414 438
414 440
414 441
414 455
414 481
414 484
415 1
415 12
415 26
415 38
415 42
415 46
415 55
415 68
415 105
415 118
415 120
415 161
415 166
415 178
415 205
415 226
415 257
415 259
415 263
415 318
415 366
415 381
415 404
415 424
415 456
415 463
415 487
416 0
416 3
416 51
416 88
416 108
416 118
416 130
416 136
416 142
416 174
416 178
416 208
416 233
416 252
416 282
416 290
416 292
416 339
416 360
416 420
416 439
416 454
416 458
416 466
416 494
417 19
417 24
417 26
417 35
417 59
417 75
417 95
417 171
417 200
417 210
417 234
417 241
417 246
417 263
417 278
417 289
417 312
417 313
417 314
417 333
417 338
417 409
417 432
417 440
417 463
417 474
418 8
418 32
418 39
418 41
418 64
418 68
418 182
418 201
418 214
418 223
418 257
418 324
418 340
418 404
418 445
418 457
419 16
419 19
419 39
419 59
419 80
419 91
419 96
419 129
419 132
419 135
419 157
419 166
419 187
419 191
419 197
419 209
419 227
419 243
419 245
419 251
419 269
419 297
419 341
419 348
419 356
419 360
419 361
419 383
419 385
419 421
419 427
419 444
419 464
419 465
419 466
419 468
419 479
419 498
420 17
420 24
420 29
420 54
420 55
420 58
420 112
420 130
420 140
420 152
420 164
420 176
420 179
420 210
420 239
420 260
420 281
420 308
420 321
420 322
420 335
420 338
420 351
420 361
420 400
420 414
420 416
420 427
420 429
420 439
420 443
420 446
420 460
421 10
421 21
421 38
421 47
421 54
421 81
421 85
421 128
421 129
421 147
421 175
421 176
421 197
421 237
421 241
421 309
421 315
421 419
421 428
421 432
421 433
421 470
421 476
421 481
421 487
422 17
422 28
422 40
422 52
422 91
422 99
422 105
422 131
422 189
422 213
422 239
422 265
422 266
422 297
422 329
422 384
422 391
422 443
422 465
422 492
423 9
423 20
423 56
423 102
423 105
423 119
423 132
423 136
423 156
423 173
423 196
423 209
423 223
423 232
423 247
423 259
423 283
423 291
423 337
423 348
423 359
423 367
423 379
423 390
423 462
423 465
423 481
424 6
424 20
424 38
424 64
424 74
424 118
424 174
424 180
424 227
424 247
424 253
424 293
424 318
424 338
424 378
424 390
424 409
424 415
424 437
424 459
425 10
425 57
425 60
425 85
425 94
425 140
425 146
425 175
425 177
425 234
425 235
425 282
425 293
425 321
425 370
425 377
425 383
425 386
425 440
425 448
425 480
425 484
426 2
426 43
426 102
426 105
426 146
426 147
426 155
426 157
426 163
426 179
426 197
426 229
426 280
426 336
426 363
426 374
426 380
426 387
426 394
426 411
426 433
427 5
427 9
427 10
427 21
427 43
427 105
427 109
427 122
427 125
427 133
427 173
427 198
427 206
427 231
427 236
427 240
427 250
427 291
427 296
427 305
427 325
427 349
427 351
427 367
427 378
427 398
427 419
427 420
427 431
427 441
427 489
428 21
428 35
428 69
428 94
428 126
428 152
428 164
428 190
428 213
428 229
428 258
428 268
428 325
428 343
428 350
428 371
428 379
428 389
428 400
428 409
428 412
428 421
428 432
428 435
428 436
428 437
428 464
428 490
429 13
429 58
429 64
429 82
429 96
429 105
429 115
429 118
429 123
429 150
429 153
429 216
429 221
429 233
429 244
429 264
429 265
429 302
429 316
429 325
429 374
429 381
429 391
429 420
429 451
429 476
430 10
430 19
430 43
430 76
430 148
430 166
430 259
430 262
430 273
430 290
430 305
430 316
430 343
430 344
430 410
430 433
430 452
430 457
430 462
430 469
430 479
430 494
431 5
431 66
431 82
431 91
431 102
431 106
431 135
431 145
431 213
431 233
431 267
431 279
431 291
431 301
431 307
431 316
431 345
431 366
431 371
431 390
431 427
431 487
432 5
432 51
432 62
432 70
432 94
432 103
432 104
432 177
432 245
432 259
432 300
432 373
432 397
432 414
432 417
432 421
432 428
432 476
432 490
433 12
433 53
433 85
433 96
433 111
433 123
433 125
433 142
433 154
433 160
433 168
433 170
433 175
433 186
433 259
433 270
433 305
433 313
433 319
433 324
433 341
433 385
433 397
433 421
433 426
433 430
433 436
433 475
433 485
433 493
433 497
434 5
434 14
434 21
434 38
434 42
434 67
434 76
434 93
434 95
434 99
434 103
434 108
434 184
434 199
434 201
434 207
434 228
434 301
434 351
434 452
434 460
434 483
435 3
435 9
435 10
435 17
435 19
435 46
435 55
435 64
435 69
435 88
435 93
435 95
435 166
435 170
435 192
435 232
435 240
435 249
435 253
435 261
435 315
435 323
435 326
435 375
435 380
435 381
435 388
435 397
435 406
435 428
435 456
435 478
435 480
436 5
436 7
436 24
436 30
436 35
436 62
436 66
436 72
436 80
436 109
436 116
436 186
436 192
436 205
436 216
436 245
436 286
436 287
436 314
436 339
436 352
436 357
436 361
436 368
436 387
436 392
436 428
436 433
436 441
436 442
436 475
436 480
436 483
436 490
437 36
437 41
437 43
437 96
437 137
437 158
437 170
437 190
437 209
437 215
437 230
437 247
437 290
437 396
437 424
437 428
437 455
437 497
438 63
438 71
438 73
438 131
438 171
438 189
438 211
438 224
438 268
438 277
438 280
438 284
438 300
438 309
438 326
438 336
438 370
438 375
438 384
438 399
438 401
438 414
438 441
438 480
438 498
439 55
439 78
439 103
439 127
439 155
439 156
439 185
439 190
439 202
439 228
439 255
439 278
439 293
439 296
439 307
439 335
439 338
439 360
439 401
439 416
439 420
439 448
439 451
439 493
440 15
440 61
440 65
440 79
440 93
440 138
440 145
440 149
440 156
440 174
440 223
440 247
440 271
440 272
440 278
440 281
440 282
440 288
440 344
440 414
440 417
440 425
440 454
440 457
440 465
440 473
440 479
440 483
441 14
441 15
441 55
441 70
441 86
441 119
441 159
441 204
441 223
441 231
441 247
441 281
441 293
441 309
441 337
441 339
441 345
441 358
441 377
441 414
441 427
441 436
441 438
441 459
441 464
441 465
441 488
441 499
442 31
442 53
442 74
442 90
442 115
442 133
442 134
442 142
442 144
442 176
442 239
442 254
442 278
442 283
442 305
442 315
442 324
442 342
442 362
442 370
442 372
442 436
442 449
442 459
442 463
442 465
442 477
442 490
443 10
443 34
443 38
443 48
443 57
443 90
443 93
443 112
443 120
443 131
443 132
443 143
443 157
443 179
443 205
443 216
443 264
443 322
443 369
443 396
443 420
443 422
443 445
443 454
443 456
443 461
443 474
443 498
444 23
444 108
444 116
444 136
444 167
444 205
444 219
444 225
444 236
444 244
444 250
444 254
444 265
444 296
444 320
444 322
444 343
444 350
444 391
444 413
444 419
444 473
444 494
445 15
445 66
445 86
445 93
445 109
445 124
445 171
445 188
445 196
445 208
445 229
445 233
445 241
445 250
445 256
445 261
445 274
445 303
445 323
445 325
445 339
445 341
445 381
445 390
445 391
445 418
445 443
445 456
445 457
445 478
445 486
445 492
446 18
446 24
446 25
446 32
446 57
446 68
446 91
446 92
446 124
446 128
446 202
446 210
446 221
446 228
446 250
446 274
446 276
446 281
446 289
446 353
446 359
446 360
446 367
446 400
446 406
446 420
446 447
446 454
446 456
447 20
447 21
447 49
447 58
447 96
447 146
447 148
447 152
447 182
447 194
447 205
447 206
447 217
447 228
447 234
447 302
447 321
447 327
447 387
447 403
447 408
447 446
447 454
448 1
448 29
448 32
448 33
448 62
448 68
448 95
448 105
448 106
448 128
448 132
448 142
448 162
448 186
448 202
448 215
448 260
448 268
448 277
448 293
448 300
448 301
448 330
448 343
448 350
448 357
448 366
448 425
448 439
448 466
448 482
448 486
448 494
449 20
449 43
449 50
449 57
449 59
449 65
449 102
449 115
449 130
449 135
449 141
449 145
449 149
449 183
449 228
449 232
449 249
449 275
449 301
449 329
449 371
449 400
449 403
449 412
449 442
449 456
449 458
449 460
449 490
449 495
450 0
450 122
450 136
450 138
450 154
450 182
450 186
450 205
450 236
450 258
450 284
450 298
450 319
450 325
450 356
450 362
450 464
450 490
451 27
451 65
451 108
451 112
451 139
451 144
451 173
451 200
451 221
451 222
451 232
451 245
451 247
451 258
451 276
451 342
451 348
451 364
451 367
451 375
451 387
451 389
451 429
451 439
451 476
452 3
452 18
452 27
452 103
452 127
452 153
452 169
452 176
452 193
452 204
452 269
452 272
452 306
452 328
452 340
452 363
452 371
452 395
452 430
452 434
452 480
453 7
453 33
453 56
453 83
453 94
453 99
453 115
453 116
453 119
453 128
453 132
453 216
453 217
453 246
453 267
453 284
453 287
453 312
453 323
453 350
453 369
453 384
453 398
453 462
454 0
454 3
454 17
454 79
454 85
454 89
454 110
454 122
454 127
454 159
454 182
454 187
454 232
454 296
454 306
454 321
454 323
454 385
454 386
454 392
454 403
454 416
454 440
454 443
454 446
454 447
454 497
454 499
455 57
455 62
455 87
455 107
455 108
455 157
455 185
455 247
455 251
455 268
455 310
455 318
455 351
455 365
455 371
455 390
455 405
455 406
455 414
455 437
455 482
455 492
456 0
456 23
456 41
456 60
456 71
456 81
456 86
456 88
456 108
456 136
456 195
456 217
456 256
456 262
456 286
456 350
456 379
456 389
456 391
456 412
456 415
456 435
456 443
456 445
456 446
456 449
456 489
457 57
457 67
457 90
457 102
457 109
457 116
457 120
457 131
457 141
457 142
457 154
457 158
457 197
457 222
457 225
457 249
457 261
457 301
457 312
457 336
457 344
457 365
457 366
457 405
457 406
457 418
457 430
457 440
457 445
457 459
457 473
457 486
457 497
458 39
458 48
458 59
458 70
458 95
458 113
458 169
458 243
458 299
458 302
458 304
458 324
458 326
458 361
458 405
458 416
458 449
458 482
458 491
459 12
459 25
459 50
459 83
459 118
459 132
459 145
459 150
459 153
459 172
459 226
459 227
459 231
459 235
459 247
459 264
459 284
459 343
459 344
459 359
459 369
459 370
459 395
459 396
459 408
459 409
459 412
459 424
459 441
459 442
459 457
459 488
459 495
460 4
460 9
460 59
460 76
460 88
460 103
460 104
460 112
460 151
460 161
460 168
460 192
460 201
460 236
460 290
460 303
460 321
460 347
460 390
460 420
460 434
460 449
461 15
461 16
461 34
461 80
461 89
461 106
461 126
461 217
461 266
461 267
461 282
461 286
461 299
461 308
461 330
461 341
461 376
461 383
461 390
461 408
461 411
461 443
461 465
461 466
461 470
461 477
462 1
462 7
462 44
462 52
462 78
462 100
462 109
462 137
462 155
462 168
462 174
462 183
462 196
462 232
462 281
462 282
462 296
462 320
462 335
462 343
462 344
462 387
462 404
462 411
462 412
462 423
462 430
462 453
462 480
462 498
463 3
463 15
463 26
463 62
463 65
463 68
463 96
463 111
463 150
463 166
463 197
463 258
463 262
463 266
463 269
463 292
463 369
463 382
463 389
463 415
463 417
463 442
463 468
463 470
463 473
464 17
464 27
464 34
464 70
464 86
464 132
464 152
464 177
464 228
464 275
464 277
464 347
464 378
464 391
464 402
464 419
464 428
464 441
464 450
464 486
464 497
465 13
465 19
465 38
465 57
465 83
465 109
465 135
465 155
465 207
465 208
465 209
465 215
465 269
465 271
465 286
465 307
465 325
465 339
465 349
465 354
465 419
465 422
465 423
465 440
465 441
465 442
465 461
466 0
466 23
466 30
466 50
466 67
466 78
466 139
466 147
466 155
466 167
466 177
466 182
466 198
466 223
466 243
466 277
466 296
466 303
466 379
466 416
466 419
466 448
466 461
466 476
466 483
467 20
467 40
467 59
467 76
467 97
467 104
467 157
467 160
467 166
467 207
467 235
467 246
467 253
467 283
467 301
467 310
467 324
467 352
467 356
467 486
468 17
468 25
468 134
468 152
468 155
468 200
468 201
468 223
468 224
468 225
468 228
468 240
468 242
468 256
468 257
468 267
468 294
468 302
468 337
468 359
468 380
468 381
468 393
468 419
468 463
468 475
468 484
468 490
469 16
469 36
469 42
469 63
469 102
469 116
469 134
469 138
469 145
469 148
469 170
469 176
469 187
469 218
469 225
469 232
469 238
469 251
469 261
469 280
469 281
469 293
469 327
469 334
469 362
469 364
469 366
469 381
469 430
469 487
470 38
470 53
470 62
470 64
470 68
470 106
470 155
470 182
470 183
470 196
470 221
470 223
470 231
470 239
470 251
470 256
470 257
470 312
470 333
470 345
470 378
470 394
470 406
470 407
470 421
470 461
470 463
471 15
471 60
471 61
471 104
471 118
471 126
471 129
471 139
471 143
471 151
471 168
471 251
471 347
471 351
471 353
471 403
471 413
472 6
472 11
472 17
472 22
472 28
472 42
472 43
472 48
472 75
472 113
472 130
472 155
472 156
472 178
472 181
472 186
472 192
472 199
472 203
472 240
472 260
472 273
472 305
472 310
472 324
472 331
472 343
472 361
472 373
472 374
472 385
472 406
472 489
473 25
473 27
473 54
473 72
473 87
473 91
473 113
473 158
473 159
473 163
473 178
473 209
473 218
473 257
473 359
473 389
473 440
473 444
473 457
473 463
474 20
474 23
474 28
474 60
474 64
474 72
474 88
474 90
474 96
474 148
474 181
474 200
474 252
474 262
474 301
474 306
474 307
474 360
474 391
474 417
474 443
475 9
475 23
475 47
475 54
475 56
475 74
475 106
475 109
475 165
475 166
475 168
475 169
475 243
475 261
475 286
475 309
475 314
475 351
475 355
475 375
475 383
475 433
475 436
475 468
476 72
476 79
476 121
476 133
476 153
476 162
476 164
476 165
476 168
476 170
476 178
476 191
476 192
476 226
476 233
476 248
476 258
476 260
476 264
476 292
476 301
476 312
476 313
476 324
476 361
476 368
476 421
476 429
476 432
476 451
476 466
476 480
477 0
477 7
477 42
477 48
477 55
477 74
477 89
477 133
477 157
477 321
477 333
477 353
477 373
477 387
477 397
477 398
477 442
477 461
477 481
478 18
478 22
478 48
478 53
478 75
478 105
478 171
478 173
478 205
478 237
478 247
478 265
478 269
478 280
478 291
478 309
478 321
478 343
478 388
478 395
478 403
478 413
478 435
478 445
479 12
479 45
479 50
479 57
479 62
479 67
479 76
479 77
479 78
479 98
479 125
479 167
479 169
479 171
479 182
479 202
479 227
479 253
479 263
479 268
479 279
479 281
479 291
479 326
479 331
479 336
479 405
479 413
479 419
479 430
479 440
480 24
480 32
480 50
480 52
480 63
480 89
480 137
480 149
480 166
480 191
480 222
480 245
480 256
480 262
480 280
480 307
480 336
480 340
480 358
480 375
480 398
480 407
480 412
480 413
480 425
480 435
480 436
480 438
480 452
480 462
480 476
481 19
481 21
481 26
481 48
481 52
481 61
481 94
481 108
481 127
481 144
481 149
481 152
481 167
481 175
481 258
481 266
481 271
481 283
481 284
481 288
481 290
481 324
481 339
481 370
481 379
481 389
481 398
481 414
481 421
481 423
481 477
481 498
482 5
482 34
482 48
482 52
482 62
482 88
482 126
482 152
482 156
482 171
482 186
482 217
482 239
482 245
482 260
482 283
482 294
482 324
482 331
482 410
482 448
482 455
482 458
482 484
482 497
483 57
483 65
483 77
483 83
483 104
483 132
483 135
483 213
483 217
483 257
483 258
483 268
483 281
483 291
483 311
483 316
483 317
483 385
483 393
483 402
483 407
483 434
483 436
483 440
483 466
484 24
484 38
484 85
484 92
484 102
484 124
484 126
484 135
484 155
484 175
484 180
484 193
484 241
484 244
484 263
484 291
484 292
484 307
484 323
484 337
484 346
484 347
484 349
484 382
484 388
484 414
484 425
484 468
484 482
485 20
485 53
485 82
485 149
485 150
485 172
485 211
485 215
485 230
485 249
485 300
485 322
485 413
485 433
485 495
486 5
486 31
486 54
486 69
486 99
486 128
486 133
486 141
486 162
486 227
486 234
486 264
486 333
486 371
486 413
486 445
486 448
486 457
486 464
486 467
487 13
487 36
487 52
487 107
487 189
487 212
487 250
487 258
487 307
487 309
487 310
487 313
487 316
487 333
487 335
487 346
487 360
487 397
487 408
487 415
487 421
487 431
487 469
488 5
488 8
488 56
488 87
488 89
488 119
488 136
488 138
488 145
488 174
488 178
488 212
488 227
488 230
488 240
488 259
488 275
488 276
488 288
488 302
488 307
488 310
488 324
488 356
488 391
488 401
488 407
488 441
488 459
489 0
489 15
489 60
489 81
489 83
489 97
489 122
489 173
489 186
489 218
489 248
489 254
489 276
489 300
489 306
489 309
489 353
489 357
489 366
489 372
489 396
489 398
489 407
489 427
489 456
489 472
489 497
490 10
490 23
490 78
490 84
490 125
490 161
490 164
490 179
490 181
490 194
490 199
490 200
490 201
490 204
490 234
490 250
490 260
490 263
490 267
490 282
490 285
490 315
490 328
490 335
490 378
490 428
490 432
490 436
490 442
490 449
490 450
490 468
491 49
491 62
491 85
491 126
491 185
491 195
491 205
491 217
491 219
491 220
491 222
491 280
491 285
491 308
491 356
491 363
491 369
491 375
491 377
491 411
491 458
492 4
492 26
492 28
492 52
492 86
492 96
492 112
492 121
492 127
492 137
492 156
492 162
492 177
492 194
492 223
492 235
492 238
492 258
492 265
492 288
492 379
492 397
492 412
492 422
492 445
492 455
493 10
493 21
493 24
493 47
493 49
493 91
493 127
493 133
493 139
493 157
493 179
493 200
493 245
493 274
493 294
493 297
493 330
493 332
493 335
493 352
493 433
493 439
494 30
494 44
494 72
494 97
494 103
494 118
494 124
494 174
494 175
494 197
494 217
494 242
494 258
494 265
494 270
494 298
494 303
494 310
494 326
494 380
494 400
494 416
494 430
494 444
494 448
494 495
494 496
495 4
495 30
495 54
495 93
495 134
495 136
495 150
495 158
495 217
495 226
495 275
495 285
495 286
495 303
495 307
495 353
495 403
495 449
495 459
495 485
495 494
496 8
496 23
496 24
496 68
496 86
496 127
496 132
496 157
496 160
496 164
496 171
496 184
496 210
496 231
496 236
496 262
496 283
496 284
496 287
496 302
496 347
496 359
496 369
496 372
496 377
496 392
496 494
497 54
497 68
497 97
497 101
497 117
497 128
497 139
497 140
497 141
497 146
497 167
497 213
497 237
497 247
497 248
497 253
497 256
497 352
497 371
497 375
497 433
497 437
497 454
497 457
497 464
497 482
497 489
498 16
498 22
498 24
498 42
498 52
498 65
498 103
498 104
498 116
498 165
498 173
498 174
498 209
498 213
498 300
498 395
498 405
498 406
498 419
498 438
498 443
498 462
498 481
499 8
499 18
499 35
499 42
499 44
499 117
499 118
499 128
499 133
499 182
499 187
499 189
499 191
499 203
499 209
499 243
499 327
499 338
499 361
499 393
499 397
499 405
499 441
499 454