200 1948
0 3
0 4
0 21
0 22
0 30
0 82
0 88
0 101
0 105
0 107
0 109
0 116
0 119
0 125
0 149
0 152
0 153
0 155
0 171
0 172
0 177
0 192
0 196
1 7
1 13
1 19
1 23
1 33
1 38
1 62
1 67
1 68
1 83
1 96
1 119
1 125
1 147
1 148
1 158
1 159
1 173
1 186
1 194
2 15
2 26
2 63
2 79
2 92
2 119
2 126
2 129
2 135
2 138
2 145
2 158
2 188
2 198
3 0
3 7
3 66
3 77
3 83
3 102
3 116
3 119
3 131
3 142
3 163
3 166
3 171
3 178
3 185
3 193
3 196
4 0
4 6
4 27
4 42
4 96
4 106
4 111
4 112
4 113
4 116
4 162
4 163
4 169
4 181
4 184
4 189
4 197
5 15
5 29
5 30
5 41
5 54
5 60
5 73
5 82
5 114
5 119
5 143
5 144
5 148
5 164
5 172
5 188
5 192
6 4
6 8
6 14
6 30
6 41
6 47
6 48
6 50
6 64
6 73
6 89
6 97
6 99
6 109
6 130
6 132
6 140
6 153
6 163
6 165
6 166
6 177
7 1
7 3
7 18
7 42
7 51
7 57
7 68
7 74
7 93
7 98
7 103
7 121
7 134
7 139
7 167
7 174
7 181
7 184
7 198
7 199
8 6
8 16
8 27
8 51
8 52
8 60
8 75
8 88
8 105
8 112
8 126
8 133
8 134
8 136
8 158
8 168
8 180
8 186
9 20
9 27
9 37
9 39
9 44
9 56
9 84
9 85
9 89
9 100
9 103
9 107
9 109
9 123
9 128
9 144
9 157
9 172
9 174
9 177
9 198
10 23
10 56
10 88
10 111
10 116
10 117
10 137
10 161
10 166
11 25
11 47
11 50
11 54
11 55
11 58
11 60
11 68
11 87
11 93
11 95
11 101
11 109
11 112
11 142
11 146
11 169
12 14
12 17
12 21
12 39
12 77
12 84
12 96
12 98
12 106
12 129
12 135
12 138
12 159
12 161
13 1
13 24
13 40
13 46
13 59
13 69
13 74
13 83
13 97
13 113
13 118
13 120
13 126
13 146
13 153
13 155
13 159
13 172
13 183
13 185
13 195
14 6
14 12
14 16
14 35
14 42
14 44
14 60
14 68
14 72
14 93
14 96
14 101
14 119
14 121
14 124
14 130
14 131
14 132
14 134
14 142
14 154
14 161
14 168
14 169
14 193
15 2
15 5
15 20
15 29
15 37
15 41
15 47
15 68
15 76
15 100
15 105
15 110
15 116
15 130
15 150
15 153
15 175
15 185
16 8
16 14
16 21
16 47
16 52
16 65
16 66
16 79
16 98
16 102
16 111
16 134
16 139
16 144
16 153
16 155
16 157
16 163
16 179
16 190
16 193
17 12
17 20
17 27
17 36
17 50
17 59
17 82
17 92
17 94
17 95
17 97
17 99
17 100
17 105
17 107
17 111
17 120
17 125
17 133
17 144
17 165
17 172
17 173
17 181
17 190
17 193
17 194
18 7
18 25
18 37
18 40
18 45
18 49
18 67
18 78
18 81
18 92
18 107
18 115
18 134
18 142
18 147
18 151
19 1
19 25
19 26
19 27
19 29
19 45
19 49
19 53
19 75
19 90
19 95
19 113
19 124
19 141
19 148
19 154
19 156
19 161
19 166
20 9
20 15
20 17
20 23
20 25
20 26
20 39
20 40
20 50
20 60
20 67
20 101
20 131
20 145
20 149
20 154
20 155
20 182
20 184
20 197
21 0
21 12
21 16
21 29
21 34
21 48
21 55
21 66
21 70
21 74
21 78
21 80
21 88
21 96
21 112
21 117
21 119
21 127
21 129
21 140
21 172
21 177
21 180
21 196
22 0
22 27
22 34
22 39
22 43
22 71
22 85
22 86
22 99
22 105
22 107
22 114
22 125
22 126
22 153
22 154
22 183
22 186
22 187
22 189
22 191
23 1
23 10
23 20
23 30
23 40
23 52
23 56
23 58
23 70
23 102
23 109
23 114
23 119
23 134
23 141
23 142
23 144
23 156
23 157
23 165
23 172
23 174
23 183
23 185
23 190
23 193
24 13
24 30
24 47
24 53
24 61
24 64
24 69
24 82
24 91
24 101
24 107
24 109
24 113
24 116
24 117
24 120
24 134
24 142
24 146
24 150
24 170
24 174
24 192
25 11
25 18
25 19
25 20
25 49
25 58
25 121
25 125
25 133
25 145
25 172
25 173
25 176
25 180
25 182
25 195
25 199
26 2
26 19
26 20
26 32
26 42
26 69
26 70
26 88
26 95
26 103
26 119
26 135
26 140
26 151
26 158
26 165
26 167
26 178
26 179
26 181
26 185
26 187
27 4
27 8
27 9
27 17
27 19
27 22
27 35
27 40
27 41
27 47
27 59
27 71
27 86
27 88
27 90
27 95
27 102
27 103
27 104
27 109
27 121
27 128
27 142
27 150
27 151
27 164
27 175
27 184
27 188
27 191
28 29
28 30
28 31
28 40
28 61
28 64
28 69
28 70
28 76
28 82
28 99
28 104
28 108
28 123
28 125
28 135
28 153
28 157
28 179
28 185
28 188
29 5
29 15
29 19
29 21
29 28
29 46
29 48
29 78
29 93
29 98
29 101
29 153
29 166
29 172
29 176
29 180
29 185
29 199
30 0
30 5
30 6
30 23
30 24
30 28
30 35
30 41
30 47
30 76
30 79
30 81
30 110
30 125
30 127
30 129
30 135
30 137
30 148
30 150
30 153
31 28
31 43
31 52
31 57
31 62
31 75
31 81
31 82
31 83
31 88
31 90
31 94
31 147
31 158
31 162
31 168
31 171
31 176
31 177
31 184
32 26
32 34
32 38
32 47
32 51
32 67
32 68
32 85
32 87
32 98
32 129
32 145
32 166
32 168
32 188
32 191
33 1
33 41
33 51
33 73
33 75
33 79
33 89
33 99
33 104
33 109
33 111
33 112
33 126
33 127
33 132
33 156
33 180
33 188
33 191
34 21
34 22
34 32
34 35
34 45
34 64
34 68
34 89
34 95
34 105
34 108
34 133
34 139
34 145
34 152
34 157
34 166
34 173
34 190
35 14
35 27
35 30
35 34
35 36
35 42
35 48
35 58
35 66
35 77
35 112
35 123
35 130
35 131
35 135
35 137
35 138
35 152
35 153
35 158
35 185
35 191
35 195
36 17
36 35
36 50
36 66
36 83
36 105
36 132
36 142
36 149
36 160
36 165
36 177
36 184
36 185
36 196
37 9
37 15
37 18
37 42
37 54
37 57
37 64
37 85
37 95
37 104
37 111
37 118
37 126
37 143
37 150
37 155
37 160
37 176
37 191
38 1
38 32
38 46
38 64
38 67
38 82
38 99
38 110
38 117
38 122
38 125
38 126
38 138
38 150
38 155
38 158
38 161
38 163
38 168
38 184
38 191
38 197
39 9
39 12
39 20
39 22
39 55
39 60
39 61
39 62
39 66
39 69
39 87
39 91
39 97
39 116
39 135
39 139
39 157
39 159
39 163
39 172
39 183
39 192
39 197
40 13
40 18
40 20
40 23
40 27
40 28
40 59
40 79
40 80
40 89
40 98
40 104
40 106
40 120
40 126
40 131
40 133
40 156
40 159
40 167
41 5
41 6
41 15
41 27
41 30
41 33
41 48
41 50
41 65
41 72
41 73
41 79
41 86
41 109
41 110
41 117
41 128
41 129
41 143
41 171
41 174
41 176
41 180
41 191
42 4
42 7
42 14
42 26
42 35
42 37
42 50
42 86
42 96
42 113
42 121
42 123
42 144
42 148
42 153
42 155
42 160
42 174
42 182
42 186
42 197
43 22
43 31
43 63
43 89
43 91
43 97
43 105
43 117
43 123
43 156
43 192
43 194
44 9
44 14
44 52
44 78
44 80
44 94
44 102
44 118
44 119
44 123
44 128
44 133
44 135
44 145
44 162
44 173
44 179
44 189
44 191
44 195
45 18
45 19
45 34
45 53
45 55
45 70
45 87
45 90
45 99
45 102
45 107
45 110
45 112
45 174
45 198
46 13
46 29
46 38
46 50
46 64
46 67
46 94
46 95
46 100
46 101
46 106
46 124
46 125
46 144
46 172
46 195
46 197
47 6
47 11
47 15
47 16
47 24
47 27
47 30
47 32
47 57
47 60
47 72
47 114
47 122
47 135
47 170
47 182
47 190
47 191
48 6
48 21
48 29
48 35
48 41
48 68
48 88
48 90
48 92
48 100
48 105
48 107
48 114
48 126
48 135
48 139
48 140
48 161
48 171
48 172
48 176
49 18
49 19
49 25
49 52
49 56
49 58
49 70
49 86
49 115
49 119
49 125
49 133
49 156
49 161
49 164
49 165
49 177
49 180
49 187
49 199
50 6
50 11
50 17
50 20
50 36
50 41
50 42
50 46
50 52
50 72
50 85
50 110
50 112
50 121
50 133
50 136
50 138
50 168
50 177
50 178
50 182
50 192
51 7
51 8
51 32
51 33
51 62
51 69
51 88
51 95
51 98
51 99
51 100
51 104
51 109
51 111
51 116
51 121
51 122
51 123
51 151
51 155
51 169
51 180
51 196
51 199
52 8
52 16
52 23
52 31
52 44
52 49
52 50
52 61
52 71
52 76
52 77
52 98
52 111
52 124
52 126
52 131
52 142
52 143
52 197
53 19
53 24
53 45
53 59
53 73
53 87
53 94
53 127
53 130
53 132
53 139
53 140
53 148
53 152
53 169
53 195
54 5
54 11
54 37
54 58
54 92
54 100
54 101
54 132
54 133
54 135
54 137
54 146
54 149
54 152
54 155
54 160
54 176
54 182
54 184
54 187
54 197
55 11
55 21
55 39
55 45
55 68
55 104
55 110
55 115
55 125
55 137
55 140
55 171
55 172
55 178
55 183
55 191
56 9
56 10
56 23
56 49
56 57
56 67
56 70
56 74
56 94
56 98
56 118
56 119
56 123
56 130
56 132
56 136
56 146
56 148
56 154
56 158
56 168
56 172
57 7
57 31
57 37
57 47
57 56
57 63
57 71
57 75
57 91
57 96
57 102
57 116
57 122
57 132
57 145
57 163
57 171
57 175
57 195
57 197
58 11
58 23
58 25
58 35
58 49
58 54
58 63
58 72
58 74
58 75
58 88
58 89
58 90
58 92
58 98
58 102
58 107
58 108
58 114
58 118
58 131
58 137
58 143
58 146
58 153
58 158
58 173
58 177
59 13
59 17
59 27
59 40
59 53
59 60
59 69
59 74
59 105
59 115
59 139
59 144
59 151
59 153
59 169
59 171
59 175
59 179
59 182
59 184
59 192
59 194
60 5
60 8
60 11
60 14
60 20
60 39
60 47
60 59
60 64
60 71
60 86
60 90
60 102
60 104
60 105
60 112
60 116
60 117
60 119
60 122
60 123
60 132
60 138
60 143
60 161
60 164
60 167
60 168
60 184
60 198
61 24
61 28
61 39
61 52
61 62
61 63
61 68
61 114
61 122
61 131
61 157
61 165
61 167
61 177
62 1
62 31
62 39
62 51
62 61
62 67
62 75
62 77
62 88
62 107
62 117
62 120
62 142
62 171
62 172
62 178
62 185
63 2
63 43
63 57
63 58
63 61
63 66
63 77
63 86
63 93
63 116
63 125
63 133
63 134
63 138
63 139
63 152
63 154
63 160
63 163
63 177
63 189
63 193
63 199
64 6
64 24
64 28
64 34
64 37
64 38
64 46
64 60
64 66
64 76
64 78
64 83
64 141
64 143
64 150
64 161
64 167
64 174
64 195
65 16
65 41
65 75
65 77
65 81
65 89
65 137
65 140
65 146
65 157
65 173
65 185
65 198
66 3
66 16
66 21
66 35
66 36
66 39
66 63
66 64
66 68
66 77
66 80
66 81
66 85
66 86
66 90
66 122
66 136
66 142
66 143
66 159
66 172
66 195
66 196
67 1
67 18
67 20
67 32
67 38
67 46
67 56
67 62
67 79
67 80
67 98
67 101
67 104
67 120
67 121
67 133
67 156
67 172
68 1
68 7
68 11
68 14
68 15
68 32
68 34
68 48
68 55
68 61
68 66
68 73
68 103
68 117
68 131
68 147
68 154
68 171
68 187
68 193
69 13
69 24
69 26
69 28
69 39
69 51
69 59
69 133
69 139
69 154
69 156
69 171
69 180
69 187
70 21
70 23
70 26
70 28
70 45
70 49
70 56
70 73
70 78
70 90
70 95
70 96
70 100
70 106
70 110
70 112
70 113
70 116
70 146
70 157
70 165
70 166
70 175
70 181
70 183
70 190
70 191
70 193
70 194
70 199
71 22
71 27
71 52
71 57
71 60
71 87
71 93
71 96
71 101
71 125
71 136
71 144
71 152
71 161
71 162
71 167
71 168
71 174
71 175
71 176
71 199
72 14
72 41
72 47
72 50
72 58
72 96
72 101
72 104
72 110
72 123
72 127
72 143
72 165
72 174
72 190
72 196
73 5
73 6
73 33
73 41
73 53
73 68
73 70
73 77
73 85
73 95
73 119
73 123
73 147
73 169
74 7
74 13
74 21
74 56
74 58
74 59
74 75
74 92
74 99
74 102
74 120
74 130
74 142
74 143
74 163
74 164
74 184
74 196
75 8
75 19
75 31
75 33
75 57
75 58
75 62
75 65
75 74
75 87
75 93
75 98
75 108
75 116
75 126
75 132
75 160
75 182
75 189
75 191
76 15
76 28
76 30
76 52
76 64
76 95
76 130
76 134
76 144
76 149
76 157
76 158
76 181
77 3
77 12
77 35
77 52
77 62
77 63
77 65
77 66
77 73
77 87
77 94
77 114
77 117
77 122
77 131
77 151
77 153
77 165
77 198
78 18
78 21
78 29
78 44
78 64
78 70
78 85
78 86
78 94
78 109
78 147
78 148
78 149
78 169
78 177
78 183
78 189
78 195
78 196
79 2
79 16
79 30
79 33
79 40
79 41
79 67
79 98
79 100
79 108
79 131
79 136
79 150
79 154
79 157
79 172
79 174
79 182
79 191
80 21
80 40
80 44
80 66
80 67
80 82
80 91
80 102
80 105
80 106
80 107
80 114
80 143
80 144
80 151
80 178
81 18
81 30
81 31
81 65
81 66
81 84
81 92
81 102
81 107
81 113
81 136
81 149
81 155
81 157
81 166
81 167
81 176
81 187
82 0
82 5
82 17
82 24
82 28
82 31
82 38
82 80
82 84
82 94
82 97
82 101
82 102
82 108
82 110
82 119
82 122
82 132
82 155
82 176
82 193
82 198
83 1
83 3
83 13
83 31
83 36
83 64
83 99
83 115
83 121
83 128
83 139
83 154
83 158
83 162
83 165
83 168
83 174
83 183
83 188
83 199
84 9
84 12
84 81
84 82
84 99
84 102
84 121
84 123
84 128
84 132
84 134
84 149
84 150
84 154
84 167
84 188
84 195
84 196
85 9
85 22
85 32
85 37
85 50
85 66
85 73
85 78
85 95
85 101
85 118
85 120
85 121
85 122
85 126
85 150
85 160
85 165
85 168
85 174
85 197
86 22
86 27
86 41
86 42
86 49
86 60
86 63
86 66
86 78
86 88
86 91
86 92
86 96
86 125
86 149
86 152
86 191
86 194
87 11
87 32
87 39
87 45
87 53
87 71
87 75
87 77
87 110
87 118
87 119
87 124
87 129
87 134
87 139
87 162
87 167
87 171
87 173
87 193
87 196
87 197
87 199
88 0
88 8
88 10
88 21
88 26
88 27
88 31
88 48
88 51
88 58
88 62
88 86
88 90
88 97
88 114
88 118
88 128
88 134
88 156
88 167
88 176
88 187
89 6
89 9
89 33
89 34
89 40
89 43
89 58
89 65
89 101
89 115
89 122
89 157
89 168
89 184
89 194
89 196
89 198
90 19
90 27
90 31
90 45
90 48
90 58
90 60
90 66
90 70
90 88
90 104
90 115
90 129
90 130
90 136
90 145
90 147
90 154
90 155
90 158
90 168
90 175
90 192
90 194
91 24
91 39
91 43
91 57
91 80
91 86
91 104
91 109
91 116
91 130
91 140
91 148
91 163
91 166
91 167
91 180
91 185
91 197
92 2
92 17
92 18
92 48
92 54
92 58
92 74
92 81
92 86
92 100
92 103
92 108
92 111
92 116
92 126
92 132
92 148
92 164
92 179
92 184
92 199
93 7
93 11
93 14
93 29
93 63
93 71
93 75
93 106
93 122
93 136
93 138
93 140
93 152
93 154
93 165
93 166
93 170
94 17
94 31
94 44
94 46
94 53
94 56
94 77
94 78
94 82
94 101
94 106
94 110
94 116
94 123
94 126
94 130
94 131
94 136
94 137
94 141
94 164
94 166
94 194
95 11
95 17
95 19
95 26
95 27
95 34
95 37
95 46
95 51
95 70
95 73
95 76
95 85
95 100
95 101
95 114
95 118
95 119
95 121
95 134
95 148
95 167
95 183
95 185
96 1
96 4
96 12
96 14
96 21
96 42
96 57
96 70
96 71
96 72
96 86
96 108
96 119
96 134
96 139
96 143
96 151
96 157
96 158
96 175
96 195
97 6
97 13
97 17
97 39
97 43
97 82
97 88
97 113
97 123
97 155
97 156
97 158
97 164
97 165
97 173
97 197
97 199
98 7
98 12
98 16
98 29
98 32
98 40
98 51
98 52
98 56
98 58
98 67
98 75
98 79
98 120
98 123
98 135
98 137
98 143
98 147
98 168
98 175
98 180
98 183
99 6
99 17
99 22
99 28
99 33
99 38
99 45
99 51
99 74
99 83
99 84
99 131
99 132
99 134
99 135
99 137
99 151
99 158
99 165
99 175
99 178
100 9
100 15
100 17
100 46
100 48
100 51
100 54
100 70
100 79
100 92
100 95
100 103
100 138
100 152
100 158
100 177
101 0
101 11
101 14
101 20
101 24
101 29
101 46
101 54
101 67
101 71
101 72
101 82
101 85
101 89
101 94
101 95
101 152
101 156
101 162
101 176
101 182
102 3
102 16
102 23
102 27
102 44
102 45
102 57
102 58
102 60
102 74
102 80
102 81
102 82
102 84
102 126
102 131
102 145
102 154
103 7
103 9
103 26
103 27
103 68
103 92
103 100
103 117
103 118
103 119
103 123
103 129
103 147
103 165
103 176
103 178
103 187
103 198
104 27
104 28
104 33
104 37
104 40
104 51
104 55
104 60
104 67
104 72
104 90
104 91
104 122
104 130
104 138
104 142
104 149
104 156
104 161
104 183
105 0
105 8
105 15
105 17
105 22
105 34
105 36
105 43
105 48
105 59
105 60
105 80
105 129
105 139
105 150
105 162
105 171
105 175
105 184
105 194
106 4
106 12
106 40
106 46
106 70
106 80
106 93
106 94
106 121
106 137
106 148
106 152
106 163
106 189
107 0
107 9
107 17
107 18
107 22
107 24
107 45
107 48
107 58
107 62
107 80
107 81
107 109
107 121
107 126
107 127
107 135
107 139
107 143
107 185
107 186
107 190
108 28
108 34
108 58
108 75
108 79
108 82
108 92
108 96
108 133
108 166
108 167
108 173
108 180
108 188
109 0
109 6
109 9
109 11
109 23
109 24
109 27
109 33
109 41
109 51
109 78
109 91
109 107
109 128
109 148
109 153
109 194
110 15
110 30
110 38
110 41
110 45
110 50
110 55
110 70
110 72
110 82
110 87
110 94
110 125
110 149
110 155
110 163
110 186
111 4
111 10
111 16
111 17
111 33
111 37
111 51
111 52
111 92
111 124
111 126
111 129
111 130
111 149
111 155
111 164
111 193
111 195
111 198
112 4
112 8
112 11
112 21
112 33
112 35
112 45
112 50
112 60
112 70
112 120
112 140
112 152
112 163
112 178
112 180
112 185
113 4
113 13
113 19
113 24
113 42
113 70
113 81
113 97
113 114
113 118
113 139
113 141
113 147
113 169
113 173
113 189
113 194
113 195
114 5
114 22
114 23
114 47
114 48
114 58
114 61
114 77
114 80
114 88
114 95
114 113
114 120
114 121
114 125
114 130
114 134
114 142
114 152
114 154
114 164
114 177
114 181
114 182
115 18
115 49
115 55
115 59
115 83
115 89
115 90
115 125
115 128
115 135
115 172
115 191
116 0
116 3
116 4
116 10
116 15
116 24
116 39
116 51
116 57
116 60
116 63
116 70
116 75
116 91
116 92
116 94
116 119
116 133
116 138
116 139
116 144
116 163
117 10
117 21
117 24
117 38
117 41
117 43
117 60
117 62
117 68
117 77
117 103
117 126
117 130
117 146
117 153
117 165
117 173
117 181
117 182
117 185
117 187
118 13
118 37
118 44
118 56
118 58
118 85
118 87
118 88
118 95
118 103
118 113
118 124
118 174
118 176
119 0
119 1
119 2
119 3
119 5
119 14
119 21
119 23
119 26
119 44
119 49
119 56
119 60
119 73
119 82
119 87
119 95
119 96
119 103
119 116
119 122
119 129
119 133
119 145
119 166
119 170
119 173
120 13
120 17
120 24
120 40
120 62
120 67
120 74
120 85
120 98
120 112
120 114
120 136
120 140
120 152
120 153
120 162
120 168
121 7
121 14
121 25
121 27
121 42
121 50
121 51
121 67
121 83
121 84
121 85
121 95
121 106
121 107
121 114
121 133
121 141
121 144
121 153
121 164
121 180
121 183
121 191
122 38
122 47
122 51
122 57
122 60
122 61
122 66
122 77
122 82
122 85
122 89
122 93
122 104
122 119
122 135
122 139
122 142
122 157
122 158
122 194
123 9
123 28
123 35
123 42
123 43
123 44
123 51
123 56
123 60
123 72
123 73
123 84
123 94
123 97
123 98
123 103
123 129
123 148
123 182
124 14
124 19
124 46
124 52
124 87
124 111
124 118
124 132
124 134
124 135
124 151
124 152
124 168
124 182
124 192
124 198
125 0
125 1
125 17
125 22
125 25
125 28
125 30
125 38
125 46
125 49
125 55
125 63
125 71
125 86
125 110
125 114
125 115
125 130
125 148
125 181
125 194
126 2
126 8
126 13
126 22
126 33
126 37
126 38
126 40
126 48
126 52
126 75
126 85
126 92
126 94
126 102
126 107
126 111
126 117
126 133
126 135
126 136
126 143
126 151
126 153
126 195
126 199
127 21
127 30
127 33
127 53
127 72
127 107
127 135
127 155
127 159
127 167
127 168
127 169
127 183
127 188
127 189
127 190
127 197
128 9
128 27
128 41
128 44
128 83
128 84
128 88
128 109
128 115
128 145
128 178
128 196
129 2
129 12
129 21
129 30
129 32
129 41
129 87
129 90
129 103
129 105
129 111
129 119
129 123
129 132
129 136
129 156
129 164
130 6
130 14
130 15
130 35
130 53
130 56
130 74
130 76
130 90
130 91
130 94
130 104
130 111
130 114
130 117
130 125
130 135
130 144
130 156
130 163
130 170
130 173
130 180
131 3
131 14
131 20
131 35
131 40
131 52
131 58
131 61
131 68
131 77
131 79
131 94
131 99
131 102
131 145
131 152
131 160
131 161
131 184
131 188
131 193
131 198
132 6
132 14
132 33
132 36
132 53
132 54
132 56
132 57
132 60
132 75
132 82
132 84
132 92
132 99
132 124
132 129
132 151
132 162
132 172
132 193
133 8
133 17
133 25
133 34
133 40
133 44
133 49
133 50
133 54
133 63
133 67
133 69
133 108
133 116
133 119
133 121
133 126
133 140
133 142
133 160
133 164
133 169
133 193
134 7
134 8
134 14
134 16
134 18
134 23
134 24
134 63
134 76
134 84
134 87
134 88
134 95
134 96
134 99
134 114
134 124
134 151
134 155
134 156
134 158
134 183
134 186
135 2
135 12
135 26
135 28
135 30
135 35
135 39
135 44
135 47
135 48
135 54
135 98
135 99
135 107
135 115
135 122
135 124
135 126
135 127
135 130
135 160
135 161
135 163
135 179
135 183
135 189
135 192
136 8
136 50
136 56
136 66
136 71
136 79
136 81
136 90
136 93
136 94
136 120
136 126
136 129
136 149
136 150
136 154
136 174
136 182
137 10
137 30
137 35
137 54
137 55
137 58
137 65
137 94
137 98
137 99
137 106
137 139
137 156
137 157
137 162
137 179
137 192
137 193
138 2
138 12
138 35
138 38
138 50
138 60
138 63
138 93
138 100
138 104
138 116
138 140
138 154
138 157
138 162
138 192
139 7
139 16
139 34
139 39
139 48
139 53
139 59
139 63
139 69
139 83
139 87
139 96
139 105
139 107
139 113
139 116
139 122
139 137
139 142
139 155
139 161
139 162
139 163
139 171
139 175
139 179
139 190
139 196
140 6
140 21
140 26
140 48
140 53
140 55
140 65
140 91
140 93
140 112
140 120
140 133
140 138
140 148
140 161
140 165
140 171
140 183
140 189
140 193
140 199
141 19
141 23
141 64
141 94
141 113
141 121
141 146
141 152
141 163
141 170
141 175
141 192
141 193
142 3
142 11
142 14
142 18
142 23
142 24
142 27
142 36
142 52
142 62
142 66
142 74
142 104
142 114
142 122
142 133
142 139
142 152
142 158
142 161
142 168
142 176
142 188
143 5
143 37
143 41
143 52
143 58
143 60
143 64
143 66
143 72
143 74
143 80
143 96
143 98
143 107
143 126
143 148
143 166
143 170
143 173
144 5
144 9
144 16
144 17
144 23
144 42
144 46
144 59
144 71
144 76
144 80
144 116
144 121
144 130
144 147
144 154
144 171
144 187
144 191
144 195
144 197
144 199
145 2
145 20
145 25
145 32
145 34
145 44
145 57
145 90
145 102
145 119
145 128
145 131
145 173
145 175
145 192
146 11
146 13
146 24
146 54
146 56
146 58
146 65
146 70
146 117
146 141
146 160
146 163
146 176
146 179
146 186
147 1
147 18
147 31
147 68
147 73
147 78
147 90
147 98
147 103
147 113
147 144
147 155
147 160
147 164
147 168
147 180
148 1
148 5
148 19
148 30
148 42
148 53
148 56
148 78
148 91
148 92
148 95
148 106
148 109
148 123
148 125
148 140
148 143
148 152
148 158
148 161
148 186
148 194
149 0
149 20
149 36
149 54
149 76
149 78
149 81
149 84
149 86
149 104
149 110
149 111
149 136
149 153
149 155
149 158
149 167
150 15
150 24
150 27
150 30
150 37
150 38
150 64
150 79
150 84
150 85
150 105
150 136
150 152
150 163
150 167
150 171
150 175
150 188
150 199
151 18
151 26
151 27
151 51
151 59
151 77
151 80
151 96
151 99
151 124
151 126
151 132
151 134
151 152
151 155
151 188
151 191
152 0
152 34
152 35
152 53
152 54
152 63
152 71
152 86
152 93
152 100
152 101
152 106
152 112
152 114
152 120
152 124
152 131
152 141
152 142
152 148
152 150
152 151
152 159
152 162
152 171
152 174
152 199
153 0
153 6
153 13
153 15
153 16
153 22
153 28
153 29
153 30
153 35
153 42
153 58
153 59
153 77
153 109
153 117
153 120
153 121
153 126
153 149
153 169
153 173
153 183
153 184
153 186
153 197
153 199
154 14
154 19
154 20
154 22
154 56
154 63
154 68
154 69
154 79
154 83
154 84
154 90
154 93
154 102
154 114
154 136
154 138
154 144
154 180
154 190
155 0
155 13
155 16
155 20
155 37
155 38
155 42
155 51
155 54
155 81
155 82
155 90
155 97
155 110
155 111
155 127
155 134
155 139
155 147
155 149
155 151
155 165
155 166
155 168
155 180
155 182
155 184
155 192
156 19
156 23
156 33
156 40
156 43
156 49
156 67
156 69
156 88
156 97
156 101
156 104
156 129
156 130
156 134
156 137
156 165
156 184
157 9
157 16
157 23
157 28
157 34
157 39
157 61
157 65
157 70
157 76
157 79
157 81
157 89
157 96
157 122
157 137
157 138
157 163
157 168
157 192
158 1
158 2
158 8
158 26
158 31
158 35
158 38
158 56
158 58
158 76
158 83
158 90
158 96
158 97
158 99
158 100
158 122
158 134
158 142
158 148
158 149
158 182
158 184
158 198
159 1
159 12
159 13
159 39
159 40
159 66
159 127
159 152
159 161
159 166
159 167
159 180
159 181
159 190
159 195
160 36
160 37
160 42
160 54
160 63
160 75
160 85
160 131
160 133
160 135
160 146
160 147
160 175
160 181
160 186
160 195
161 10
161 12
161 14
161 19
161 38
161 48
161 49
161 60
161 64
161 71
161 104
161 131
161 135
161 139
161 140
161 142
161 148
161 159
161 170
161 183
162 4
162 31
162 44
162 71
162 83
162 87
162 101
162 105
162 120
162 132
162 137
162 138
162 139
162 152
162 190
162 194
163 3
163 4
163 6
163 16
163 38
163 39
163 57
163 63
163 74
163 91
163 106
163 110
163 112
163 116
163 130
163 135
163 139
163 141
163 146
163 150
163 157
163 179
163 187
163 189
163 197
164 5
164 27
164 49
164 60
164 74
164 92
164 94
164 97
164 111
164 114
164 121
164 129
164 133
164 147
164 174
164 194
165 6
165 17
165 23
165 26
165 36
165 49
165 61
165 70
165 72
165 77
165 83
165 85
165 93
165 97
165 99
165 103
165 117
165 140
165 155
165 156
165 190
165 193
165 198
166 3
166 6
166 10
166 19
166 29
166 32
166 34
166 70
166 81
166 91
166 93
166 94
166 108
166 119
166 143
166 155
166 159
166 184
166 190
166 194
167 7
167 26
167 40
167 60
167 61
167 64
167 71
167 81
167 84
167 87
167 88
167 91
167 95
167 108
167 127
167 149
167 150
167 159
167 178
167 188
167 196
168 8
168 14
168 31
168 32
168 38
168 50
168 56
168 60
168 71
168 83
168 85
168 89
168 90
168 98
168 120
168 124
168 127
168 142
168 147
168 155
168 157
168 178
168 181
168 198
169 4
169 11
169 14
169 51
169 53
169 59
169 73
169 78
169 113
169 127
169 133
169 153
169 184
169 187
169 193
169 195
169 197
170 24
170 47
170 93
170 119
170 130
170 141
170 143
170 161
170 186
170 193
171 0
171 3
171 31
171 41
171 48
171 55
171 57
171 59
171 62
171 68
171 69
171 87
171 105
171 139
171 140
171 144
171 150
171 152
171 185
171 195
172 0
172 5
172 9
172 13
172 17
172 21
172 23
172 25
172 29
172 39
172 46
172 48
172 55
172 56
172 62
172 66
172 67
172 79
172 115
172 132
172 175
172 177
172 178
172 182
172 183
172 184
172 190
173 1
173 17
173 25
173 34
173 44
173 58
173 65
173 87
173 97
173 108
173 113
173 117
173 119
173 130
173 143
173 145
173 153
173 177
173 185
173 190
174 7
174 9
174 23
174 24
174 41
174 42
174 45
174 64
174 71
174 72
174 79
174 83
174 85
174 118
174 136
174 152
174 164
174 181
175 15
175 27
175 57
175 59
175 70
175 71
175 90
175 96
175 98
175 99
175 105
175 139
175 141
175 145
175 150
175 160
175 172
175 177
175 194
176 25
176 29
176 31
176 37
176 41
176 48
176 54
176 71
176 81
176 82
176 88
176 101
176 103
176 118
176 142
176 146
177 0
177 6
177 9
177 21
177 31
177 36
177 49
177 50
177 58
177 61
177 63
177 78
177 100
177 114
177 172
177 173
177 175
177 178
177 191
177 196
178 3
178 26
178 50
178 55
178 62
178 80
178 99
178 103
178 112
178 128
178 167
178 168
178 172
178 177
178 190
179 16
179 26
179 28
179 44
179 59
179 92
179 135
179 137
179 139
179 146
179 163
179 183
180 8
180 21
180 25
180 29
180 33
180 41
180 49
180 51
180 69
180 91
180 98
180 108
180 112
180 121
180 130
180 147
180 154
180 155
180 159
180 186
181 4
181 7
181 17
181 26
181 70
181 76
181 114
181 117
181 125
181 159
181 160
181 168
181 174
182 20
182 25
182 42
182 47
182 50
182 54
182 59
182 75
182 79
182 101
182 114
182 117
182 123
182 124
182 136
182 155
182 158
182 172
183 13
183 22
183 23
183 39
183 55
183 70
183 78
183 83
183 95
183 98
183 104
183 121
183 127
183 134
183 135
183 140
183 153
183 161
183 172
183 179
184 4
184 7
184 20
184 27
184 31
184 36
184 38
184 54
184 59
184 60
184 74
184 89
184 92
184 105
184 131
184 153
184 155
184 156
184 158
184 166
184 169
184 172
184 185
184 192
184 199
185 3
185 13
185 15
185 23
185 26
185 28
185 29
185 35
185 36
185 62
185 65
185 91
185 95
185 107
185 112
185 117
185 171
185 173
185 184
185 189
185 198
186 1
186 8
186 22
186 42
186 107
186 110
186 134
186 146
186 148
186 153
186 160
186 170
186 180
186 196
187 22
187 26
187 49
187 54
187 68
187 69
187 81
187 88
187 103
187 117
187 144
187 163
187 169
187 198
188 2
188 5
188 27
188 28
188 32
188 33
188 83
188 84
188 108
188 127
188 131
188 142
188 150
188 151
188 167
189 4
189 22
189 44
189 63
189 75
189 78
189 106
189 113
189 127
189 135
189 140
189 163
189 185
190 16
190 17
190 23
190 34
190 47
190 70
190 72
190 107
190 127
190 139
190 154
190 159
190 162
190 165
190 166
190 172
190 173
190 178
190 192
191 22
191 27
191 32
191 33
191 35
191 37
191 38
191 41
191 44
191 47
191 55
191 70
191 75
191 79
191 86
191 115
191 121
191 144
191 151
191 177
191 199
192 0
192 5
192 24
192 39
192 43
192 50
192 59
192 90
192 124
192 135
192 137
192 138
192 141
192 145
192 155
192 157
192 184
192 190
192 195
192 199
193 3
193 14
193 16
193 17
193 23
193 63
193 68
193 70
193 82
193 87
193 111
193 131
193 132
193 133
193 137
193 140
193 141
193 165
193 169
193 170
194 1
194 17
194 43
194 59
194 70
194 86
194 89
194 90
194 94
194 105
194 109
194 113
194 122
194 125
194 148
194 162
194 164
194 166
194 175
195 13
195 25
195 35
195 44
195 46
195 53
195 57
195 64
195 66
195 78
195 84
195 96
195 111
195 113
195 126
195 144
195 159
195 160
195 169
195 171
195 192
196 0
196 3
196 21
196 36
196 51
196 66
196 72
196 74
196 78
196 84
196 87
196 89
196 128
196 139
196 167
196 177
196 186
196 199
197 4
197 20
197 38
197 39
197 42
197 46
197 52
197 54
197 57
197 85
197 87
197 91
197 97
197 127
197 144
197 153
197 163
197 169
198 2
198 7
198 9
198 45
198 60
198 65
198 77
198 82
198 89
198 103
198 111
198 124
198 131
198 158
198 165
198 168
198 185
198 187
199 7
199 25
199 29
199 49
199 51
199 63
199 70
199 71
199 83
199 87
199 92
199 97
199 126
199 140
199 144
199 150
199 152
199 153
199 184
199 191
199 192
199 196