500 6234
0 21
0 22
0 30
0 101
0 107
0 109
0 116
0 119
0 125
0 149
0 153
0 171
0 172
0 205
0 211
0 236
0 294
0 317
0 323
0 346
0 356
0 371
0 458
1 16
1 26
1 35
1 85
1 95
1 100
1 159
1 170
1 224
1 256
1 259
1 271
1 278
1 289
1 315
1 330
1 384
1 400
1 401
1 450
1 457
1 477
1 485
1 497
2 14
2 15
2 58
2 99
2 104
2 129
2 157
2 173
2 186
2 192
2 208
2 219
2 225
2 226
2 228
2 242
2 251
2 275
2 308
2 310
2 318
2 343
2 344
2 427
2 438
2 491
3 8
3 48
3 55
3 58
3 72
3 73
3 81
3 140
3 153
3 170
3 177
3 191
3 223
3 233
3 245
3 275
3 282
3 292
3 294
3 299
3 311
3 340
3 344
3 358
3 362
3 399
3 427
3 429
3 432
4 37
4 65
4 66
4 110
4 184
4 187
4 192
4 195
4 224
4 232
4 238
4 246
4 283
4 338
4 341
4 345
4 401
4 408
4 420
4 422
4 459
4 483
5 90
5 99
5 113
5 134
5 162
5 169
5 175
5 188
5 199
5 217
5 261
5 269
5 297
5 302
5 332
5 335
5 343
5 355
5 394
5 405
5 422
5 426
5 432
5 453
6 22
6 77
6 140
6 141
6 173
6 186
6 209
6 219
6 230
6 232
6 254
6 293
6 307
6 349
6 351
6 354
6 356
6 362
6 422
6 430
6 438
6 447
6 451
6 463
6 475
6 483
7 13
7 24
7 27
7 88
7 93
7 97
7 151
7 179
7 250
7 267
7 274
7 280
7 328
7 330
7 331
7 344
7 345
7 355
7 365
7 406
7 436
7 487
8 3
8 62
8 66
8 70
8 72
8 104
8 109
8 111
8 119
8 121
8 172
8 208
8 268
8 283
8 294
8 295
8 322
8 323
8 352
8 356
8 358
8 360
8 375
8 397
8 403
8 415
8 447
8 454
8 459
8 479
8 489
9 27
9 45
9 48
9 60
9 83
9 131
9 139
9 146
9 147
9 150
9 176
9 200
9 204
9 262
9 325
9 329
9 337
9 376
9 386
9 399
9 409
9 419
9 446
9 465
9 496
10 23
10 28
10 39
10 55
10 73
10 95
10 100
10 107
10 131
10 146
10 155
10 162
10 181
10 188
10 211
10 224
10 235
10 251
10 262
10 271
10 301
10 313
10 330
10 354
10 384
10 419
10 449
10 494
11 66
11 79
11 85
11 93
11 98
11 112
11 123
11 129
11 158
11 163
11 207
11 209
11 230
11 232
11 235
11 293
11 307
11 331
11 333
11 344
11 412
11 418
11 427
11 464
11 484
11 485
12 17
12 28
12 59
12 75
12 98
12 118
12 147
12 171
12 185
12 200
12 205
12 207
12 208
12 223
12 228
12 252
12 287
12 296
12 306
12 325
12 329
12 350
12 366
12 369
12 394
12 406
12 413
12 461
12 467
12 473
12 483
12 491
13 7
13 69
13 124
13 152
13 185
13 207
13 234
13 251
13 262
13 267
13 279
13 318
13 321
13 359
13 375
13 382
13 390
13 471
13 489
14 2
14 57
14 62
14 90
14 98
14 101
14 108
14 155
14 160
14 161
14 166
14 169
14 191
14 239
14 263
14 292
14 318
14 348
14 365
14 385
14 392
14 465
14 467
14 489
15 2
15 42
15 50
15 61
15 62
15 76
15 104
15 176
15 186
15 211
15 238
15 243
15 264
15 272
15 337
15 343
15 363
15 402
15 479
16 1
16 36
16 37
16 41
16 46
16 51
16 63
16 97
16 107
16 125
16 171
16 174
16 179
16 184
16 246
16 270
16 289
16 319
16 320
16 326
16 331
16 349
16 434
16 449
17 12
17 86
17 114
17 134
17 138
17 146
17 160
17 181
17 186
17 207
17 217
17 252
17 254
17 266
17 311
17 315
17 321
17 357
17 361
17 376
17 383
17 430
17 455
17 457
17 478
17 483
18 41
18 42
18 100
18 107
18 110
18 116
18 121
18 123
18 128
18 133
18 134
18 135
18 163
18 167
18 192
18 208
18 220
18 230
18 236
18 257
18 283
18 392
18 399
18 432
18 437
18 445
18 453
19 71
19 102
19 103
19 105
19 119
19 122
19 130
19 146
19 167
19 182
19 224
19 254
19 286
19 305
19 324
19 327
19 331
19 351
19 355
19 375
19 403
19 415
19 425
19 462
19 474
19 495
20 22
20 52
20 65
20 83
20 91
20 117
20 124
20 133
20 151
20 159
20 163
20 168
20 192
20 198
20 207
20 214
20 219
20 234
20 238
20 316
20 352
20 370
20 376
20 383
20 404
20 442
20 445
20 452
20 463
20 472
20 483
21 0
21 23
21 30
21 46
21 60
21 63
21 68
21 114
21 157
21 165
21 204
21 212
21 309
21 350
21 366
21 389
21 398
21 412
21 427
21 433
21 436
21 450
21 474
21 484
21 486
21 491
22 0
22 6
22 20
22 72
22 105
22 126
22 154
22 205
22 238
22 263
22 275
22 278
22 279
22 284
22 320
22 357
22 393
22 394
22 410
22 431
22 434
23 10
23 21
23 58
23 156
23 172
23 248
23 271
23 322
23 334
23 339
23 340
23 354
23 356
23 410
23 427
23 443
23 468
24 7
24 33
24 58
24 59
24 65
24 73
24 147
24 151
24 167
24 235
24 297
24 319
24 367
24 374
24 395
24 418
24 438
24 439
24 459
24 471
24 486
24 492
25 51
25 57
25 85
25 114
25 143
25 178
25 197
25 205
25 257
25 264
25 292
25 321
25 323
25 376
25 377
25 385
25 400
25 439
25 468
25 487
26 1
26 36
26 46
26 88
26 92
26 129
26 148
26 159
26 162
26 163
26 164
26 171
26 200
26 259
26 311
26 324
26 362
26 386
26 400
26 402
26 411
26 414
26 424
26 447
26 490
27 7
27 9
27 35
27 51
27 57
27 90
27 94
27 101
27 104
27 119
27 153
27 174
27 183
27 185
27 201
27 205
27 218
27 239
27 260
27 266
27 283
27 285
27 315
27 330
27 333
27 339
27 362
27 374
27 427
27 430
27 469
27 472
28 10
28 12
28 38
28 43
28 48
28 53
28 86
28 90
28 112
28 116
28 118
28 120
28 127
28 148
28 164
28 206
28 241
28 255
28 262
28 297
28 336
28 338
28 353
28 364
28 379
28 385
28 396
28 404
28 424
28 443
28 461
28 473
28 487
28 497
29 35
29 50
29 53
29 54
29 72
29 94
29 105
29 110
29 126
29 178
29 222
29 236
29 252
29 266
29 270
29 306
29 311
29 315
29 328
29 331
29 341
29 342
29 369
29 371
29 399
29 409
29 410
29 423
29 427
29 428
29 430
29 457
29 476
29 494
30 0
30 21
30 51
30 62
30 82
30 86
30 100
30 101
30 118
30 138
30 168
30 200
30 203
30 209
30 210
30 266
30 281
30 283
30 289
30 293
30 377
30 404
30 421
31 35
31 203
31 217
31 285
31 286
31 297
31 315
31 333
31 344
31 346
31 385
31 393
31 405
31 419
31 424
31 446
31 496
32 40
32 61
32 65
32 104
32 135
32 201
32 210
32 218
32 260
32 261
32 299
32 332
32 346
32 354
32 384
32 450
32 494
33 24
33 42
33 91
33 93
33 116
33 160
33 165
33 194
33 206
33 232
33 234
33 254
33 258
33 279
33 287
33 335
33 345
33 355
33 359
33 367
33 377
33 379
33 434
33 444
33 481
34 35
34 46
34 60
34 65
34 66
34 90
34 135
34 139
34 155
34 162
34 174
34 182
34 190
34 214
34 266
34 292
34 299
34 340
34 411
34 417
34 468
34 491
35 1
35 27
35 29
35 31
35 34
35 46
35 75
35 79
35 97
35 134
35 145
35 164
35 198
35 223
35 225
35 226
35 242
35 259
35 295
35 313
35 359
35 371
35 373
35 381
35 433
35 437
35 445
35 469
35 478
35 479
35 499
36 16
36 26
36 96
36 120
36 124
36 144
36 152
36 201
36 213
36 220
36 227
36 277
36 286
36 318
36 323
36 354
36 398
36 422
36 427
36 451
36 474
36 478
36 479
36 481
37 4
37 16
37 85
37 86
37 88
37 104
37 114
37 117
37 137
37 162
37 170
37 206
37 207
37 242
37 243
37 251
37 265
37 303
37 313
37 326
37 333
37 346
37 350
37 361
37 367
37 378
37 419
37 429
37 434
37 440
37 451
37 458
37 481
37 497
38 28
38 42
38 45
38 106
38 142
38 190
38 192
38 222
38 262
38 265
38 278
38 288
38 334
38 366
38 399
38 422
38 456
38 471
39 10
39 44
39 47
39 83
39 98
39 101
39 110
39 113
39 210
39 220
39 239
39 240
39 256
39 258
39 384
39 398
39 406
39 407
39 420
39 430
39 454
39 460
39 474
40 32
40 85
40 89
40 110
40 118
40 120
40 193
40 198
40 217
40 243
40 261
40 313
40 321
40 323
40 368
40 394
40 400
40 426
41 16
41 18
41 50
41 63
41 68
41 190
41 197
41 201
41 221
41 235
41 259
41 274
41 277
41 281
41 310
41 318
41 338
41 339
41 345
41 346
41 348
41 350
41 359
41 360
41 371
41 373
41 378
41 395
41 396
41 409
41 422
41 432
42 15
42 18
42 33
42 38
42 63
42 118
42 122
42 142
42 181
42 203
42 241
42 258
42 267
42 276
42 295
42 298
42 299
42 335
42 364
42 427
42 431
42 433
42 445
42 461
42 476
43 28
43 48
43 75
43 80
43 83
43 114
43 119
43 129
43 188
43 217
43 229
43 239
43 249
43 275
43 300
43 321
43 368
43 379
43 386
43 393
43 405
43 434
43 443
43 450
43 468
43 473
43 489
43 491
43 495
44 39
44 55
44 74
44 135
44 150
44 178
44 221
44 226
44 242
44 248
44 252
44 257
44 320
44 353
44 362
44 374
44 381
44 398
44 409
44 420
44 433
44 437
44 442
44 453
44 489
45 9
45 38
45 57
45 86
45 94
45 135
45 139
45 152
45 169
45 218
45 223
45 255
45 261
45 280
45 303
45 382
45 384
45 388
45 418
45 423
45 430
45 445
45 470
45 477
45 488
45 494
46 16
46 21
46 26
46 34
46 35
46 84
46 92
46 98
46 104
46 134
46 227
46 236
46 281
46 298
46 318
46 321
46 325
46 326
46 331
46 387
46 391
46 393
46 396
46 401
46 405
46 418
46 428
46 436
46 452
46 469
46 479
46 493
46 494
47 39
47 62
47 64
47 66
47 93
47 115
47 119
47 125
47 144
47 146
47 152
47 158
47 163
47 166
47 179
47 181
47 221
47 315
47 373
47 377
47 404
47 477
47 479
47 484
47 492
48 3
48 9
48 28
48 43
48 50
48 74
48 75
48 99
48 127
48 146
48 187
48 188
48 201
48 202
48 342
48 344
48 346
48 358
48 363
48 377
48 384
48 385
48 410
48 430
48 439
48 478
48 479
49 57
49 75
49 77
49 93
49 96
49 107
49 121
49 128
49 168
49 174
49 176
49 182
49 184
49 218
49 235
49 264
49 298
49 345
49 353
49 359
49 402
49 419
49 424
49 433
50 15
50 29
50 41
50 48
50 62
50 75
50 90
50 98
50 109
50 113
50 125
50 127
50 137
50 140
50 144
50 149
50 164
50 171
50 173
50 175
50 205
50 209
50 211
50 253
50 262
50 291
50 292
50 338
50 351
50 359
50 397
50 413
50 488
51 16
51 25
51 27
51 30
51 113
51 129
51 150
51 155
51 168
51 176
51 186
51 187
51 210
51 211
51 217
51 227
51 255
51 268
51 378
51 419
51 437
52 20
52 63
52 64
52 78
52 90
52 103
52 129
52 150
52 160
52 168
52 188
52 207
52 225
52 231
52 238
52 272
52 282
52 289
52 299
52 367
52 374
52 392
52 415
52 422
52 432
52 436
52 494
53 28
53 29
53 63
53 73
53 99
53 135
53 137
53 223
53 245
53 246
53 272
53 280
53 281
53 288
53 325
53 376
53 380
53 382
53 389
53 392
53 404
53 412
53 420
53 460
53 494
54 29
54 56
54 58
54 108
54 135
54 148
54 196
54 201
54 211
54 270
54 276
54 277
54 285
54 306
54 337
54 340
54 357
54 376
54 381
54 468
54 497
55 3
55 10
55 44
55 56
55 98
55 128
55 140
55 159
55 162
55 174
55 212
55 228
55 259
55 269
55 271
55 285
55 286
55 335
55 350
55 439
55 456
55 466
55 484
55 499
56 54
56 55
56 78
56 96
56 103
56 122
56 148
56 152
56 156
56 161
56 163
56 170
56 189
56 228
56 236
56 241
56 263
56 297
56 313
56 316
56 332
56 355
56 365
56 369
56 384
56 443
56 451
56 460
56 465
56 474
56 493
57 14
57 25
57 27
57 45
57 49
57 61
57 88
57 105
57 119
57 123
57 180
57 199
57 243
57 267
57 315
57 324
57 333
57 350
57 387
57 391
57 392
57 432
57 470
57 472
58 2
58 3
58 23
58 24
58 54
58 87
58 96
58 98
58 121
58 199
58 220
58 246
58 342
58 351
58 425
58 428
58 436
58 442
58 449
58 462
58 489
58 491
58 499
59 12
59 24
59 72
59 141
59 165
59 175
59 209
59 247
59 271
59 281
59 291
59 333
59 357
59 384
59 400
59 416
59 418
59 437
59 457
59 465
59 487
59 489
60 9
60 21
60 34
60 78
60 80
60 81
60 86
60 92
60 102
60 127
60 152
60 155
60 186
60 203
60 214
60 224
60 244
60 308
60 318
60 331
60 335
60 350
60 352
60 404
60 438
60 456
60 493
61 15
61 32
61 57
61 75
61 119
61 133
61 156
61 264
61 281
61 324
61 342
61 346
61 349
61 388
61 393
61 417
61 424
61 425
61 440
61 443
61 465
61 474
61 491
62 8
62 14
62 15
62 30
62 47
62 50
62 117
62 119
62 159
62 177
62 187
62 200
62 203
62 263
62 264
62 351
62 382
62 404
62 441
62 459
62 470
63 16
63 21
63 41
63 42
63 52
63 53
63 73
63 74
63 78
63 79
63 85
63 120
63 187
63 189
63 208
63 253
63 272
63 295
63 304
63 311
63 317
63 327
63 335
63 341
63 354
63 357
63 389
63 403
63 445
63 455
63 491
64 47
64 52
64 91
64 96
64 152
64 180
64 181
64 256
64 310
64 333
64 340
64 366
64 385
64 402
64 416
64 439
64 455
64 470
64 489
65 4
65 20
65 24
65 32
65 34
65 71
65 79
65 119
65 122
65 169
65 176
65 197
65 209
65 217
65 223
65 237
65 242
65 269
65 282
65 287
65 310
65 331
65 351
65 353
65 359
65 395
65 428
65 470
65 473
65 479
66 4
66 8
66 11
66 34
66 47
66 77
66 111
66 153
66 174
66 191
66 192
66 196
66 222
66 228
66 311
66 323
66 336
66 338
66 345
66 386
66 391
66 410
66 448
66 455
66 458
67 92
67 115
67 117
67 137
67 164
67 212
67 221
67 232
67 238
67 242
67 273
67 309
67 326
67 333
67 425
67 429
67 458
67 461
67 497
68 21
68 41
68 105
68 130
68 202
68 221
68 228
68 242
68 261
68 262
68 291
68 293
68 307
68 309
68 360
68 407
68 408
68 412
68 420
68 441
68 446
69 13
69 90
69 94
69 116
69 168
69 169
69 185
69 197
69 205
69 259
69 273
69 301
69 398
69 404
69 414
69 429
70 8
70 77
70 84
70 85
70 135
70 160
70 164
70 192
70 197
70 221
70 226
70 231
70 261
70 274
70 311
70 316
70 361
70 373
70 389
70 392
70 400
70 412
70 417
70 440
70 455
70 456
70 477
70 485
71 19
71 65
71 82
71 89
71 102
71 151
71 178
71 187
71 226
71 303
71 333
71 369
71 375
71 378
71 414
71 461
71 462
71 473
71 482
71 495
71 499
72 3
72 8
72 22
72 29
72 59
72 73
72 78
72 87
72 115
72 124
72 130
72 134
72 137
72 146
72 165
72 221
72 224
72 297
72 298
72 301
72 328
72 340
72 349
72 428
72 435
72 492
73 3
73 10
73 24
73 53
73 63
73 72
73 93
73 113
73 115
73 118
73 127
73 164
73 201
73 217
73 218
73 219
73 230
73 247
73 263
73 264
73 298
73 305
73 342
73 351
73 381
73 395
73 405
73 444
73 454
74 44
74 48
74 63
74 87
74 130
74 136
74 141
74 151
74 154
74 214
74 229
74 259
74 268
74 299
74 309
74 313
74 314
74 339
74 350
74 377
74 381
74 384
74 396
75 12
75 35
75 43
75 48
75 49
75 50
75 61
75 84
75 87
75 144
75 177
75 205
75 222
75 223
75 243
75 268
75 282
75 299
75 334
75 341
75 355
75 356
75 377
75 455
76 15
76 110
76 129
76 140
76 151
76 165
76 167
76 174
76 271
76 299
76 302
76 309
76 317
76 318
76 327
76 330
76 349
76 357
76 364
76 392
76 393
76 420
76 423
76 425
76 429
76 433
76 470
77 6
77 49
77 66
77 70
77 83
77 91
77 110
77 137
77 139
77 150
77 164
77 167
77 177
77 209
77 213
77 232
77 241
77 278
77 300
77 316
77 353
77 373
77 387
77 389
77 394
77 408
77 419
77 430
77 465
77 478
77 480
77 494
78 52
78 56
78 60
78 63
78 72
78 84
78 87
78 123
78 150
78 152
78 194
78 206
78 207
78 227
78 247
78 263
78 278
78 283
78 293
78 323
78 352
78 412
78 439
78 460
78 482
79 11
79 35
79 63
79 65
79 127
79 150
79 191
79 267
79 324
79 367
79 373
79 378
79 394
79 400
79 454
79 466
79 467
80 43
80 60
80 81
80 86
80 122
80 123
80 124
80 143
80 149
80 162
80 171
80 189
80 203
80 245
80 253
80 260
80 295
80 296
80 302
80 323
80 328
80 329
80 345
80 360
80 366
80 382
80 386
80 437
80 447
80 451
81 3
81 60
81 80
81 91
81 96
81 184
81 225
81 231
81 286
81 333
81 362
81 414
81 420
82 30
82 71
82 105
82 107
82 108
82 111
82 128
82 162
82 164
82 168
82 173
82 180
82 213
82 256
82 308
82 332
82 333
82 368
82 387
82 399
82 402
82 405
82 429
82 477
82 485
83 9
83 20
83 39
83 43
83 77
83 85
83 108
83 129
83 147
83 153
83 167
83 190
83 196
83 204
83 239
83 247
83 261
83 281
83 299
83 337
83 346
83 350
83 371
83 382
83 421
83 428
83 440
83 451
83 470
83 483
84 46
84 70
84 75
84 78
84 91
84 94
84 151
84 177
84 180
84 211
84 217
84 224
84 241
84 248
84 263
84 299
84 303
84 322
84 372
84 402
84 413
84 418
84 425
84 450
84 475
84 479
84 485
85 1
85 11
85 25
85 37
85 40
85 63
85 70
85 83
85 102
85 151
85 193
85 195
85 222
85 233
85 248
85 262
85 288
85 296
85 305
85 313
85 341
85 342
85 411
85 424
85 430
85 433
85 436
85 439
85 443
85 499
86 17
86 28
86 30
86 37
86 45
86 60
86 80
86 118
86 139
86 146
86 158
86 186
86 206
86 211
86 232
86 251
86 264
86 281
86 332
86 336
86 373
86 377
86 383
86 417
86 440
86 458
86 461
86 493
87 58
87 72
87 74
87 75
87 78
87 93
87 108
87 152
87 168
87 173
87 227
87 239
87 247
87 300
87 340
87 355
87 414
87 427
87 437
87 456
87 469
87 488
88 7
88 26
88 37
88 57
88 116
88 149
88 193
88 197
88 199
88 200
88 231
88 253
88 279
88 302
88 324
88 328
88 340
88 342
88 347
88 360
88 367
88 372
88 374
88 433
88 435
88 439
88 455
88 490
89 40
89 71
89 103
89 124
89 143
89 185
89 213
89 224
89 238
89 252
89 302
89 313
89 329
89 357
89 396
89 406
89 419
89 457
89 460
89 472
89 482
90 5
90 14
90 27
90 28
90 34
90 50
90 52
90 69
90 119
90 130
90 142
90 145
90 147
90 179
90 182
90 217
90 219
90 309
90 320
90 321
90 335
90 352
90 373
90 426
90 431
90 444
90 446
90 485
91 20
91 33
91 64
91 77
91 81
91 84
91 109
91 166
91 192
91 200
91 204
91 206
91 221
91 222
91 237
91 245
91 263
91 281
91 285
91 299
91 330
91 378
91 390
91 414
91 426
91 438
91 454
91 455
91 468
92 26
92 46
92 60
92 67
92 105
92 111
92 140
92 145
92 170
92 176
92 181
92 182
92 198
92 199
92 205
92 214
92 230
92 235
92 251
92 256
92 268
92 277
92 288
92 290
92 304
92 319
92 338
92 383
92 392
92 404
92 408
92 416
92 464
93 7
93 11
93 33
93 47
93 49
93 73
93 87
93 110
93 113
93 119
93 137
93 141
93 148
93 222
93 245
93 277
93 294
93 342
93 379
93 389
93 408
93 418
93 430
93 447
93 453
93 472
93 483
93 492
94 27
94 29
94 45
94 69
94 84
94 101
94 127
94 161
94 173
94 201
94 234
94 268
94 277
94 284
94 290
94 309
94 318
94 354
94 376
94 454
94 471
94 479
94 494
95 1
95 10
95 154
95 158
95 205
95 223
95 241
95 268
95 280
95 332
95 340
95 356
95 375
95 387
95 409
95 417
95 456
95 457
95 471
96 36
96 49
96 56
96 58
96 64
96 81
96 111
96 135
96 162
96 177
96 193
96 220
96 223
96 244
96 338
96 340
96 354
96 384
96 391
96 411
96 421
96 434
96 448
97 7
97 16
97 35
97 119
97 161
97 162
97 189
97 198
97 230
97 297
97 306
97 331
97 355
97 373
97 393
97 412
97 436
97 485
98 11
98 12
98 14
98 39
98 46
98 50
98 55
98 58
98 173
98 185
98 195
98 219
98 236
98 249
98 250
98 252
98 265
98 344
98 358
98 399
98 416
98 442
98 466
98 498
99 2
99 5
99 48
99 53
99 103
99 109
99 113
99 115
99 139
99 145
99 147
99 168
99 172
99 178
99 206
99 232
99 278
99 284
99 299
99 320
99 324
99 328
99 335
99 341
99 345
99 386
99 412
99 488
100 1
100 10
100 18
100 30
100 123
100 180
100 190
100 229
100 241
100 301
100 314
100 331
100 334
100 376
100 402
100 405
100 409
100 419
100 444
100 449
100 459
100 479
100 495
101 0
101 14
101 27
101 30
101 39
101 94
101 116
101 150
101 184
101 199
101 220
101 284
101 289
101 329
101 345
101 358
101 406
101 434
101 446
101 463
101 464
101 474
102 19
102 60
102 71
102 85
102 117
102 142
102 175
102 206
102 213
102 221
102 262
102 268
102 283
102 293
102 312
102 336
102 347
102 363
102 428
102 439
102 462
102 487
103 19
103 52
103 56
103 89
103 99
103 127
103 167
103 175
103 196
103 208
103 212
103 271
103 300
103 368
103 385
103 389
103 402
103 410
103 438
103 444
103 466
104 2
104 8
104 15
104 27
104 32
104 37
104 46
104 127
104 142
104 160
104 187
104 202
104 209
104 210
104 235
104 270
104 273
104 281
104 291
104 299
104 304
104 366
104 438
104 485
104 493
105 19
105 22
105 29
105 57
105 68
105 82
105 92
105 109
105 110
105 158
105 185
105 189
105 205
105 229
105 233
105 235
105 246
105 295
105 300
105 315
105 354
105 379
105 381
105 382
105 400
105 446
105 451
105 489
106 38
106 149
106 153
106 154
106 171
106 191
106 205
106 218
106 227
106 267
106 272
106 311
106 321
106 322
106 333
106 345
106 351
106 355
106 358
106 375
106 408
106 415
106 423
106 438
106 440
106 456
106 490
107 0
107 10
107 16
107 18
107 49
107 82
107 140
107 148
107 166
107 176
107 185
107 235
107 245
107 249
107 259
107 266
107 281
107 302
107 346
107 368
107 398
107 409
107 464
107 477
107 478
107 481
107 495
108 14
108 54
108 82
108 83
108 87
108 136
108 152
108 173
108 209
108 213
108 231
108 234
108 236
108 252
108 256
108 299
108 357
108 362
108 386
108 398
108 412
108 433
108 451
108 478
109 0
109 8
109 50
109 91
109 99
109 105
109 112
109 123
109 127
109 130
109 147
109 152
109 229
109 248
109 266
109 270
109 276
109 335
109 346
109 348
109 372
109 382
109 426
109 441
109 457
109 465
109 471
110 4
110 18
110 29
110 39
110 40
110 76
110 77
110 93
110 105
110 155
110 156
110 157
110 181
110 225
110 238
110 248
110 256
110 260
110 274
110 311
110 316
110 351
110 359
110 370
110 373
110 383
110 453
110 465
110 468
111 8
111 66
111 82
111 92
111 96
111 150
111 185
111 187
111 196
111 229
111 259
111 268
111 295
111 303
111 306
111 324
111 344
111 363
111 370
111 372
111 407
111 410
111 414
111 424
111 427
111 433
111 469
112 11
112 28
112 109
112 172
112 235
112 249
112 255
112 299
112 347
112 382
112 385
112 403
112 415
112 455
112 464
112 474
113 5
113 39
113 50
113 51
113 73
113 93
113 99
113 118
113 134
113 200
113 208
113 211
113 272
113 274
113 329
113 349
113 381
113 396
113 414
113 422
113 441
113 467
113 472
113 475
113 478
114 17
114 21
114 25
114 37
114 43
114 140
114 151
114 154
114 167
114 174
114 175
114 189
114 269
114 296
114 402
114 409
114 425
114 458
114 459
114 484
115 47
115 67
115 72
115 73
115 99
115 131
115 140
115 155
115 159
115 165
115 195
115 204
115 220
115 236
115 242
115 244
115 256
115 289
115 350
115 351
115 364
115 372
115 379
115 401
115 453
115 487
116 0
116 18
116 28
116 33
116 69
116 88
116 101
116 135
116 136
116 171
116 175
116 179
116 180
116 200
116 214
116 231
116 233
116 264
116 268
116 323
116 328
116 362
116 363
116 382
116 442
116 450
116 461
116 470
116 489
117 20
117 37
117 62
117 67
117 102
117 118
117 133
117 170
117 186
117 187
117 198
117 208
117 213
117 223
117 227
117 232
117 242
117 247
117 258
117 263
117 269
117 271
117 298
117 309
117 311
117 323
117 343
117 375
117 438
117 456
117 483
117 489
118 12
118 28
118 30
118 40
118 42
118 73
118 86
118 113
118 117
118 168
118 180
118 186
118 288
118 312
118 314
118 317
118 318
118 351
118 375
118 386
118 394
118 411
118 416
118 443
118 454
118 455
118 456
118 484
118 489
118 495
119 0
119 8
119 19
119 27
119 43
119 47
119 57
119 61
119 62
119 65
119 90
119 93
119 97
119 166
119 171
119 204
119 226
119 229
119 285
119 294
119 364
119 391
119 428
119 440
119 447
119 449
120 28
120 36
120 40
120 63
120 141
120 190
120 208
120 253
120 264
120 283
120 310
120 322
120 339
120 348
120 349
120 433
120 437
120 445
120 466
120 468
120 487
121 8
121 18
121 49
121 58
121 127
121 140
121 148
121 158
121 174
121 224
121 230
121 251
121 256
121 270
121 288
121 298
121 326
121 329
121 339
121 373
121 389
121 409
121 419
121 429
121 446
121 464
121 470
122 19
122 42
122 56
122 65
122 80
122 138
122 167
122 174
122 190
122 210
122 228
122 343
122 366
122 367
122 378
122 411
122 434
122 437
122 475
123 11
123 18
123 57
123 78
123 80
123 100
123 109
123 148
123 164
123 171
123 189
123 211
123 250
123 269
123 299
123 339
123 342
123 354
123 390
123 417
123 437
123 475
123 486
124 13
124 20
124 36
124 72
124 80
124 89
124 152
124 170
124 192
124 206
124 209
124 225
124 246
124 273
124 291
124 331
124 334
124 414
124 435
124 454
125 0
125 16
125 47
125 50
125 138
125 155
125 175
125 176
125 200
125 205
125 239
125 248
125 249
125 251
125 254
125 268
125 274
125 287
125 301
125 329
125 337
125 403
125 404
125 490
126 22
126 29
126 151
126 160
126 175
126 198
126 219
126 233
126 257
126 259
126 269
126 276
126 327
126 343
126 493
127 28
127 48
127 50
127 60
127 73
127 79
127 94
127 103
127 104
127 109
127 121
127 145
127 159
127 182
127 212
127 258
127 264
127 271
127 285
127 287
127 294
127 296
127 297
127 323
127 388
127 428
127 433
127 466
127 490
127 496
128 18
128 49
128 55
128 82
128 147
128 167
128 207
128 210
128 227
128 238
128 246
128 261
128 282
128 314
128 331
128 361
128 381
128 468
128 475
128 476
128 482
129 2
129 11
129 26
129 43
129 51
129 52
129 76
129 83
129 149
129 192
129 204
129 228
129 261
129 303
129 347
129 363
129 379
129 400
129 428
129 438
129 450
129 456
129 459
129 463
129 469
129 474
129 499
130 19
130 68
130 72
130 74
130 90
130 109
130 182
130 189
130 198
130 203
130 218
130 228
130 284
130 307
130 320
130 340
130 346
130 355
130 359
130 375
130 390
130 397
130 403
130 439
130 489
130 496
131 9
131 10
131 115
131 160
131 161
131 173
131 174
131 185
131 194
131 196
131 201
131 206
131 210
131 215
131 226
131 235
131 237
131 247
131 266
131 303
131 317
131 405
131 419
131 438
131 456
131 461
132 156
132 215
132 230
132 237
132 243
132 249
132 254
132 256
132 288
132 289
132 293
132 319
132 323
132 411
132 441
132 463
132 464
132 493
132 494
133 18
133 20
133 61
133 117
133 182
133 197
133 204
133 227
133 243
133 245
133 254
133 289
133 294
133 298
133 311
133 337
133 343
133 359
133 475
134 5
134 17
134 18
134 35
134 46
134 72
134 113
134 165
134 168
134 172
134 184
134 188
134 191
134 201
134 224
134 229
134 248
134 266
134 298
134 312
134 314
134 323
134 345
134 366
134 387
134 428
135 18
135 32
135 34
135 44
135 45
135 53
135 54
135 70
135 96
135 116
135 148
135 149
135 158
135 179
135 182
135 221
135 223
135 236
135 308
135 347
135 364
135 371
135 384
135 421
135 465
135 479
135 480
135 494
135 495
136 74
136 108
136 116
136 155
136 192
136 196
136 258
136 269
136 272
136 331
136 334
136 344
136 393
136 395
136 417
136 444
136 453
136 459
136 473
137 37
137 50
137 53
137 67
137 72
137 77
137 93
137 145
137 148
137 166
137 168
137 219
137 236
137 247
137 262
137 264
137 306
137 324
137 329
137 343
137 352
137 378
137 386
137 391
137 395
137 411
137 432
137 440
137 467
137 485
138 17
138 30
138 122
138 125
138 191
138 204
138 209
138 218
138 223
138 246
138 253
138 275
138 276
138 295
138 300
138 335
138 338
138 359
138 421
138 429
138 440
138 442
138 445
138 459
138 474
138 484
138 487
138 488
138 498
139 9
139 34
139 45
139 77
139 86
139 99
139 157
139 158
139 174
139 175
139 191
139 210
139 254
139 270
139 293
139 353
139 417
139 439
139 451
139 454
139 464
139 477
140 3
140 6
140 50
140 55
140 76
140 92
140 107
140 114
140 115
140 121
140 143
140 224
140 229
140 272
140 287
140 329
140 359
140 360
140 384
140 422
140 427
140 468
140 481
141 6
141 59
141 74
141 93
141 120
141 166
141 186
141 200
141 201
141 227
141 240
141 254
141 261
141 288
141 292
141 294
141 321
141 355
141 422
141 455
141 456
141 460
142 38
142 42
142 90
142 102
142 104
142 147
142 197
142 198
142 203
142 206
142 253
142 263
142 274
142 284
142 294
142 302
142 304
142 305
142 319
142 338
142 339
142 350
142 360
142 361
142 382
142 422
142 430
142 436
142 450
142 484
142 496
143 25
143 80
143 89
143 140
143 156
143 165
143 169
143 172
143 199
143 215
143 227
143 237
143 268
143 269
143 329
143 345
143 352
143 359
143 415
143 441
143 445
144 36
144 47
144 50
144 75
144 146
144 165
144 177
144 188
144 204
144 236
144 247
144 282
144 296
144 298
144 323
144 335
144 384
144 440
144 454
144 457
144 460
144 469
144 478
145 35
145 90
145 92
145 99
145 127
145 137
145 174
145 183
145 192
145 196
145 284
145 344
145 345
145 384
145 400
145 403
145 433
145 442
145 467
145 468
145 485
146 9
146 10
146 17
146 19
146 47
146 48
146 72
146 86
146 144
146 159
146 161
146 170
146 188
146 189
146 208
146 224
146 254
146 311
146 329
146 334
146 338
146 352
146 368
146 380
146 392
146 400
146 404
146 470
146 499
147 9
147 12
147 24
147 83
147 90
147 99
147 109
147 128
147 142
147 159
147 167
147 179
147 182
147 202
147 206
147 216
147 248
147 253
147 263
147 269
147 296
147 335
147 347
147 363
147 368
147 406
147 410
147 415
147 440
147 454
147 474
148 26
148 28
148 54
148 56
148 93
148 107
148 121
148 123
148 135
148 137
148 155
148 172
148 196
148 213
148 221
148 222
148 235
148 269
148 283
148 328
148 367
148 400
148 438
148 442
148 462
148 463
148 482
149 0
149 50
149 80
149 88
149 106
149 129
149 135
149 166
149 180
149 200
149 201
149 250
149 314
149 355
149 383
149 410
149 451
149 454
149 461
149 470
150 9
150 44
150 51
150 52
150 77
150 78
150 79
150 101
150 111
150 155
150 160
150 163
150 168
150 180
150 191
150 207
150 217
150 251
150 324
150 328
150 330
150 353
150 375
150 389
150 392
150 395
150 483
150 493
151 7
151 20
151 24
151 71
151 74
151 76
151 84
151 85
151 114
151 126
151 152
151 172
151 246
151 255
151 268
151 279
151 298
151 339
151 366
151 379
151 400
151 430
151 440
151 443
151 456
151 475
151 481
151 492
151 494
151 495
152 13
152 36
152 45
152 47
152 56
152 60
152 64
152 78
152 87
152 108
152 109
152 124
152 151
152 158
152 173
152 181
152 206
152 254
152 262
152 269
152 294
152 297
152 305
152 313
152 323
152 329
152 353
152 362
152 381
152 395
152 418
152 433
152 435
152 465
152 486
152 490
152 496
153 0
153 3
153 27
153 66
153 83
153 106
153 160
153 181
153 197
153 200
153 204
153 221
153 267
153 330
153 334
153 336
153 342
153 361
153 388
153 389
153 405
153 410
153 428
153 455
153 476
153 490
153 494
154 22
154 74
154 95
154 106
154 114
154 155
154 161
154 196
154 231
154 237
154 247
154 274
154 294
154 295
154 305
154 316
154 334
154 344
154 349
154 352
154 355
154 364
154 370
154 374
154 417
154 424
154 477
154 479
155 10
155 14
155 34
155 51
155 60
155 110
155 115
155 125
155 136
155 148
155 150
155 154
155 162
155 190
155 217
155 227
155 247
155 257
155 262
155 322
155 330
155 342
155 350
155 355
155 367
155 388
155 414
155 420
155 453
155 470
155 497
156 23
156 56
156 61
156 110
156 132
156 143
156 184
156 215
156 238
156 278
156 279
156 282
156 292
156 345
156 388
156 389
156 405
156 407
156 432
156 452
156 454
156 459
156 494
157 2
157 21
157 110
157 139
157 164
157 183
157 186
157 190
157 249
157 253
157 255
157 279
157 284
157 294
157 302
157 306
157 323
157 345
157 381
157 404
157 425
157 444
157 451
157 453
157 467
157 499
158 11
158 47
158 86
158 95
158 105
158 121
158 135
158 139
158 152
158 169
158 170
158 176
158 178
158 185
158 193
158 213
158 269
158 281
158 333
158 351
158 422
158 434
159 1
159 20
159 26
159 55
159 62
159 115
159 127
159 146
159 147
159 217
159 219
159 233
159 257
159 267
159 271
159 289
159 301
159 343
159 371
159 393
159 401
159 416
159 440
159 473
159 492
160 14
160 17
160 33
160 52
160 70
160 104
160 126
160 131
160 150
160 153
160 192
160 215
160 220
160 259
160 288
160 294
160 339
160 347
160 378
160 393
160 401
160 448
160 457
160 488
160 495
161 14
161 56
161 94
161 97
161 131
161 146
161 154
161 194
161 224
161 232
161 236
161 237
161 279
161 295
161 297
161 323
161 356
161 389
161 411
161 419
161 435
161 477
161 486
161 495
162 5
162 10
162 26
162 34
162 37
162 55
162 80
162 82
162 96
162 97
162 155
162 184
162 220
162 240
162 247
162 269
162 274
162 278
162 286
162 287
162 322
162 334
162 339
162 366
162 371
162 384
162 430
162 434
162 436
162 449
162 468
162 490
162 498
163 11
163 18
163 20
163 26
163 47
163 56
163 150
163 278
163 332
163 335
163 345
163 372
163 395
163 401
163 406
163 429
163 432
163 445
163 449
163 469
164 26
164 28
164 35
164 50
164 67
164 70
164 73
164 77
164 82
164 123
164 157
164 180
164 206
164 211
164 213
164 225
164 249
164 263
164 275
164 313
164 324
164 367
164 385
164 469
164 481
164 499
165 21
165 33
165 59
165 72
165 76
165 115
165 134
165 143
165 144
165 185
165 191
165 205
165 219
165 237
165 245
165 253
165 269
165 296
165 334
165 352
165 359
165 369
165 387
165 411
165 421
165 435
165 499
166 14
166 47
166 91
166 107
166 119
166 137
166 141
166 149
166 178
166 217
166 218
166 232
166 317
166 325
166 367
166 401
166 423
166 449
166 471
166 480
166 485
166 489
167 18
167 19
167 24
167 76
167 77
167 83
167 103
167 114
167 122
167 128
167 147
167 175
167 209
167 215
167 225
167 234
167 236
167 245
167 248
167 255
167 262
167 268
167 274
167 341
167 428
167 431
167 441
167 480
167 493
168 20
168 30
168 49
168 51
168 52
168 69
168 82
168 87
168 99
168 118
168 134
168 137
168 150
168 176
168 190
168 210
168 215
168 218
168 222
168 287
168 291
168 295
168 300
168 329
168 370
168 392
168 396
168 407
168 411
168 424
168 433
168 474
168 477
168 491
169 5
169 14
169 45
169 65
169 69
169 143
169 158
169 228
169 230
169 256
169 274
169 288
169 332
169 350
169 355
169 375
169 380
169 382
169 446
169 447
169 470
170 1
170 3
170 37
170 56
170 92
170 117
170 124
170 146
170 158
170 206
170 223
170 236
170 271
170 273
170 294
170 319
170 330
170 340
170 348
170 376
170 378
170 406
170 452
170 475
170 483
171 0
171 12
171 16
171 26
171 50
171 80
171 106
171 116
171 119
171 123
171 173
171 174
171 180
171 209
171 232
171 233
171 238
171 272
171 302
171 305
171 324
171 332
171 339
171 358
171 367
171 375
171 405
171 417
171 419
171 437
171 464
171 481
171 484
172 0
172 8
172 23
172 99
172 112
172 134
172 143
172 148
172 151
172 188
172 233
172 257
172 266
172 273
172 280
172 310
172 316
172 320
172 356
172 392
172 448
172 492
173 2
173 6
173 50
173 82
173 87
173 94
173 98
173 108
173 131
173 152
173 171
173 183
173 197
173 213
173 227
173 316
173 319
173 344
173 367
173 385
173 443
173 466
173 474
173 491
174 16
174 27
174 34
174 49
174 55
174 66
174 76
174 114
174 121
174 122
174 131
174 139
174 145
174 171
174 179
174 187
174 212
174 219
174 237
174 244
174 265
174 311
174 320
174 359
174 393
174 401
174 469
174 482
175 5
175 50
175 59
175 102
175 103
175 114
175 116
175 125
175 126
175 139
175 167
175 199
175 204
175 249
175 272
175 291
175 294
175 317
175 336
175 391
175 396
175 410
175 443
176 9
176 15
176 49
176 51
176 65
176 92
176 107
176 125
176 158
176 168
176 182
176 193
176 248
176 250
176 253
176 254
176 256
176 264
176 283
176 307
176 312
176 334
176 343
176 377
176 389
176 403
176 412
176 435
176 443
176 451
176 453
176 461
176 495
177 3
177 62
177 75
177 77
177 84
177 96
177 144
177 194
177 197
177 217
177 222
177 257
177 272
177 292
177 296
177 312
177 334
177 336
177 340
177 353
177 376
177 399
177 421
177 423
177 433
177 448
177 450
177 469
178 25
178 29
178 44
178 71
178 99
178 158
178 166
178 180
178 189
178 193
178 216
178 258
178 277
178 331
178 336
178 361
178 434
178 498
179 7
179 16
179 47
179 90
179 116
179 135
179 147
179 174
179 188
179 282
179 314
179 325
179 352
179 356
179 364
179 370
179 404
179 442
179 443
179 456
179 457
179 467
179 492
179 494
180 57
180 64
180 82
180 84
180 100
180 116
180 118
180 149
180 150
180 164
180 171
180 178
180 185
180 202
180 208
180 284
180 316
180 318
180 340
180 350
180 351
180 370
180 373
180 396
180 438
180 455
180 459
180 480
181 10
181 17
181 42
181 47
181 64
181 92
181 110
181 152
181 153
181 198
181 237
181 239
181 249
181 293
181 300
181 313
181 352
181 383
181 397
181 411
181 416
181 446
181 448
181 494
182 19
182 34
182 49
182 90
182 92
182 127
182 130
182 133
182 135
182 147
182 176
182 184
182 214
182 226
182 228
182 258
182 271
182 276
182 284
182 291
182 297
182 305
182 334
182 339
182 345
182 364
182 399
182 406
182 433
182 452
182 458
182 462
182 464
182 470
182 494
183 27
183 145
183 157
183 173
183 195
183 205
183 210
183 238
183 240
183 258
183 270
183 271
183 290
183 310
183 351
183 361
183 424
183 482
184 4
184 16
184 49
184 81
184 101
184 134
184 156
184 162
184 182
184 186
184 216
184 242
184 245
184 256
184 263
184 287
184 306
184 321
184 333
184 362
184 380
184 411
184 416
184 426
184 445
184 497
184 498
185 12
185 13
185 27
185 69
185 89
185 98
185 105
185 107
185 111
185 131
185 158
185 165
185 180
185 255
185 266
185 305
185 389
185 398
185 442
185 472
185 475
186 2
186 6
186 15
186 17
186 51
186 60
186 86
186 117
186 118
186 141
186 157
186 184
186 192
186 196
186 200
186 241
186 269
186 281
186 285
186 349
186 364
186 382
186 400
186 415
186 417
186 448
186 455
186 471
186 488
187 4
187 48
187 51
187 62
187 63
187 71
187 104
187 111
187 117
187 174
187 194
187 212
187 224
187 235
187 241
187 257
187 274
187 275
187 369
187 371
187 380
187 403
187 415
187 419
187 439
187 460
188 5
188 10
188 43
188 48
188 52
188 134
188 144
188 146
188 172
188 179
188 193
188 210
188 217
188 338
188 364
188 368
188 391
188 405
188 439
188 465
189 56
189 63
189 80
189 97
189 105
189 114
189 123
189 130
189 146
189 178
189 191
189 208
189 268
189 271
189 288
189 290
189 294
189 302
189 306
189 335
189 336
189 350
189 359
189 362
189 454
189 490
190 34
190 38
190 41
190 83
190 100
190 120
190 122
190 155
190 157
190 168
190 203
190 317
190 337
190 450
190 466
191 3
191 14
191 66
191 79
191 106
191 134
191 138
191 139
191 150
191 165
191 189
191 200
191 213
191 217
191 254
191 260
191 273
191 275
191 304
191 313
191 317
191 322
191 329
191 379
191 428
191 453
191 468
191 480
191 497
192 2
192 4
192 18
192 20
192 38
192 66
192 70
192 91
192 124
192 129
192 136
192 145
192 160
192 186
192 196
192 209
192 212
192 233
192 252
192 281
192 290
192 293
192 323
192 325
192 352
192 390
192 418
192 436
192 451
192 458
192 486
193 40
193 85
193 88
193 96
193 158
193 176
193 178
193 188
193 201
193 202
193 223
193 240
193 263
193 271
193 279
193 302
193 332
193 350
193 367
193 378
193 387
193 393
193 399
193 413
193 415
193 456
193 459
193 491
194 33
194 78
194 131
194 161
194 177
194 187
194 196
194 200
194 247
194 264
194 272
194 334
194 358
194 361
194 366
194 368
194 373
194 410
194 425
194 431
194 434
194 442
194 452
195 4
195 85
195 98
195 115
195 183
195 198
195 220
195 223
195 235
195 272
195 311
195 318
195 323
195 346
195 355
195 364
195 380
195 382
195 384
195 406
195 462
195 467
195 479
196 54
196 66
196 83
196 103
196 111
196 131
196 136
196 145
196 148
196 154
196 186
196 192
196 194
196 208
196 241
196 242
196 264
196 342
196 378
196 382
196 413
196 426
196 447
196 452
196 469
196 481
196 482
196 494
196 499
197 25
197 41
197 65
197 69
197 70
197 88
197 133
197 142
197 153
197 173
197 177
197 210
197 222
197 226
197 227
197 233
197 250
197 303
197 321
197 350
197 376
197 420
197 442
197 475
197 480
197 487
197 490
197 498
198 20
198 35
198 40
198 92
198 97
198 117
198 126
198 130
198 142
198 181
198 195
198 204
198 226
198 263
198 272
198 273
198 295
198 334
198 347
198 365
198 415
198 438
198 448
198 454
198 469
198 489
198 494
199 5
199 57
199 58
199 88
199 92
199 101
199 143
199 175
199 203
199 216
199 219
199 273
199 322
199 359
199 366
199 383
199 400
199 402
199 406
199 427
199 459
200 9
200 12
200 26
200 30
200 62
200 88
200 91
200 113
200 116
200 125
200 141
200 149
200 153
200 186
200 191
200 194
200 204
200 275
200 310
200 313
200 319
200 350
200 360
200 372
200 419
200 466
200 485
201 27
201 32
201 36
201 41
201 48
201 54
201 73
201 94
201 131
201 134
201 141
201 149
201 193
201 224
201 246
201 334
201 368
201 379
201 411
201 418
201 421
201 464
201 465
201 474
202 48
202 68
202 104
202 147
202 180
202 193
202 204
202 214
202 256
202 266
202 273
202 287
202 321
202 343
202 371
202 380
202 397
202 410
202 426
202 463
202 482
202 489
203 30
203 31
203 42
203 60
203 62
203 80
203 130
203 142
203 190
203 199
203 225
203 235
203 239
203 273
203 287
203 313
203 329
203 345
203 366
203 395
203 408
203 444
203 445
203 452
203 474
203 475
203 489
204 9
204 21
204 83
204 91
204 115
204 119
204 129
204 133
204 138
204 144
204 153
204 175
204 198
204 200
204 202
204 275
204 355
204 369
204 373
204 401
204 407
204 410
204 444
204 463
204 473
205 0
205 12
205 22
205 25
205 27
205 50
205 69
205 75
205 92
205 95
205 105
205 106
205 125
205 165
205 183
205 239
205 247
205 296
205 311
205 326
205 329
205 348
205 364
205 373
205 413
205 419
205 437
205 439
205 446
205 485
206 28
206 33
206 37
206 78
206 86
206 91
206 99
206 102
206 124
206 131
206 142
206 147
206 152
206 164
206 170
206 210
206 213
206 277
206 298
206 310
206 354
206 408
206 428
206 455
206 473
206 476
207 11
207 12
207 13
207 17
207 20
207 37
207 52
207 78
207 128
207 150
207 228
207 236
207 284
207 316
207 320
207 321
207 327
207 331
207 353
207 366
207 392
207 443
207 472
207 474
208 2
208 8
208 12
208 18
208 63
208 103
208 113
208 117
208 120
208 146
208 180
208 189
208 196
208 234
208 246
208 295
208 317
208 343
208 391
208 406
208 415
208 430
208 444
208 465
208 495
208 498
209 6
209 11
209 30
209 50
209 59
209 65
209 77
209 104
209 108
209 124
209 138
209 167
209 171
209 192
209 214
209 247
209 306
209 329
209 338
209 375
209 396
209 424
209 499
210 30
210 32
210 39
210 51
210 104
210 122
210 128
210 131
210 139
210 168
210 183
210 188
210 197
210 206
210 247
210 259
210 287
210 293
210 313
210 326
210 335
210 351
210 362
210 385
210 408
210 432
210 458
210 482
210 498
211 0
211 10
211 15
211 50
211 51
211 54
211 84
211 86
211 113
211 123
211 164
211 224
211 274
211 286
211 298
211 337
211 349
211 397
211 404
211 448
211 474
212 21
212 55
212 67
212 103
212 127
212 174
212 187
212 192
212 237
212 256
212 303
212 316
212 372
212 374
212 416
212 417
212 447
212 455
212 475
212 476
213 36
213 77
213 82
213 89
213 102
213 108
213 117
213 148
213 158
213 164
213 173
213 191
213 206
213 242
213 278
213 301
213 327
213 347
213 362
213 375
213 401
213 412
213 466
213 475
213 479
213 492
214 20
214 34
214 60
214 74
214 92
214 116
214 182
214 202
214 209
214 233
214 243
214 254
214 268
214 278
214 286
214 287
214 304
214 308
214 325
214 332
214 408
214 433
214 470
214 496
215 131
215 132
215 143
215 156
215 160
215 167
215 168
215 229
215 245
215 267
215 280
215 303
215 325
215 348
215 360
215 374
215 376
215 377
215 378
215 389
215 415
215 426
215 428
215 432
215 436
215 439
215 459
215 483
216 147
216 178
216 184
216 199
216 228
216 232
216 307
216 308
216 338
216 369
216 386
216 388
216 404
216 420
216 455
216 465
216 467
216 495
217 5
217 17
217 31
217 40
217 43
217 51
217 65
217 73
217 84
217 90
217 150
217 155
217 159
217 166
217 177
217 188
217 191
217 244
217 340
217 342
217 344
217 386
217 397
217 406
217 452
218 27
218 32
218 45
218 49
218 73
218 106
218 130
218 138
218 166
218 168
218 277
218 298
218 300
218 302
218 320
218 326
218 343
218 375
218 387
218 451
218 470
218 492
219 2
219 6
219 20
219 73
219 90
219 98
219 126
219 137
219 159
219 165
219 174
219 199
219 228
219 290
219 304
219 337
219 354
219 364
219 388
219 412
219 425
219 453
219 454
220 18
220 36
220 39
220 58
220 96
220 101
220 115
220 160
220 162
220 195
220 231
220 243
220 269
220 302
220 319
220 334
220 340
220 363
220 369
220 391
220 416
220 430
220 460
220 490
221 41
221 44
221 47
221 67
221 68
221 70
221 72
221 91
221 102
221 135
221 148
221 153
221 235
221 240
221 246
221 266
221 284
221 285
221 296
221 334
221 338
221 358
221 398
221 406
221 412
221 421
221 440
221 442
221 447
221 461
221 467
221 468
221 487
221 491
222 29
222 38
222 66
222 75
222 85
222 91
222 93
222 148
222 168
222 177
222 197
222 263
222 362
222 367
222 382
222 393
222 430
222 441
222 445
222 451
222 480
222 482
223 3
223 12
223 35
223 45
223 53
223 65
223 75
223 95
223 96
223 117
223 135
223 138
223 170
223 193
223 195
223 229
223 250
223 276
223 284
223 305
223 316
223 334
223 336
223 339
223 344
223 348
223 374
223 382
223 404
223 426
223 459
223 484
224 1
224 4
224 10
224 19
224 60
224 72
224 84
224 89
224 121
224 134
224 140
224 146
224 161
224 187
224 201
224 211
224 243
224 249
224 255
224 258
224 296
224 299
224 308
224 327
224 347
224 386
224 413
224 437
224 440
224 460
224 472
224 487
225 2
225 35
225 52
225 81
225 110
225 124
225 164
225 167
225 203
225 240
225 247
225 285
225 288
225 292
225 294
225 354
225 368
225 369
225 379
225 408
225 413
225 435
225 452
226 2
226 35
226 44
226 70
226 71
226 119
226 131
226 182
226 197
226 198
226 229
226 265
226 297
226 300
226 305
226 312
226 316
226 323
226 356
226 362
226 370
226 401
226 405
226 439
226 441
226 457
226 459
226 491
227 36
227 46
227 51
227 78
227 87
227 106
227 117
227 128
227 133
227 141
227 143
227 155
227 173
227 197
227 233
227 245
227 246
227 264
227 283
227 288
227 290
227 292
227 303
227 304
227 309
227 319
227 331
227 356
227 365
227 371
227 387
227 394
227 402
227 435
227 477
227 499
228 2
228 12
228 55
228 56
228 66
228 68
228 122
228 129
228 130
228 169
228 182
228 207
228 216
228 219
228 252
228 282
228 310
228 368
228 374
228 394
228 431
228 443
228 464
229 43
229 74
229 100
229 105
229 109
229 111
229 119
229 134
229 140
229 215
229 223
229 226
229 240
229 241
229 245
229 268
229 273
229 284
229 285
229 300
229 351
229 355
229 358
229 387
229 389
229 390
229 423
229 462
229 463
230 6
230 11
230 18
230 73
230 92
230 97
230 121
230 132
230 169
230 242
230 290
230 299
230 314
230 321
230 352
230 384
230 458
230 464
230 469
230 488
231 52
231 70
231 81
231 88
231 108
231 116
231 154
231 220
231 233
231 281
231 296
231 325
231 343
231 348
231 420
231 429
231 458
231 463
231 475
231 481
232 4
232 6
232 11
232 33
232 67
232 77
232 86
232 99
232 117
232 161
232 166
232 171
232 216
232 244
232 253
232 254
232 288
232 300
232 384
232 411
233 3
233 85
233 105
233 116
233 126
233 159
233 171
233 172
233 192
233 197
233 214
233 227
233 231
233 294
233 295
233 297
233 300
233 304
233 308
233 334
233 366
233 437
233 462
233 464
234 13
234 20
234 33
234 94
234 108
234 167
234 208
234 260
234 268
234 281
234 282
234 289
234 291
234 302
234 310
234 332
234 338
234 416
234 427
234 440
234 448
235 10
235 11
235 24
235 41
235 49
235 92
235 104
235 105
235 107
235 112
235 131
235 148
235 187
235 195
235 203
235 221
235 350
235 356
235 360
235 362
235 376
235 379
235 411
235 432
235 476
235 491
235 496
236 0
236 18
236 29
236 46
236 56
236 98
236 108
236 115
236 135
236 137
236 144
236 161
236 167
236 170
236 207
236 242
236 269
236 290
236 370
236 384
236 399
236 457
236 471
237 65
237 91
237 131
237 132
237 143
237 154
237 161
237 165
237 174
237 181
237 212
237 280
237 321
237 334
237 350
237 383
237 399
237 420
237 432
237 469
237 473
237 495
238 4
238 15
238 20
238 22
238 52
238 67
238 89
238 110
238 128
238 156
238 171
238 183
238 241
238 266
238 272
238 301
238 313
238 358
238 376
238 378
238 420
238 421
238 428
238 429
238 456
238 458
238 473
238 494
238 498
239 14
239 27
239 39
239 43
239 83
239 87
239 125
239 181
239 203
239 205
239 268
239 273
239 279
239 299
239 327
239 341
239 356
239 375
239 381
239 387
239 389
239 390
239 407
239 419
239 423
239 428
239 435
239 443
239 487
239 491
240 39
240 141
240 162
240 183
240 193
240 221
240 225
240 229
240 274
240 277
240 286
240 342
240 343
240 369
240 403
240 444
240 454
240 474
240 483
240 484
240 491
240 495
241 28
241 42
241 56
241 77
241 84
241 95
241 100
241 186
241 187
241 196
241 229
241 238
241 300
241 311
241 337
241 343
241 398
241 492
242 2
242 35
242 37
242 44
242 65
242 67
242 68
242 115
242 117
242 184
242 196
242 213
242 230
242 236
242 251
242 265
242 271
242 286
242 310
242 315
242 343
242 348
242 423
242 430
242 441
242 470
242 472
242 478
242 498
243 15
243 37
243 40
243 57
243 75
243 132
243 133
243 214
243 220
243 224
243 254
243 281
243 297
243 311
243 321
243 347
243 363
243 364
243 401
243 428
243 433
243 479
244 60
244 96
244 115
244 174
244 217
244 232
244 259
244 291
244 328
244 346
244 367
244 368
244 396
244 421
244 447
244 481
244 482
245 3
245 53
245 80
245 91
245 93
245 107
245 133
245 165
245 167
245 184
245 215
245 227
245 229
245 257
245 259
245 271
245 275
245 285
245 296
245 309
245 339
245 362
245 374
245 399
245 416
245 422
245 467
245 474
245 475
245 491
245 495
246 4
246 16
246 53
246 58
246 105
246 124
246 128
246 138
246 151
246 201
246 208
246 221
246 227
246 259
246 263
246 275
246 324
246 332
246 342
246 383
246 386
246 409
246 430
246 434
246 438
247 59
247 73
247 78
247 83
247 87
247 117
247 131
247 137
247 144
247 154
247 155
247 162
247 194
247 205
247 209
247 210
247 225
247 248
247 295
247 308
247 346
247 357
247 367
247 400
247 407
247 450
247 468
247 483
248 23
248 44
248 84
248 85
248 109
248 110
248 125
248 134
248 147
248 167
248 176
248 247
248 254
248 269
248 321
248 325
248 340
248 345
248 351
248 399
248 418
249 43
249 98
249 107
249 112
249 125
249 132
249 157
249 164
249 175
249 181
249 224
249 261
249 283
249 298
249 299
249 304
249 324
249 383
249 393
249 448
250 7
250 98
250 123
250 149
250 176
250 197
250 223
250 278
250 337
250 377
250 411
250 440
250 455
250 456
250 458
250 463
250 475
250 482
250 489
251 2
251 10
251 13
251 37
251 86
251 92
251 121
251 125
251 150
251 242
251 259
251 277
251 279
251 311
251 319
251 329
251 335
251 341
251 351
251 378
251 396
251 400
251 401
251 482
251 486
252 12
252 17
252 29
252 44
252 89
252 98
252 108
252 192
252 228
252 321
252 324
252 391
252 400
252 409
252 469
253 50
253 63
253 80
253 88
253 120
253 138
253 142
253 147
253 157
253 165
253 176
253 232
253 257
253 264
253 277
253 280
253 288
253 289
253 298
253 314
253 321
253 322
253 325
253 338
253 343
253 348
253 361
253 363
253 368
253 377
253 380
253 392
253 395
253 409
253 446
253 454
253 463
253 471
253 481
253 482
254 6
254 17
254 19
254 33
254 125
254 132
254 133
254 139
254 141
254 146
254 152
254 176
254 191
254 214
254 232
254 243
254 248
254 282
254 289
254 319
254 336
254 349
254 355
254 400
254 413
254 425
254 438
254 460
254 461
254 482
255 28
255 45
255 51
255 112
255 151
255 157
255 167
255 185
255 224
255 258
255 264
255 272
255 281
255 375
255 411
255 425
255 452
255 466
255 468
255 480
255 482
255 488
255 498
256 1
256 39
256 64
256 82
256 92
256 108
256 110
256 115
256 121
256 132
256 169
256 176
256 184
256 202
256 212
256 263
256 279
256 300
256 302
256 303
256 305
256 311
256 313
256 319
256 333
256 405
256 413
256 428
256 445
256 475
256 480
257 18
257 25
257 44
257 126
257 155
257 159
257 172
257 177
257 187
257 245
257 253
257 260
257 283
257 291
257 313
257 325
257 326
257 330
257 359
257 426
257 438
257 444
257 486
258 33
258 39
258 42
258 117
258 127
258 136
258 178
258 182
258 183
258 224
258 255
258 259
258 265
258 270
258 273
258 274
258 298
258 309
258 311
258 350
258 368
258 372
258 376
258 381
258 402
258 409
258 422
258 426
258 443
258 452
258 481
258 483
258 492
259 1
259 26
259 35
259 41
259 55
259 69
259 74
259 107
259 111
259 126
259 160
259 210
259 244
259 245
259 246
259 251
259 258
259 265
259 338
259 350
259 362
259 365
259 369
259 377
259 390
259 396
259 420
259 423
259 454
260 27
260 32
260 80
260 110
260 191
260 234
260 257
260 262
260 296
260 311
260 316
260 344
260 350
260 399
260 475
260 482
260 483
260 494
260 497
261 5
261 32
261 40
261 45
261 68
261 70
261 83
261 128
261 129
261 141
261 249
261 325
261 331
261 336
261 338
261 355
261 366
261 379
261 450
261 474
261 494
262 9
262 10
262 13
262 28
262 38
262 50
262 68
262 85
262 102
262 137
262 152
262 155
262 167
262 260
262 265
262 289
262 292
262 300
262 340
262 360
262 362
262 450
262 458
262 461
263 14
263 22
263 56
263 62
263 73
263 78
263 84
263 91
263 117
263 142
263 147
263 164
263 184
263 193
263 198
263 222
263 246
263 256
263 276
263 298
263 306
263 326
263 351
263 367
263 387
263 391
263 415
263 419
263 467
263 479
264 15
264 25
264 49
264 61
264 62
264 73
264 86
264 116
264 120
264 127
264 137
264 176
264 194
264 196
264 227
264 253
264 255
264 277
264 300
264 306
264 308
264 325
264 331
264 356
264 390
264 426
264 428
264 435
264 480
265 37
265 38
265 98
265 174
265 226
265 242
265 258
265 259
265 262
265 268
265 297
265 303
265 307
265 308
265 330
265 338
265 353
265 369
265 371
265 395
265 414
265 425
265 430
265 443
265 449
265 458
265 463
265 479
265 493
266 17
266 27
266 29
266 30
266 34
266 107
266 109
266 131
266 134
266 172
266 185
266 202
266 221
266 238
266 279
266 316
266 332
266 334
266 338
266 361
266 364
266 384
266 415
266 440
266 443
267 7
267 13
267 42
267 57
267 79
267 106
267 153
267 159
267 215
267 302
267 326
267 359
267 381
267 456
268 8
268 51
268 74
268 75
268 92
268 94
268 95
268 102
268 111
268 116
268 125
268 143
268 151
268 167
268 189
268 214
268 229
268 234
268 239
268 265
268 271
268 283
268 293
268 318
268 406
268 439
268 458
268 467
268 476
268 494
269 5
269 55
269 65
269 114
269 117
269 123
269 126
269 136
269 143
269 147
269 148
269 152
269 158
269 162
269 165
269 186
269 220
269 236
269 248
269 313
269 344
269 352
269 379
269 390
269 391
269 406
269 418
269 427
269 433
269 448
269 465
270 16
270 29
270 54
270 104
270 109
270 121
270 139
270 183
270 258
270 278
270 316
270 366
270 369
270 373
270 423
270 425
270 449
271 1
271 10
271 23
271 55
271 59
271 76
271 103
271 117
271 127
271 159
271 170
271 182
271 183
271 189
271 193
271 242
271 245
271 268
271 275
271 286
271 331
271 348
271 382
271 389
271 397
271 436
271 465
271 468
271 491
272 15
272 52
272 53
272 63
272 106
272 113
272 136
272 140
272 171
272 175
272 177
272 194
272 195
272 198
272 238
272 255
272 285
272 288
272 319
272 367
272 395
272 424
272 427
272 429
272 495
272 498
273 67
273 69
273 104
273 124
273 170
273 172
273 191
273 198
273 199
273 202
273 203
273 229
273 239
273 258
273 278
273 309
273 315
273 318
273 386
273 414
273 422
273 427
273 445
273 465
273 476
273 477
274 7
274 41
274 70
274 110
274 113
274 125
274 142
274 154
274 162
274 167
274 169
274 187
274 211
274 240
274 258
274 316
274 341
274 354
274 362
274 370
274 373
274 411
274 475
274 480
275 2
275 3
275 22
275 43
275 138
275 164
275 187
275 191
275 200
275 204
275 245
275 246
275 271
275 292
275 297
275 309
275 355
275 377
275 436
275 479
276 42
276 54
276 109
276 126
276 138
276 182
276 223
276 263
276 277
276 279
276 280
276 290
276 306
276 340
276 374
276 417
276 427
276 471
277 36
277 41
277 54
277 92
277 93
277 94
277 178
277 206
277 218
277 240
277 251
277 253
277 264
277 276
277 281
277 325
277 343
277 367
277 382
278 1
278 22
278 38
278 77
278 78
278 99
278 156
278 162
278 163
278 213
278 214
278 250
278 270
278 273
278 292
278 310
278 313
278 314
278 321
278 328
278 336
278 343
278 387
278 405
278 429
278 433
278 452
278 479
279 13
279 22
279 33
279 88
279 151
279 156
279 157
279 161
279 193
279 239
279 251
279 256
279 266
279 276
279 280
279 293
279 296
279 336
279 343
279 377
279 401
279 416
279 439
279 450
279 475
280 7
280 45
280 53
280 95
280 172
280 215
280 237
280 253
280 276
280 279
280 320
280 321
280 330
280 336
280 343
280 384
280 400
280 451
280 461
280 462
280 471
280 485
281 30
281 41
281 46
281 53
281 59
281 61
281 83
281 86
281 91
281 104
281 107
281 158
281 186
281 192
281 231
281 234
281 243
281 255
281 277
281 287
281 348
281 349
281 354
281 365
281 366
281 381
281 418
281 439
281 445
281 457
281 470
281 473
281 498
282 3
282 52
282 65
282 75
282 128
282 144
282 156
282 179
282 228
282 234
282 254
282 328
282 341
282 344
282 347
282 367
282 428
282 452
282 466
282 480
283 4
283 8
283 18
283 27
283 30
283 78
283 102
283 120
283 148
283 176
283 227
283 249
283 257
283 268
283 292
283 295
283 296
283 310
283 414
283 456
283 461
284 22
284 94
284 99
284 101
284 130
284 142
284 145
284 157
284 180
284 182
284 207
284 221
284 223
284 229
284 373
284 399
284 407
284 411
284 427
284 430
284 458
285 27
285 31
285 54
285 55
285 91
285 119
285 127
285 186
285 221
285 225
285 229
285 245
285 272
285 292
285 314
285 316
285 330
285 332
285 373
285 383
285 420
285 442
285 491
286 19
286 31
286 36
286 55
286 81
286 162
286 211
286 214
286 240
286 242
286 271
286 318
286 435
286 436
286 467
287 12
287 33
287 65
287 125
287 127
287 140
287 162
287 168
287 184
287 202
287 203
287 210
287 214
287 281
287 289
287 296
287 301
287 324
287 325
287 330
287 332
287 339
287 371
287 372
287 377
287 384
287 417
287 440
287 449
287 453
287 457
287 461
287 468
288 38
288 53
288 85
288 92
288 118
288 121
288 132
288 141
288 160
288 169
288 189
288 225
288 227
288 232
288 253
288 272
288 293
288 307
288 324
288 412
288 445
288 446
288 453
289 1
289 16
289 30
289 52
289 101
289 115
289 132
289 133
289 159
289 234
289 253
289 254
289 262
289 287
289 391
289 416
289 424
289 432
289 466
289 475
289 499
290 92
290 94
290 183
290 189
290 192
290 219
290 227
290 230
290 236
290 276
290 331
290 333
290 340
290 358
290 367
290 390
290 455
290 461
291 50
291 59
291 68
291 104
291 124
291 168
291 175
291 182
291 234
291 244
291 257
291 297
291 306
291 313
291 363
291 401
291 410
291 486
291 495
292 3
292 14
292 25
292 34
292 50
292 141
292 156
292 177
292 225
292 227
292 262
292 275
292 278
292 283
292 285
292 300
292 321
292 322
292 350
292 351
292 363
292 371
292 428
292 483
293 6
293 11
293 30
293 68
293 78
293 102
293 132
293 139
293 181
293 192
293 210
293 268
293 279
293 288
293 300
293 326
293 329
293 353
293 379
293 399
293 431
294 0
294 3
294 8
294 93
294 119
294 127
294 133
294 141
294 142
294 152
294 154
294 157
294 160
294 170
294 175
294 189
294 225
294 233
294 299
294 312
294 314
294 317
294 342
294 353
294 361
294 369
294 377
294 383
294 406
294 409
295 8
295 35
295 42
295 63
295 80
295 105
295 111
295 138
295 154
295 161
295 168
295 198
295 208
295 233
295 247
295 283
295 323
295 325
295 341
295 438
295 460
295 477
296 12
296 80
296 85
296 114
296 127
296 144
296 147
296 165
296 177
296 205
296 221
296 224
296 231
296 245
296 260
296 279
296 283
296 287
296 367
296 418
296 430
296 476
296 492
296 496
297 5
297 24
297 28
297 31
297 56
297 72
297 97
297 127
297 152
297 161
297 182
297 226
297 233
297 243
297 265
297 275
297 291
297 331
297 343
297 356
297 383
297 386
297 391
297 399
297 437
297 441
297 442
297 452
297 460
298 42
298 46
298 49
298 72
298 73
298 117
298 121
298 133
298 134
298 144
298 151
298 206
298 211
298 218
298 249
298 253
298 258
298 263
298 299
298 304
298 337
298 343
298 363
298 372
298 375
298 376
298 382
298 396
298 441
298 481
298 488
298 491
299 3
299 32
299 34
299 42
299 52
299 74
299 75
299 76
299 83
299 84
299 91
299 99
299 104
299 108
299 112
299 123
299 224
299 230
299 239
299 249
299 294
299 298
299 303
299 304
299 307
299 410
299 460
300 43
300 77
300 87
300 103
300 105
300 138
300 168
300 181
300 218
300 226
300 229
300 232
300 233
300 241
300 256
300 262
300 264
300 292
300 293
300 313
300 328
300 347
300 358
300 406
300 407
300 414
300 421
300 425
300 433
300 435
300 493
300 497
300 498
301 10
301 69
301 72
301 100
301 125
301 159
301 213
301 238
301 287
301 327
301 333
301 337
301 338
301 368
301 372
301 373
301 382
301 393
301 397
301 410
301 428
301 430
301 482
301 491
302 5
302 76
302 80
302 88
302 89
302 107
302 142
302 157
302 171
302 189
302 193
302 218
302 220
302 234
302 256
302 267
302 313
302 321
302 329
302 337
302 339
302 344
302 347
302 355
302 383
302 426
302 435
302 440
302 446
302 449
302 472
302 475
302 480
302 492
303 37
303 45
303 71
303 84
303 111
303 129
303 131
303 197
303 212
303 215
303 227
303 256
303 265
303 299
303 306
303 332
303 344
303 368
303 370
303 393
303 400
303 423
304 63
304 92
304 104
304 142
304 191
304 214
304 219
304 227
304 233
304 249
304 298
304 299
304 312
304 315
304 341
304 342
304 346
304 448
304 459
304 469
304 488
304 490
305 19
305 73
305 85
305 142
305 152
305 154
305 171
305 182
305 185
305 223
305 226
305 256
305 380
305 419
305 421
305 442
305 443
305 467
305 473
305 497
306 12
306 29
306 54
306 97
306 111
306 137
306 157
306 184
306 189
306 209
306 263
306 264
306 276
306 291
306 303
306 307
306 312
306 322
306 343
306 384
306 402
306 406
306 434
306 450
307 6
307 11
307 68
307 130
307 176
307 216
307 265
307 288
307 299
307 306
307 319
307 320
307 324
307 329
307 332
307 358
307 397
307 442
307 443
307 472
308 2
308 60
308 82
308 135
308 214
308 216
308 224
308 233
308 247
308 264
308 265
308 332
308 348
308 373
308 418
308 420
308 437
308 449
308 476
308 494
309 21
309 67
309 68
309 74
309 76
309 90
309 94
309 117
309 227
309 245
309 258
309 273
309 275
309 339
309 346
309 366
309 376
309 387
309 412
309 415
309 429
309 443
309 449
309 474
309 499
310 2
310 41
310 64
310 65
310 120
310 172
310 183
310 200
310 206
310 228
310 234
310 242
310 278
310 283
310 359
310 360
310 364
310 371
310 374
310 400
310 429
310 446
310 457
311 3
311 17
311 26
311 29
311 63
311 66
311 70
311 106
311 110
311 117
311 133
311 146
311 174
311 195
311 205
311 241
311 243
311 251
311 256
311 258
311 260
311 334
311 346
311 379
311 384
311 410
311 470
312 102
312 118
312 134
312 176
312 177
312 226
312 294
312 304
312 306
312 361
312 371
312 392
312 397
312 400
312 410
312 419
312 429
312 439
312 476
313 10
313 35
313 37
313 40
313 56
313 74
313 85
313 89
313 152
313 164
313 181
313 191
313 200
313 203
313 210
313 238
313 256
313 257
313 269
313 278
313 291
313 300
313 302
313 361
313 387
313 402
313 441
313 483
313 499
314 74
314 100
314 118
314 128
314 134
314 149
314 179
314 230
314 253
314 278
314 285
314 294
314 342
314 379
314 392
314 423
314 430
314 442
314 449
314 459
314 467
314 468
314 483
314 493
315 1
315 17
315 27
315 29
315 31
315 47
315 57
315 105
315 242
315 273
315 304
315 359
315 375
315 415
315 416
315 438
315 454
315 475
316 20
316 56
316 70
316 77
316 110
316 154
316 172
316 173
316 180
316 207
316 212
316 223
316 226
316 260
316 266
316 270
316 274
316 285
316 349
316 356
316 404
316 416
316 417
316 440
316 445
316 485
317 0
317 63
317 76
317 118
317 131
317 166
317 175
317 190
317 191
317 208
317 294
317 320
317 347
317 447
317 454
317 475
318 2
318 13
318 14
318 36
318 41
318 46
318 60
318 76
318 94
318 118
318 180
318 195
318 268
318 273
318 286
318 319
318 322
318 354
318 356
318 366
318 371
318 394
318 401
318 404
318 405
318 473
318 482
319 16
319 24
319 92
319 132
319 142
319 170
319 173
319 200
319 220
319 227
319 251
319 254
319 256
319 272
319 307
319 318
319 400
319 404
319 412
319 435
320 16
320 22
320 44
320 90
320 99
320 130
320 172
320 174
320 207
320 218
320 280
320 307
320 317
320 349
320 390
320 393
320 429
321 13
321 17
321 25
321 40
321 43
321 46
321 90
321 106
321 141
321 184
321 197
321 202
321 207
321 230
321 237
321 243
321 248
321 252
321 253
321 278
321 280
321 292
321 302
321 347
321 398
321 439
321 446
321 451
322 8
322 23
322 84
322 106
322 120
322 155
322 162
322 191
322 199
322 253
322 292
322 306
322 318
322 333
322 360
322 366
322 378
322 398
322 409
322 425
322 429
323 0
323 8
323 25
323 36
323 40
323 66
323 78
323 80
323 116
323 117
323 127
323 132
323 134
323 144
323 152
323 157
323 161
323 192
323 195
323 226
323 295
323 377
323 382
323 412
323 437
323 443
323 445
323 448
323 456
323 464
323 468
324 19
324 26
324 57
324 61
324 79
324 88
324 99
324 111
324 137
324 150
324 164
324 171
324 246
324 249
324 252
324 287
324 288
324 307
324 327
324 358
324 376
324 383
324 399
324 440
324 459
325 9
325 12
325 46
325 53
325 166
325 179
325 192
325 214
325 215
325 231
325 248
325 253
325 257
325 261
325 264
325 277
325 287
325 295
325 339
325 350
325 351
325 354
325 358
325 372
325 377
325 384
325 386
325 403
325 461
325 466
325 473
325 478
325 490
325 497
326 16
326 37
326 46
326 67
326 121
326 205
326 210
326 218
326 257
326 263
326 267
326 293
326 344
326 345
326 383
326 418
326 455
326 480
326 488
326 495
327 19
327 63
327 76
327 126
327 207
327 213
327 224
327 239
327 301
327 324
327 346
327 351
327 354
327 373
327 385
327 410
327 418
327 419
327 428
327 430
327 445
327 457
328 7
328 29
328 72
328 80
328 88
328 99
328 116
328 148
328 150
328 244
328 278
328 282
328 300
328 395
328 398
328 406
328 438
328 469
328 490
329 9
329 12
329 80
329 89
329 101
329 113
329 121
329 125
329 137
329 140
329 143
329 146
329 152
329 168
329 191
329 203
329 205
329 209
329 251
329 293
329 302
329 307
329 395
329 417
329 475
329 479
329 484
330 1
330 7
330 10
330 27
330 76
330 91
330 150
330 153
330 155
330 170
330 257
330 265
330 280
330 285
330 287
330 335
330 339
330 340
330 345
330 368
330 389
330 397
330 457
330 470
330 475
330 497
331 7
331 11
331 16
331 19
331 29
331 46
331 60
331 65
331 97
331 100
331 124
331 128
331 136
331 178
331 207
331 227
331 261
331 264
331 271
331 290
331 297
331 363
331 409
331 424
331 457
331 476
331 477
332 5
332 32
332 56
332 82
332 86
332 95
332 163
332 169
332 171
332 193
332 214
332 234
332 246
332 266
332 285
332 287
332 303
332 307
332 308
332 334
332 368
332 377
332 388
332 421
332 430
332 432
332 437
332 454
332 456
333 11
333 27
333 31
333 37
333 57
333 59
333 64
333 67
333 71
333 81
333 82
333 106
333 158
333 184
333 256
333 290
333 301
333 322
333 334
333 376
333 400
333 449
334 23
334 38
334 75
334 100
334 124
334 136
334 146
334 153
334 154
334 162
334 165
334 176
334 177
334 182
334 194
334 198
334 201
334 220
334 221
334 223
334 233
334 237
334 266
334 311
334 332
334 333
334 392
334 421
334 440
334 444
335 5
335 33
335 42
335 55
335 60
335 63
335 90
335 99
335 109
335 138
335 144
335 147
335 163
335 189
335 210
335 251
335 330
335 352
335 413
335 455
335 486
335 490
335 495
336 28
336 66
336 86
336 102
336 153
336 175
336 177
336 178
336 189
336 223
336 254
336 261
336 278
336 279
336 280
336 337
336 342
336 387
336 388
336 394
336 430
336 432
336 436
337 9
337 15
337 54
337 83
337 125
337 133
337 190
337 211
337 219
337 241
337 250
337 298
337 301
337 302
337 336
337 347
337 348
337 484
338 4
338 28
338 41
338 50
338 66
338 92
338 96
338 138
338 142
338 146
338 188
338 209
338 216
338 221
338 234
338 253
338 259
338 261
338 265
338 266
338 301
338 375
338 384
338 410
338 433
338 455
338 464
338 495
339 23
339 27
339 41
339 74
339 120
339 121
339 123
339 142
339 151
339 160
339 162
339 171
339 182
339 223
339 245
339 287
339 302
339 309
339 325
339 330
339 353
339 367
339 401
339 451
339 456
340 3
340 23
340 34
340 54
340 64
340 72
340 87
340 88
340 95
340 96
340 130
340 170
340 177
340 180
340 217
340 220
340 248
340 262
340 276
340 290
340 330
340 392
340 428
341 4
341 29
341 63
341 75
341 85
341 99
341 167
341 239
341 251
341 274
341 282
341 295
341 304
341 385
341 418
341 421
341 429
341 459
341 464
341 476
342 29
342 48
342 58
342 61
342 73
342 85
342 88
342 93
342 123
342 153
342 155
342 196
342 217
342 240
342 246
342 294
342 304
342 314
342 336
342 373
342 392
342 430
342 478
342 488
343 2
343 5
343 15
343 117
343 122
343 126
343 133
343 137
343 159
343 176
343 202
343 208
343 218
343 231
343 240
343 241
343 242
343 253
343 277
343 278
343 279
343 280
343 297
343 298
343 306
343 346
343 359
343 362
343 387
343 392
343 431
343 432
343 435
343 461
344 2
344 3
344 7
344 11
344 31
344 48
344 98
344 111
344 136
344 145
344 154
344 173
344 217
344 223
344 260
344 269
344 282
344 302
344 303
344 326
344 364
344 395
344 412
344 440
344 457
344 461
344 488
344 499
345 4
345 7
345 33
345 41
345 49
345 66
345 80
345 99
345 101
345 106
345 134
345 143
345 145
345 156
345 157
345 163
345 182
345 203
345 248
345 326
345 330
345 358
345 395
345 412
345 423
345 425
345 452
345 475
345 479
345 498
346 0
346 31
346 32
346 37
346 41
346 48
346 61
346 83
346 107
346 109
346 130
346 195
346 244
346 247
346 304
346 309
346 311
346 327
346 343
346 361
346 371
346 411
346 413
346 416
346 422
346 430
346 438
346 445
346 454
346 455
346 468
347 88
347 102
347 112
347 129
347 135
347 147
347 160
347 198
347 213
347 224
347 243
347 282
347 300
347 302
347 317
347 321
347 337
347 352
347 356
347 404
347 405
347 447
347 474
347 479
347 486
348 14
348 41
348 109
348 120
348 170
348 205
348 215
348 223
348 231
348 242
348 253
348 271
348 281
348 308
348 337
348 362
348 372
348 398
348 413
348 417
348 423
348 488
348 489
348 498
349 6
349 16
349 61
349 72
349 76
349 113
349 120
349 154
349 186
349 211
349 254
349 281
349 316
349 320
349 358
349 382
349 406
349 412
349 474
349 488
350 12
350 21
350 37
350 41
350 55
350 57
350 60
350 74
350 83
350 115
350 142
350 155
350 169
350 180
350 189
350 193
350 197
350 200
350 235
350 237
350 258
350 259
350 260
350 292
350 325
350 353
350 361
350 368
350 369
350 372
350 425
350 487
350 490
350 497
351 6
351 19
351 50
351 58
351 62
351 65
351 73
351 106
351 110
351 115
351 118
351 158
351 180
351 183
351 210
351 229
351 248
351 251
351 263
351 292
351 325
351 327
351 355
351 364
351 385
351 390
351 445
351 460
351 476
351 498
352 8
352 20
352 60
352 78
352 90
352 137
352 143
352 146
352 154
352 165
352 179
352 181
352 192
352 230
352 269
352 335
352 347
352 357
352 361
352 373
352 385
352 391
352 414
353 28
353 44
353 49
353 65
353 77
353 139
353 150
353 152
353 177
353 207
353 265
353 293
353 294
353 339
353 350
353 403
353 411
353 413
353 432
353 442
353 470
354 6
354 10
354 23
354 32
354 36
354 63
354 94
354 96
354 105
354 123
354 206
354 219
354 225
354 274
354 281
354 318
354 325
354 327
354 403
354 429
354 446
354 479
355 5
355 7
355 19
355 33
355 56
355 75
355 87
355 97
355 106
355 130
355 141
355 149
355 154
355 155
355 169
355 195
355 204
355 229
355 254
355 261
355 275
355 302
355 351
355 414
355 418
355 425
355 435
355 452
355 467
355 476
356 0
356 6
356 8
356 23
356 75
356 95
356 161
356 172
356 179
356 226
356 227
356 235
356 239
356 264
356 297
356 316
356 318
356 347
356 359
356 384
356 396
356 397
356 423
356 427
356 437
356 442
356 448
356 455
356 457
356 459
357 17
357 22
357 54
357 59
357 63
357 76
357 89
357 108
357 247
357 352
357 370
357 404
357 451
357 484
357 487
357 492
358 3
358 8
358 48
358 98
358 101
358 106
358 171
358 194
358 221
358 229
358 238
358 290
358 300
358 307
358 324
358 325
358 345
358 349
358 379
358 385
358 484
359 13
359 33
359 35
359 41
359 49
359 50
359 65
359 110
359 130
359 133
359 138
359 140
359 143
359 165
359 174
359 189
359 199
359 257
359 267
359 310
359 315
359 343
359 356
359 364
359 370
359 388
359 390
359 441
359 449
359 485
359 490
360 8
360 41
360 68
360 80
360 88
360 140
360 142
360 200
360 215
360 235
360 262
360 310
360 322
360 371
360 425
360 490
361 17
361 37
361 70
361 128
361 142
361 153
361 178
361 183
361 194
361 253
361 266
361 294
361 312
361 313
361 346
361 350
361 352
361 370
361 374
361 445
361 450
361 464
361 479
362 3
362 6
362 26
362 27
362 44
362 81
362 108
362 116
362 152
362 184
362 189
362 210
362 213
362 222
362 226
362 235
362 245
362 259
362 262
362 274
362 343
362 348
362 363
362 372
362 404
362 411
362 424
362 449
362 493
363 15
363 48
363 102
363 111
363 116
363 129
363 147
363 220
363 243
363 253
363 291
363 292
363 298
363 331
363 362
363 386
363 404
363 409
363 418
363 422
363 423
363 427
364 28
364 42
364 76
364 115
364 119
364 135
364 154
364 179
364 182
364 186
364 188
364 195
364 205
364 219
364 243
364 266
364 310
364 344
364 351
364 359
364 373
364 387
364 403
364 428
364 437
364 443
364 466
364 474
364 479
364 493
364 499
365 7
365 14
365 56
365 198
365 227
365 259
365 281
365 366
365 405
365 416
365 442
365 468
365 499
366 12
366 21
366 38
366 64
366 80
366 104
366 122
366 134
366 151
366 162
366 194
366 199
366 203
366 207
366 233
366 261
366 270
366 281
366 309
366 318
366 322
366 365
366 388
366 392
366 402
366 456
366 463
367 24
367 33
367 37
367 52
367 79
367 88
367 122
367 148
367 155
367 164
367 166
367 171
367 173
367 193
367 222
367 244
367 247
367 263
367 272
367 277
367 282
367 290
367 296
367 339
367 369
367 381
367 415
367 433
367 435
367 452
367 466
367 472
368 40
368 43
368 82
368 103
368 107
368 146
368 147
368 188
368 194
368 201
368 225
368 228
368 244
368 253
368 258
368 301
368 303
368 330
368 332
368 350
368 381
368 412
368 413
368 424
368 432
368 447
368 492
368 498
369 12
369 29
369 56
369 71
369 165
369 187
369 204
369 216
369 220
369 225
369 240
369 259
369 265
369 270
369 294
369 350
369 367
369 375
369 413
369 417
369 425
369 447
369 480
369 487
369 490
370 20
370 110
370 111
370 154
370 168
370 179
370 180
370 226
370 236
370 274
370 303
370 357
370 359
370 361
370 400
370 411
370 417
370 442
370 447
370 453
370 471
370 476
370 481
370 489
370 494
371 0
371 29
371 35
371 41
371 83
371 135
371 159
371 162
371 187
371 202
371 227
371 265
371 287
371 292
371 310
371 312
371 318
371 346
371 360
371 433
371 440
372 84
372 88
372 109
372 111
372 115
372 163
372 200
372 212
372 258
372 287
372 298
372 301
372 325
372 348
372 350
372 362
372 382
372 388
372 390
372 406
372 407
372 415
372 418
372 461
372 471
372 488
372 491
372 497
372 498
373 35
373 41
373 47
373 70
373 77
373 79
373 86
373 90
373 97
373 110
373 121
373 180
373 194
373 204
373 205
373 270
373 274
373 284
373 285
373 301
373 308
373 327
373 342
373 352
373 364
373 382
373 401
373 407
373 428
373 454
373 458
373 460
374 24
374 27
374 44
374 52
374 88
374 154
374 212
374 215
374 223
374 228
374 245
374 276
374 310
374 361
374 439
374 448
374 457
374 458
374 470
374 478
375 8
375 13
375 19
375 71
375 95
375 106
375 117
375 118
375 130
375 150
375 169
375 171
375 209
375 213
375 218
375 239
375 255
375 298
375 315
375 338
375 369
375 379
375 380
375 428
375 443
375 453
376 9
376 17
376 20
376 25
376 53
376 54
376 94
376 100
376 170
376 177
376 197
376 215
376 235
376 238
376 258
376 298
376 309
376 324
376 333
376 380
376 391
376 399
376 424
376 433
376 471
376 477
376 479
376 480
376 490
377 25
377 30
377 33
377 47
377 48
377 74
377 75
377 86
377 176
377 215
377 250
377 253
377 259
377 275
377 279
377 287
377 294
377 323
377 325
377 332
377 402
377 442
378 37
378 41
378 51
378 71
378 79
378 91
378 122
378 137
378 160
378 170
378 193
378 196
378 215
378 238
378 251
378 322
378 434
378 447
378 477
378 498
378 499
379 28
379 33
379 43
379 93
379 105
379 115
379 129
379 151
379 191
379 201
379 225
379 235
379 261
379 269
379 293
379 311
379 314
379 358
379 375
379 440
380 53
380 146
380 169
380 184
380 187
380 195
380 202
380 253
380 305
380 375
380 376
380 429
380 443
380 459
380 464
380 471
380 494
381 35
381 44
381 54
381 73
381 74
381 105
381 113
381 128
381 152
381 157
381 239
381 258
381 267
381 281
381 367
381 368
381 407
381 431
381 441
381 463
381 471
381 475
381 495
382 13
382 45
382 53
382 62
382 80
382 83
382 105
382 109
382 112
382 116
382 142
382 169
382 186
382 195
382 196
382 222
382 223
382 271
382 277
382 298
382 301
382 323
382 349
382 372
382 373
382 400
382 403
382 404
382 482
382 486
383 17
383 20
383 86
383 92
383 110
383 149
383 181
383 199
383 237
383 246
383 249
383 285
383 294
383 297
383 302
383 324
383 326
383 388
383 392
383 395
383 408
383 414
383 422
383 443
383 450
383 456
383 479
383 495
384 1
384 10
384 32
384 39
384 45
384 48
384 56
384 59
384 74
384 96
384 135
384 140
384 144
384 145
384 162
384 195
384 230
384 232
384 236
384 266
384 280
384 287
384 306
384 311
384 325
384 338
384 356
384 386
384 413
384 435
384 463
385 14
385 25
385 28
385 31
385 48
385 64
385 103
385 112
385 164
385 173
385 210
385 327
385 341
385 351
385 352
385 358
385 388
385 389
385 408
385 412
385 413
385 431
385 456
385 458
385 462
385 470
385 485
386 9
386 26
386 43
386 66
386 80
386 99
386 108
386 118
386 137
386 216
386 217
386 224
386 246
386 273
386 297
386 325
386 363
386 384
386 409
386 416
386 417
386 430
386 468
386 470
386 485
387 46
387 57
387 77
387 82
387 95
387 134
387 165
387 193
387 218
387 227
387 229
387 239
387 263
387 278
387 309
387 313
387 336
387 343
387 364
387 394
387 406
387 407
387 441
387 449
387 463
387 473
387 494
388 45
388 61
388 127
388 153
388 155
388 156
388 216
388 219
388 332
388 336
388 359
388 366
388 372
388 383
388 385
388 396
388 402
388 407
388 416
388 445
388 457
388 465
389 21
389 53
389 63
389 70
389 77
389 93
389 103
389 121
389 150
389 153
389 156
389 161
389 176
389 185
389 215
389 229
389 239
389 271
389 330
389 385
389 399
389 401
389 407
389 415
389 435
389 437
389 440
389 441
389 463
389 477
389 496
389 497
390 13
390 91
390 123
390 130
390 192
390 229
390 239
390 259
390 264
390 269
390 290
390 320
390 351
390 359
390 372
390 403
390 412
390 430
390 435
390 436
390 437
390 450
390 454
390 459
391 46
391 57
391 66
391 96
391 119
391 137
391 175
391 188
391 208
391 220
391 252
391 263
391 269
391 289
391 297
391 352
391 376
391 413
391 414
391 478
391 490
392 14
392 18
392 52
392 53
392 57
392 70
392 76
392 92
392 146
392 150
392 168
392 172
392 207
392 253
392 312
392 314
392 334
392 340
392 342
392 343
392 366
392 383
392 393
392 431
392 446
392 461
393 22
393 31
393 43
393 46
393 61
393 76
393 97
393 136
393 159
393 160
393 174
393 193
393 222
393 249
393 301
393 303
393 320
393 392
393 394
393 411
393 414
393 416
393 481
394 5
394 12
394 22
394 40
394 77
394 79
394 118
394 227
394 228
394 318
394 336
394 387
394 393
394 419
394 424
394 436
394 450
394 451
394 466
394 467
394 477
395 24
395 41
395 65
395 73
395 136
395 137
395 150
395 152
395 163
395 203
395 253
395 265
395 272
395 328
395 329
395 344
395 345
395 383
395 408
395 458
395 475
396 28
396 41
396 46
396 74
396 89
396 113
396 168
396 175
396 180
396 209
396 244
396 251
396 259
396 298
396 356
396 388
396 421
396 429
396 435
396 452
396 453
396 457
396 490
397 8
397 50
397 130
397 181
397 202
397 211
397 217
397 271
397 301
397 307
397 312
397 330
397 356
397 404
397 435
397 466
397 468
397 484
397 498
398 21
398 36
398 39
398 44
398 69
398 107
398 108
398 185
398 221
398 241
398 321
398 322
398 328
398 348
398 407
398 410
398 432
398 437
398 456
398 460
398 462
398 467
399 3
399 9
399 18
399 29
399 38
399 82
399 98
399 177
399 182
399 193
399 236
399 237
399 245
399 248
399 260
399 284
399 293
399 297
399 324
399 376
399 389
399 428
399 432
399 433
399 442
399 460
399 483
400 1
400 25
400 26
400 40
400 59
400 70
400 79
400 105
400 129
400 145
400 146
400 148
400 151
400 186
400 199
400 247
400 251
400 252
400 254
400 280
400 303
400 310
400 312
400 319
400 333
400 370
400 382
400 409
400 458
401 1
401 4
401 46
401 115
401 159
401 160
401 163
401 166
401 174
401 204
401 213
401 226
401 243
401 251
401 279
401 291
401 318
401 339
401 373
401 389
401 404
402 15
402 26
402 49
402 64
402 82
402 84
402 100
402 103
402 114
402 199
402 227
402 258
402 306
402 313
402 366
402 377
402 388
402 408
402 441
402 473
402 484
403 8
403 19
403 63
403 112
403 125
403 130
403 145
403 176
403 187
403 240
403 325
403 353
403 354
403 364
403 382
403 390
403 421
403 423
403 426
403 430
403 431
403 432
403 444
403 496
404 20
404 28
404 30
404 47
404 53
404 60
404 62
404 69
404 92
404 125
404 146
404 157
404 179
404 211
404 216
404 223
404 316
404 318
404 319
404 347
404 357
404 362
404 363
404 382
404 397
404 401
404 419
404 427
404 438
404 446
405 5
405 31
405 43
405 46
405 73
405 82
405 100
405 131
405 153
405 156
405 171
405 188
405 226
405 256
405 278
405 318
405 347
405 365
405 438
405 487
406 7
406 12
406 39
406 89
406 101
406 147
406 163
406 170
406 182
406 195
406 199
406 208
406 217
406 221
406 268
406 269
406 294
406 300
406 306
406 328
406 349
406 372
406 387
406 407
406 411
406 421
406 451
406 458
407 39
407 68
407 111
407 156
407 168
407 204
407 239
407 247
407 284
407 300
407 372
407 373
407 381
407 387
407 388
407 389
407 398
407 406
407 419
407 422
407 441
407 442
407 485
408 4
408 68
408 77
408 92
408 93
408 106
408 203
408 206
408 210
408 214
408 225
408 383
408 385
408 395
408 402
408 414
408 419
408 421
408 422
408 428
408 442
408 473
408 476
409 9
409 29
409 41
409 44
409 95
409 100
409 107
409 114
409 121
409 246
409 252
409 253
409 258
409 294
409 322
409 331
409 363
409 386
409 400
409 432
409 448
409 450
409 452
409 493
410 22
410 23
410 29
410 48
410 66
410 103
410 111
410 147
410 149
410 153
410 175
410 194
410 202
410 204
410 291
410 299
410 301
410 311
410 312
410 327
410 338
410 398
410 425
410 431
410 456
411 26
411 34
411 85
411 96
411 118
411 122
411 132
411 137
411 161
411 165
411 168
411 181
411 184
411 201
411 232
411 235
411 250
411 255
411 274
411 284
411 346
411 353
411 362
411 370
411 393
411 406
411 419
411 454
411 456
411 498
412 11
412 21
412 53
412 68
412 70
412 78
412 97
412 99
412 108
412 176
412 213
412 219
412 221
412 288
412 309
412 319
412 323
412 344
412 345
412 349
412 368
412 385
412 390
412 432
412 436
412 443
412 446
412 463
412 485
412 487
413 12
413 50
413 84
413 193
413 196
413 205
413 224
413 225
413 254
413 256
413 335
413 346
413 348
413 353
413 368
413 369
413 384
413 385
413 391
413 430
413 493
413 497
414 26
414 69
414 71
414 81
414 87
414 91
414 111
414 113
414 124
414 155
414 265
414 273
414 283
414 300
414 352
414 355
414 383
414 391
414 393
414 408
414 418
414 419
414 471
414 478
414 498
415 8
415 19
415 52
415 106
415 112
415 143
415 147
415 186
415 187
415 193
415 198
415 208
415 215
415 263
415 266
415 309
415 315
415 367
415 372
415 389
415 423
415 432
415 446
415 459
415 466
415 482
416 59
416 64
416 92
416 98
416 118
416 159
416 181
416 184
416 212
416 220
416 234
416 245
416 279
416 289
416 315
416 316
416 346
416 365
416 386
416 388
416 393
416 465
416 484
417 34
417 61
417 70
417 86
417 95
417 123
417 136
417 139
417 154
417 171
417 186
417 212
417 276
417 287
417 316
417 329
417 348
417 369
417 370
417 386
417 432
417 446
417 463
417 490
418 11
418 24
418 45
418 46
418 59
418 84
418 93
418 152
418 192
418 201
418 248
418 269
418 281
418 296
418 308
418 326
418 327
418 341
418 355
418 363
418 372
418 414
418 426
418 430
418 467
418 497
418 498
419 9
419 10
419 31
419 37
419 49
419 51
419 77
419 89
419 100
419 121
419 131
419 161
419 171
419 187
419 200
419 205
419 239
419 263
419 305
419 312
419 327
419 394
419 404
419 407
419 408
419 411
419 414
419 465
419 467
419 474
420 4
420 39
420 44
420 53
420 68
420 76
420 81
420 155
420 197
420 216
420 231
420 237
420 238
420 259
420 285
420 308
420 428
420 462
421 30
421 83
421 96
421 135
421 138
421 165
421 177
421 201
421 221
421 238
421 244
421 300
421 305
421 332
421 334
421 341
421 396
421 403
421 406
421 408
421 457
421 459
421 470
421 478
421 479
421 489
422 4
422 5
422 6
422 36
422 38
422 41
422 52
422 113
422 140
422 141
422 142
422 158
422 245
422 258
422 273
422 346
422 363
422 383
422 407
422 408
422 434
422 439
422 448
423 29
423 45
423 76
423 106
423 166
423 177
423 229
423 239
423 242
423 259
423 270
423 303
423 314
423 345
423 348
423 356
423 363
423 403
423 415
423 433
423 443
423 457
423 471
423 475
423 479
424 26
424 28
424 31
424 49
424 61
424 85
424 111
424 154
424 168
424 183
424 209
424 272
424 289
424 331
424 362
424 368
424 376
424 394
424 426
424 439
424 460
425 19
425 58
425 61
425 67
425 76
425 84
425 114
425 157
425 194
425 219
425 254
425 255
425 265
425 270
425 300
425 322
425 345
425 350
425 355
425 360
425 369
425 410
425 428
425 461
425 469
425 478
425 482
426 5
426 40
426 90
426 91
426 109
426 184
426 196
426 202
426 215
426 223
426 257
426 258
426 264
426 302
426 403
426 418
426 424
426 436
426 450
426 454
426 462
427 2
427 3
427 11
427 21
427 23
427 27
427 29
427 36
427 42
427 87
427 111
427 140
427 199
427 234
427 269
427 272
427 273
427 276
427 284
427 356
427 363
427 404
427 437
427 452
427 469
427 473
427 484
428 29
428 46
428 58
428 65
428 72
428 83
428 102
428 119
428 127
428 129
428 134
428 153
428 167
428 191
428 206
428 215
428 238
428 239
428 243
428 256
428 264
428 282
428 292
428 301
428 327
428 340
428 364
428 373
428 375
428 399
428 408
428 420
428 425
428 440
428 463
428 467
428 468
428 473
429 3
429 37
429 67
429 69
429 76
429 82
429 121
429 138
429 163
429 231
429 238
429 272
429 278
429 309
429 310
429 312
429 320
429 322
429 341
429 354
429 380
429 396
429 478
430 6
430 17
430 27
430 29
430 39
430 45
430 48
430 77
430 85
430 93
430 142
430 151
430 162
430 208
430 220
430 222
430 242
430 246
430 265
430 284
430 296
430 301
430 314
430 327
430 332
430 336
430 342
430 346
430 386
430 390
430 403
430 413
430 418
430 433
430 488
431 22
431 42
431 90
431 167
431 194
431 228
431 293
431 343
431 381
431 385
431 392
431 403
431 410
431 433
431 468
431 479
432 3
432 5
432 18
432 41
432 52
432 57
432 137
432 156
432 163
432 210
432 215
432 235
432 237
432 289
432 332
432 336
432 343
432 353
432 368
432 398
432 399
432 403
432 409
432 412
432 415
432 417
432 434
432 459
433 21
433 35
433 42
433 44
433 49
433 76
433 85
433 88
433 108
433 111
433 120
433 127
433 145
433 152
433 168
433 177
433 182
433 214
433 243
433 269
433 278
433 300
433 338
433 367
433 371
433 376
433 399
433 423
433 430
433 431
433 440
433 477
433 495
433 499
434 16
434 22
434 33
434 37
434 43
434 96
434 101
434 122
434 158
434 162
434 178
434 194
434 246
434 306
434 378
434 422
434 432
434 444
434 469
435 72
435 88
435 124
435 152
435 161
435 165
435 176
435 225
435 227
435 239
435 264
435 286
435 300
435 302
435 319
435 343
435 355
435 367
435 384
435 389
435 390
435 396
435 397
435 444
435 446
435 449
435 470
435 476
435 483
435 494
436 7
436 21
436 46
436 52
436 58
436 85
436 97
436 142
436 162
436 192
436 215
436 271
436 275
436 286
436 336
436 390
436 394
436 412
436 426
436 443
436 481
437 18
437 35
437 44
437 51
437 59
437 80
437 87
437 120
437 122
437 123
437 171
437 205
437 224
437 233
437 297
437 308
437 323
437 332
437 356
437 364
437 389
437 390
437 398
437 427
437 444
437 445
437 452
437 455
437 461
437 466
437 467
437 478
438 2
438 6
438 24
438 60
438 91
438 103
438 104
438 106
438 117
438 129
438 131
438 148
438 180
438 198
438 246
438 254
438 257
438 295
438 315
438 328
438 346
438 404
438 405
438 457
438 483
439 24
439 25
439 48
439 55
439 64
439 78
439 85
439 88
439 102
439 130
439 139
439 187
439 188
439 205
439 215
439 226
439 268
439 279
439 281
439 312
439 321
439 374
439 422
439 424
439 443
439 453
440 37
440 61
440 70
440 83
440 86
440 106
440 119
440 137
440 138
440 144
440 147
440 151
440 159
440 221
440 224
440 234
440 250
440 266
440 287
440 302
440 316
440 324
440 334
440 344
440 371
440 379
440 389
440 428
440 433
440 482
440 483
440 493
441 62
441 68
441 109
441 113
441 132
441 143
441 167
441 222
441 226
441 242
441 297
441 298
441 313
441 359
441 381
441 387
441 389
441 402
441 407
441 475
441 480
442 20
442 44
442 58
442 98
442 116
442 138
442 145
442 148
442 179
442 185
442 194
442 197
442 221
442 285
442 297
442 305
442 307
442 314
442 353
442 356
442 365
442 370
442 377
442 399
442 407
442 408
442 444
442 445
442 450
442 452
442 472
442 483
443 23
443 28
443 43
443 56
443 61
443 85
443 118
443 151
443 173
443 175
443 176
443 179
443 207
443 228
443 239
443 258
443 265
443 266
443 305
443 307
443 309
443 323
443 364
443 375
443 380
443 383
443 412
443 423
443 436
443 439
443 447
443 454
443 463
443 489
443 499
444 33
444 73
444 90
444 100
444 103
444 136
444 157
444 203
444 204
444 208
444 240
444 257
444 334
444 403
444 434
444 435
444 437
444 442
444 452
444 455
444 457
444 461
444 470
445 18
445 20
445 35
445 42
445 45
445 63
445 120
445 138
445 143
445 163
445 184
445 203
445 222
445 256
445 273
445 281
445 288
445 316
445 323
445 327
445 346
445 351
445 361
445 388
445 437
445 442
445 485
445 487
446 9
446 31
446 68
446 90
446 101
446 105
446 121
446 169
446 181
446 205
446 253
446 288
446 302
446 310
446 321
446 354
446 392
446 404
446 412
446 415
446 417
446 435
446 447
446 454
446 479
446 492
447 6
447 8
447 26
447 80
447 93
447 119
447 169
447 196
447 212
447 221
447 244
447 317
447 347
447 368
447 369
447 370
447 378
447 443
447 446
447 460
447 479
447 496
448 66
448 96
448 160
448 172
448 177
448 181
448 186
448 198
448 211
448 234
448 249
448 269
448 304
448 323
448 356
448 374
448 409
448 422
448 453
448 474
449 10
449 16
449 58
449 100
449 119
449 162
449 163
449 166
449 265
449 270
449 287
449 302
449 308
449 309
449 314
449 333
449 359
449 362
449 387
449 435
449 475
449 482
450 1
450 21
450 32
450 43
450 84
450 116
450 129
450 142
450 177
450 190
450 247
450 261
450 262
450 279
450 306
450 361
450 383
450 390
450 394
450 409
450 426
450 442
450 459
450 460
450 482
450 483
450 493
450 497
451 6
451 36
451 37
451 56
451 80
451 83
451 105
451 108
451 139
451 149
451 157
451 176
451 192
451 218
451 222
451 280
451 321
451 339
451 357
451 394
451 406
451 454
451 477
452 20
452 46
452 156
452 170
452 182
452 194
452 196
452 203
452 217
452 225
452 255
452 258
452 278
452 282
452 297
452 345
452 355
452 367
452 396
452 409
452 427
452 437
452 442
452 444
452 497
453 5
453 18
453 44
453 93
453 110
453 115
453 136
453 155
453 157
453 176
453 191
453 219
453 287
453 288
453 370
453 375
453 396
453 439
453 448
453 466
453 482
453 487
453 489
453 493
454 8
454 39
454 73
454 79
454 91
454 94
454 118
454 124
454 139
454 144
454 147
454 149
454 156
454 189
454 198
454 219
454 240
454 253
454 259
454 315
454 317
454 332
454 346
454 373
454 390
454 411
454 426
454 443
454 446
454 451
454 456
454 459
454 480
454 482
455 17
455 63
455 64
455 66
455 70
455 75
455 88
455 91
455 112
455 118
455 141
455 153
455 180
455 186
455 206
455 212
455 216
455 250
455 290
455 326
455 335
455 338
455 346
455 356
455 437
455 444
455 473
455 489
456 38
456 55
456 60
456 70
456 87
456 95
456 106
456 117
456 118
456 129
456 131
456 141
456 151
456 179
456 193
456 238
456 250
456 267
456 283
456 323
456 332
456 339
456 366
456 383
456 385
456 398
456 410
456 411
456 454
456 474
456 478
457 1
457 17
457 29
457 59
457 89
457 95
457 109
457 144
457 160
457 179
457 226
457 236
457 281
457 287
457 310
457 327
457 330
457 331
457 344
457 356
457 374
457 388
457 396
457 421
457 423
457 438
457 444
457 485
457 497
457 498
458 0
458 37
458 66
458 67
458 86
458 114
458 182
458 192
458 210
458 230
458 231
458 238
458 250
458 262
458 265
458 268
458 284
458 373
458 374
458 385
458 395
458 400
458 406
458 477
458 480
458 481
459 4
459 8
459 24
459 62
459 100
459 114
459 129
459 136
459 138
459 156
459 180
459 193
459 199
459 215
459 223
459 226
459 304
459 314
459 324
459 341
459 356
459 380
459 390
459 415
459 421
459 432
459 450
459 454
459 465
460 39
460 53
460 56
460 78
460 89
460 141
460 144
460 187
460 220
460 224
460 254
460 295
460 297
460 299
460 351
460 373
460 398
460 399
460 424
460 447
460 450
460 462
460 466
460 476
460 492
461 12
461 28
461 42
461 67
461 71
461 86
461 116
461 131
461 149
461 176
461 221
461 254
461 262
461 280
461 283
461 287
461 290
461 325
461 343
461 344
461 372
461 392
461 425
461 437
461 444
461 469
462 19
462 58
462 71
462 102
462 148
462 182
462 195
462 229
462 233
462 280
462 385
462 398
462 420
462 426
462 460
462 478
462 497
463 6
463 20
463 101
463 129
463 132
463 148
463 202
463 204
463 229
463 231
463 250
463 253
463 265
463 366
463 381
463 384
463 387
463 389
463 412
463 417
463 428
463 443
463 465
464 11
464 92
464 101
464 107
464 112
464 121
464 132
464 139
464 171
464 182
464 201
464 228
464 230
464 233
464 323
464 338
464 341
464 361
464 380
464 490
465 9
465 14
465 56
465 59
465 61
465 77
465 109
465 110
465 135
465 152
465 188
465 201
465 208
465 216
465 269
465 271
465 273
465 388
465 416
465 419
465 459
465 463
465 483
465 484
466 55
466 79
466 98
466 103
466 120
466 127
466 173
466 190
466 200
466 213
466 255
466 282
466 289
466 325
466 364
466 367
466 394
466 397
466 415
466 437
466 453
466 460
466 468
466 483
467 12
467 14
467 79
467 113
467 137
467 145
467 157
467 179
467 195
467 216
467 221
467 245
467 263
467 268
467 286
467 305
467 314
467 355
467 394
467 398
467 418
467 419
467 428
467 437
467 471
468 23
468 25
468 34
468 43
468 54
468 91
468 110
468 120
468 128
468 140
468 145
468 162
468 191
468 221
468 247
468 255
468 271
468 287
468 314
468 323
468 346
468 365
468 386
468 397
468 428
468 431
468 466
468 470
468 484
468 487
469 27
469 35
469 46
469 87
469 111
469 129
469 144
469 163
469 164
469 174
469 177
469 196
469 198
469 230
469 237
469 252
469 304
469 328
469 425
469 427
469 434
469 461
469 473
470 45
470 57
470 62
470 64
470 65
470 76
470 83
470 116
470 121
470 146
470 149
470 155
470 169
470 182
470 214
470 218
470 242
470 281
470 311
470 330
470 353
470 374
470 385
470 386
470 421
470 435
470 444
470 468
470 471
470 478
471 13
471 24
471 38
471 94
471 95
471 109
471 166
471 186
471 236
471 253
471 276
471 280
471 370
471 372
471 376
471 380
471 381
471 414
471 423
471 467
471 470
472 20
472 27
472 57
472 89
472 93
472 113
472 185
472 207
472 224
472 242
472 302
472 307
472 367
472 442
473 12
473 28
473 43
473 65
473 71
473 136
473 159
473 204
473 206
473 237
473 238
473 281
473 305
473 318
473 325
473 387
473 402
473 408
473 427
473 428
473 455
473 469
473 484
474 19
474 21
474 36
474 39
474 56
474 61
474 101
474 112
474 129
474 138
474 147
474 168
474 173
474 201
474 203
474 207
474 211
474 240
474 245
474 261
474 309
474 347
474 349
474 364
474 419
474 448
474 456
475 6
475 84
475 113
475 122
475 123
475 128
475 133
475 151
475 170
475 185
475 197
475 203
475 212
475 213
475 231
475 245
475 250
475 256
475 260
475 274
475 279
475 289
475 302
475 315
475 317
475 329
475 330
475 345
475 381
475 395
475 423
475 441
475 449
475 492
476 29
476 42
476 128
476 153
476 206
476 212
476 235
476 268
476 273
476 296
476 308
476 312
476 331
476 341
476 351
476 355
476 370
476 408
476 435
476 460
476 482
476 483
476 484
476 487
477 1
477 45
477 47
477 70
477 82
477 107
477 139
477 154
477 161
477 168
477 227
477 273
477 295
477 331
477 376
477 378
477 389
477 394
477 433
477 451
477 458
478 17
478 35
478 36
478 48
478 77
478 107
478 108
478 113
478 144
478 242
478 325
478 342
478 374
478 391
478 414
478 421
478 425
478 429
478 437
478 456
478 462
478 470
479 8
479 15
479 35
479 36
479 46
479 47
479 48
479 65
479 84
479 94
479 100
479 135
479 154
479 195
479 213
479 243
479 263
479 265
479 275
479 278
479 329
479 345
479 347
479 354
479 361
479 364
479 376
479 383
479 421
479 423
479 431
479 446
479 447
479 487
480 77
480 135
480 166
480 167
480 180
480 191
480 197
480 222
480 255
480 256
480 264
480 274
480 282
480 302
480 326
480 369
480 376
480 441
480 454
480 458
480 492
481 33
481 36
481 37
481 107
481 140
481 151
481 164
481 171
481 196
481 231
481 244
481 253
481 258
481 298
481 370
481 393
481 436
481 458
481 496
482 71
482 78
482 89
482 128
482 148
482 174
482 183
482 196
482 202
482 210
482 222
482 244
482 250
482 251
482 253
482 254
482 255
482 260
482 301
482 318
482 382
482 415
482 425
482 440
482 449
482 450
482 453
482 454
482 476
482 485
483 4
483 6
483 12
483 17
483 20
483 83
483 93
483 117
483 150
483 170
483 215
483 240
483 247
483 258
483 260
483 292
483 313
483 314
483 399
483 435
483 438
483 440
483 442
483 450
483 465
483 466
483 476
483 493
484 11
484 21
484 47
484 55
484 114
484 118
484 138
484 142
484 171
484 223
484 240
484 329
484 337
484 357
484 358
484 397
484 402
484 416
484 427
484 465
484 468
484 473
484 476
485 1
485 11
485 70
485 82
485 84
485 90
485 97
485 104
485 137
485 145
485 166
485 200
485 205
485 280
485 316
485 359
485 385
485 386
485 407
485 412
485 445
485 457
485 482
485 486
486 21
486 24
486 123
486 152
486 161
486 192
486 251
486 257
486 291
486 335
486 347
486 382
486 485
487 7
487 25
487 28
487 59
487 102
487 115
487 120
487 138
487 197
487 221
487 224
487 239
487 350
487 357
487 369
487 405
487 412
487 445
487 453
487 468
487 476
487 479
487 499
488 45
488 50
488 87
488 99
488 138
488 160
488 186
488 230
488 255
488 298
488 304
488 326
488 342
488 344
488 348
488 349
488 372
488 430
489 8
489 13
489 14
489 43
489 44
489 58
489 59
489 64
489 105
489 116
489 117
489 118
489 130
489 166
489 198
489 202
489 203
489 250
489 348
489 370
489 421
489 443
489 453
489 455
489 496
490 26
490 88
490 106
490 125
490 127
490 152
490 153
490 162
490 189
490 197
490 220
490 304
490 325
490 328
490 335
490 350
490 359
490 360
490 369
490 376
490 391
490 396
490 417
490 464
491 2
491 12
491 21
491 34
491 43
491 58
491 61
491 63
491 168
491 173
491 193
491 221
491 226
491 235
491 239
491 240
491 245
491 271
491 285
491 298
491 301
491 372
491 497
492 24
492 47
492 72
492 93
492 151
492 159
492 172
492 179
492 213
492 218
492 241
492 258
492 296
492 302
492 357
492 368
492 446
492 460
492 475
492 480
493 46
493 56
493 60
493 86
493 104
493 126
493 132
493 150
493 167
493 265
493 300
493 314
493 362
493 364
493 409
493 413
493 440
493 450
493 453
493 483
494 10
494 29
494 32
494 45
494 46
494 52
494 53
494 77
494 94
494 132
494 135
494 151
494 153
494 156
494 179
494 181
494 182
494 196
494 198
494 238
494 260
494 261
494 268
494 308
494 370
494 380
494 387
494 435
495 19
495 43
495 71
495 100
495 107
495 118
495 135
495 151
495 160
495 161
495 176
495 208
495 216
495 237
495 240
495 245
495 272
495 291
495 326
495 335
495 338
495 381
495 383
495 433
496 9
496 31
496 127
496 130
496 142
496 152
496 214
496 235
496 296
496 389
496 403
496 447
496 481
496 489
497 1
497 28
497 37
497 54
497 67
497 155
497 184
497 191
497 260
497 300
497 305
497 325
497 330
497 350
497 372
497 389
497 413
497 418
497 450
497 452
497 457
497 462
497 491
497 498
498 98
498 138
498 162
498 178
498 184
498 197
498 208
498 210
498 238
498 242
498 255
498 272
498 281
498 300
498 345
498 348
498 351
498 368
498 372
498 378
498 397
498 411
498 414
498 418
498 457
498 497
499 35
499 55
499 58
499 71
499 85
499 129
499 146
499 157
499 164
499 165
499 196
499 209
499 227
499 289
499 309
499 313
499 344
499 364
499 365
499 378
499 433
499 443
499 487