200 4014
0 5
0 17
0 25
0 29
0 30
0 45
0 50
0 53
0 56
0 58
0 62
0 64
0 71
0 73
0 90
0 95
0 96
0 97
0 110
0 126
0 128
0 129
0 131
0 136
0 137
0 145
0 147
0 150
0 152
0 153
0 159
0 161
0 169
0 177
0 182
0 188
0 189
0 193
0 194
0 196
1 4
1 6
1 10
1 11
1 13
1 15
1 17
1 25
1 31
1 45
1 48
1 49
1 51
1 53
1 55
1 65
1 67
1 68
1 70
1 91
1 93
1 95
1 97
1 102
1 103
1 104
1 105
1 106
1 108
1 111
1 113
1 121
1 123
1 130
1 140
1 146
1 150
1 152
1 156
1 158
1 173
1 174
1 175
1 178
1 180
1 183
1 186
1 188
1 191
1 192
1 197
2 10
2 12
2 15
2 20
2 24
2 28
2 31
2 33
2 38
2 39
2 53
2 57
2 61
2 62
2 63
2 66
2 67
2 74
2 77
2 78
2 85
2 105
2 111
2 112
2 115
2 117
2 130
2 131
2 134
2 139
2 141
2 142
2 145
2 147
2 148
2 149
2 150
2 159
2 160
2 161
2 163
2 170
2 176
2 193
2 195
3 6
3 19
3 21
3 36
3 39
3 41
3 42
3 43
3 51
3 52
3 62
3 72
3 75
3 76
3 79
3 81
3 89
3 94
3 95
3 110
3 115
3 117
3 128
3 135
3 136
3 139
3 144
3 147
3 153
3 155
3 164
3 166
3 175
3 181
3 182
3 186
3 187
3 190
3 192
4 1
4 11
4 15
4 20
4 21
4 27
4 30
4 31
4 38
4 39
4 44
4 51
4 55
4 60
4 81
4 83
4 84
4 86
4 87
4 88
4 94
4 100
4 101
4 110
4 122
4 125
4 127
4 128
4 131
4 138
4 147
4 148
4 154
4 161
4 162
4 166
4 171
4 173
4 185
4 186
4 187
4 188
4 192
4 197
4 199
5 0
5 7
5 12
5 14
5 17
5 18
5 19
5 20
5 21
5 36
5 53
5 55
5 57
5 58
5 61
5 67
5 68
5 70
5 95
5 98
5 114
5 115
5 119
5 126
5 128
5 129
5 133
5 146
5 155
5 172
5 184
5 191
5 193
6 1
6 3
6 7
6 15
6 18
6 25
6 28
6 31
6 33
6 36
6 39
6 45
6 46
6 50
6 62
6 69
6 73
6 76
6 79
6 84
6 86
6 87
6 96
6 107
6 108
6 109
6 111
6 112
6 117
6 123
6 127
6 134
6 140
6 141
6 143
6 144
6 152
6 153
6 157
6 158
6 165
6 166
6 167
6 172
6 174
6 184
6 192
6 196
6 199
7 5
7 6
7 11
7 12
7 13
7 20
7 22
7 23
7 24
7 27
7 34
7 39
7 41
7 50
7 60
7 61
7 62
7 69
7 70
7 72
7 76
7 80
7 81
7 107
7 113
7 129
7 133
7 134
7 136
7 140
7 143
7 145
7 147
7 153
7 170
7 186
7 187
7 190
7 198
8 18
8 19
8 24
8 40
8 41
8 43
8 45
8 47
8 59
8 61
8 75
8 78
8 79
8 88
8 92
8 94
8 95
8 97
8 109
8 110
8 114
8 117
8 122
8 132
8 135
8 137
8 138
8 149
8 151
8 152
8 154
8 157
8 172
8 182
8 185
8 187
8 191
8 199
9 12
9 13
9 14
9 16
9 24
9 37
9 40
9 54
9 55
9 60
9 61
9 62
9 64
9 74
9 79
9 80
9 85
9 91
9 99
9 100
9 101
9 103
9 112
9 115
9 119
9 121
9 124
9 129
9 135
9 138
9 139
9 140
9 160
9 166
9 167
9 173
9 174
9 183
9 192
10 1
10 2
10 14
10 19
10 31
10 35
10 43
10 56
10 57
10 58
10 61
10 67
10 75
10 78
10 88
10 89
10 94
10 95
10 97
10 99
10 100
10 117
10 121
10 127
10 133
10 139
10 144
10 149
10 151
10 154
10 166
10 168
10 171
10 173
10 181
10 190
11 1
11 4
11 7
11 22
11 24
11 34
11 42
11 46
11 48
11 56
11 66
11 72
11 85
11 87
11 96
11 98
11 104
11 114
11 116
11 118
11 125
11 134
11 137
11 139
11 140
11 153
11 155
11 156
11 160
11 166
11 173
11 176
11 181
11 183
11 184
11 185
11 190
11 192
11 194
11 199
12 2
12 5
12 7
12 9
12 13
12 18
12 26
12 28
12 33
12 35
12 42
12 55
12 60
12 62
12 71
12 72
12 80
12 81
12 99
12 100
12 102
12 103
12 113
12 114
12 121
12 122
12 134
12 135
12 136
12 143
12 145
12 148
12 149
12 159
12 160
12 170
12 179
12 180
12 182
12 187
12 198
13 1
13 7
13 9
13 12
13 19
13 21
13 29
13 49
13 59
13 61
13 64
13 65
13 75
13 90
13 94
13 100
13 107
13 111
13 118
13 119
13 121
13 125
13 130
13 131
13 151
13 153
13 155
13 161
13 172
13 181
13 192
13 194
13 197
13 198
13 199
14 5
14 9
14 10
14 19
14 20
14 25
14 29
14 32
14 34
14 35
14 37
14 42
14 44
14 49
14 52
14 55
14 63
14 65
14 69
14 72
14 76
14 87
14 88
14 103
14 116
14 118
14 129
14 134
14 138
14 144
14 147
14 157
14 169
14 173
14 184
14 185
14 191
14 192
14 197
15 1
15 2
15 4
15 6
15 17
15 18
15 22
15 23
15 28
15 29
15 35
15 45
15 48
15 54
15 56
15 69
15 79
15 85
15 86
15 88
15 96
15 101
15 104
15 106
15 112
15 118
15 123
15 129
15 134
15 137
15 142
15 145
15 147
15 148
15 162
15 166
15 182
15 184
15 187
15 188
15 192
15 198
16 9
16 23
16 25
16 27
16 31
16 33
16 34
16 46
16 53
16 57
16 62
16 63
16 66
16 68
16 69
16 70
16 78
16 89
16 93
16 96
16 100
16 101
16 109
16 110
16 111
16 115
16 122
16 123
16 124
16 125
16 136
16 142
16 143
16 144
16 146
16 148
16 150
16 152
16 156
16 166
16 179
16 190
17 0
17 1
17 5
17 15
17 21
17 29
17 36
17 39
17 42
17 44
17 61
17 68
17 72
17 76
17 82
17 85
17 102
17 104
17 122
17 125
17 127
17 147
17 160
17 162
17 173
17 174
17 177
17 185
17 186
17 190
17 194
17 197
18 5
18 6
18 8
18 12
18 15
18 23
18 31
18 35
18 41
18 52
18 53
18 54
18 65
18 66
18 69
18 73
18 76
18 77
18 89
18 91
18 95
18 97
18 98
18 106
18 111
18 112
18 114
18 128
18 132
18 133
18 141
18 159
18 165
18 169
18 171
18 182
18 193
18 194
18 197
19 3
19 5
19 8
19 10
19 13
19 14
19 40
19 41
19 43
19 48
19 50
19 56
19 57
19 62
19 69
19 70
19 79
19 101
19 104
19 110
19 116
19 117
19 124
19 125
19 128
19 134
19 135
19 139
19 144
19 149
19 155
19 158
19 159
19 169
19 177
19 180
19 182
19 184
19 185
19 192
19 193
19 195
19 199
20 2
20 4
20 5
20 7
20 14
20 22
20 26
20 28
20 31
20 34
20 37
20 39
20 41
20 42
20 43
20 44
20 47
20 51
20 61
20 64
20 66
20 68
20 73
20 74
20 76
20 81
20 82
20 84
20 89
20 93
20 97
20 99
20 113
20 114
20 117
20 121
20 129
20 133
20 135
20 138
20 142
20 148
20 150
20 160
20 167
20 168
20 170
20 177
20 178
20 179
20 182
20 184
20 187
20 189
21 3
21 4
21 5
21 13
21 17
21 23
21 24
21 29
21 32
21 34
21 37
21 43
21 48
21 61
21 62
21 66
21 67
21 71
21 80
21 86
21 93
21 94
21 105
21 111
21 113
21 114
21 120
21 121
21 125
21 128
21 131
21 135
21 142
21 143
21 152
21 154
21 156
21 158
21 163
21 164
21 166
21 181
21 183
21 185
21 187
21 196
21 198
22 7
22 11
22 15
22 20
22 25
22 26
22 29
22 35
22 36
22 37
22 52
22 54
22 55
22 58
22 66
22 72
22 91
22 93
22 103
22 107
22 108
22 109
22 114
22 118
22 119
22 120
22 121
22 128
22 129
22 138
22 140
22 153
22 157
22 159
22 160
22 161
22 169
22 171
22 180
22 186
22 195
22 197
23 7
23 15
23 16
23 18
23 21
23 26
23 28
23 36
23 37
23 64
23 67
23 69
23 75
23 80
23 90
23 95
23 96
23 98
23 116
23 121
23 133
23 136
23 137
23 138
23 140
23 152
23 154
23 178
23 179
23 186
23 187
24 2
24 7
24 8
24 9
24 11
24 21
24 26
24 29
24 31
24 32
24 49
24 58
24 59
24 60
24 61
24 66
24 80
24 84
24 86
24 90
24 97
24 99
24 103
24 110
24 111
24 116
24 117
24 129
24 132
24 134
24 140
24 144
24 159
24 162
24 169
24 178
25 0
25 1
25 6
25 14
25 16
25 22
25 38
25 39
25 45
25 46
25 68
25 76
25 78
25 84
25 85
25 87
25 93
25 100
25 105
25 106
25 109
25 118
25 128
25 129
25 146
25 156
25 159
25 164
25 172
25 173
25 174
25 189
25 196
26 12
26 20
26 22
26 23
26 24
26 28
26 29
26 37
26 47
26 55
26 57
26 58
26 63
26 68
26 72
26 74
26 78
26 81
26 89
26 101
26 103
26 111
26 118
26 121
26 125
26 128
26 129
26 132
26 138
26 149
26 156
26 161
26 167
26 168
26 173
26 182
26 190
26 192
26 193
26 194
26 197
27 4
27 7
27 16
27 29
27 33
27 46
27 48
27 51
27 53
27 55
27 57
27 63
27 67
27 76
27 78
27 80
27 83
27 87
27 105
27 118
27 119
27 121
27 134
27 135
27 142
27 144
27 145
27 154
27 158
27 166
27 171
27 173
27 181
27 185
27 187
27 189
27 194
27 195
28 2
28 6
28 12
28 15
28 20
28 23
28 26
28 34
28 37
28 43
28 53
28 58
28 59
28 66
28 76
28 83
28 91
28 92
28 99
28 107
28 110
28 117
28 118
28 128
28 132
28 139
28 147
28 156
28 159
28 165
28 171
28 173
28 175
28 184
28 185
28 187
28 193
28 194
28 197
28 199
29 0
29 13
29 14
29 15
29 17
29 21
29 22
29 24
29 26
29 27
29 36
29 48
29 55
29 57
29 65
29 89
29 95
29 97
29 98
29 99
29 110
29 123
29 128
29 130
29 134
29 140
29 146
29 149
29 156
29 162
29 163
29 165
29 168
29 169
29 170
29 173
29 175
29 178
29 190
29 191
29 193
30 0
30 4
30 34
30 39
30 41
30 44
30 48
30 49
30 52
30 53
30 68
30 73
30 75
30 77
30 80
30 88
30 89
30 97
30 102
30 106
30 112
30 113
30 117
30 120
30 123
30 127
30 128
30 133
30 140
30 144
30 153
30 154
30 156
30 157
30 160
30 166
30 169
30 173
30 174
30 188
30 191
30 194
31 1
31 2
31 4
31 6
31 10
31 16
31 18
31 20
31 24
31 32
31 33
31 34
31 35
31 36
31 38
31 43
31 48
31 52
31 58
31 63
31 64
31 70
31 88
31 89
31 93
31 95
31 104
31 106
31 108
31 109
31 110
31 113
31 125
31 129
31 138
31 152
31 154
31 155
31 165
31 178
31 182
31 187
31 195
31 198
32 14
32 21
32 24
32 31
32 39
32 42
32 46
32 48
32 67
32 68
32 75
32 77
32 83
32 88
32 94
32 97
32 101
32 113
32 127
32 132
32 136
32 137
32 147
32 148
32 153
32 154
32 156
32 170
32 174
32 182
32 183
32 185
32 193
33 2
33 6
33 12
33 16
33 27
33 31
33 35
33 36
33 39
33 41
33 46
33 56
33 59
33 65
33 67
33 83
33 91
33 93
33 111
33 112
33 113
33 116
33 117
33 119
33 122
33 124
33 126
33 131
33 137
33 146
33 151
33 155
33 169
33 170
33 171
33 175
33 176
33 180
33 183
33 187
33 190
33 192
33 195
34 7
34 11
34 14
34 16
34 20
34 21
34 28
34 30
34 31
34 36
34 40
34 46
34 51
34 59
34 60
34 68
34 70
34 75
34 85
34 86
34 96
34 108
34 113
34 114
34 132
34 134
34 135
34 137
34 144
34 149
34 150
34 151
34 159
34 166
34 169
34 174
35 10
35 12
35 14
35 15
35 18
35 22
35 31
35 33
35 39
35 43
35 45
35 49
35 53
35 59
35 60
35 64
35 67
35 73
35 76
35 81
35 85
35 91
35 94
35 95
35 99
35 102
35 126
35 130
35 134
35 137
35 142
35 143
35 147
35 153
35 154
35 159
35 171
36 3
36 5
36 6
36 17
36 22
36 23
36 29
36 31
36 33
36 34
36 37
36 39
36 46
36 51
36 54
36 56
36 59
36 62
36 64
36 68
36 70
36 78
36 80
36 86
36 90
36 98
36 102
36 119
36 125
36 127
36 130
36 135
36 145
36 146
36 153
36 154
36 158
36 166
36 167
36 169
36 174
36 180
36 192
36 194
37 9
37 14
37 20
37 21
37 22
37 23
37 26
37 28
37 36
37 38
37 42
37 43
37 45
37 50
37 54
37 56
37 57
37 58
37 64
37 68
37 69
37 74
37 80
37 82
37 91
37 92
37 94
37 95
37 101
37 123
37 126
37 127
37 128
37 131
37 141
37 145
37 148
37 150
37 164
37 167
37 169
37 170
37 171
37 173
37 175
37 178
37 182
37 190
37 199
38 2
38 4
38 25
38 31
38 37
38 52
38 53
38 55
38 68
38 69
38 71
38 74
38 78
38 87
38 90
38 91
38 96
38 99
38 100
38 102
38 105
38 106
38 107
38 108
38 111
38 112
38 116
38 122
38 126
38 131
38 132
38 141
38 148
38 150
38 155
38 185
38 187
38 189
38 193
39 2
39 3
39 4
39 6
39 7
39 17
39 20
39 25
39 30
39 32
39 33
39 35
39 36
39 43
39 45
39 48
39 49
39 54
39 58
39 60
39 71
39 76
39 77
39 97
39 99
39 103
39 105
39 109
39 112
39 118
39 125
39 126
39 133
39 136
39 145
39 147
39 154
39 156
39 158
39 166
39 167
39 174
40 8
40 9
40 19
40 34
40 44
40 62
40 64
40 68
40 71
40 74
40 75
40 79
40 83
40 87
40 96
40 108
40 118
40 123
40 124
40 129
40 132
40 137
40 141
40 142
40 143
40 148
40 150
40 157
40 163
40 165
40 178
40 183
40 187
40 189
40 193
40 196
41 3
41 7
41 8
41 18
41 19
41 20
41 30
41 33
41 45
41 47
41 54
41 57
41 59
41 60
41 61
41 67
41 72
41 73
41 79
41 81
41 86
41 87
41 88
41 90
41 91
41 97
41 99
41 103
41 110
41 113
41 116
41 117
41 119
41 123
41 124
41 126
41 127
41 131
41 135
41 139
41 141
41 151
41 155
41 158
41 163
41 172
41 181
41 184
41 185
41 193
41 194
41 195
42 3
42 11
42 12
42 14
42 17
42 20
42 32
42 37
42 43
42 46
42 60
42 61
42 63
42 74
42 76
42 79
42 83
42 85
42 87
42 90
42 92
42 98
42 104
42 110
42 112
42 114
42 120
42 122
42 124
42 137
42 140
42 143
42 146
42 151
42 152
42 160
42 174
42 176
42 177
42 179
42 188
42 189
42 190
42 192
42 199
43 3
43 8
43 10
43 19
43 20
43 21
43 28
43 31
43 35
43 37
43 39
43 42
43 45
43 54
43 55
43 59
43 64
43 72
43 73
43 77
43 81
43 86
43 89
43 92
43 93
43 97
43 104
43 106
43 108
43 118
43 123
43 124
43 151
43 153
43 157
43 168
43 177
43 178
43 182
43 184
43 185
43 192
43 195
43 196
43 198
44 4
44 14
44 17
44 20
44 30
44 40
44 53
44 56
44 60
44 63
44 64
44 65
44 70
44 79
44 81
44 83
44 87
44 91
44 92
44 93
44 96
44 99
44 102
44 103
44 113
44 114
44 116
44 122
44 123
44 129
44 130
44 140
44 144
44 149
44 151
44 154
44 162
44 163
44 167
44 169
44 172
44 176
44 177
44 182
44 193
44 194
44 197
45 0
45 1
45 6
45 8
45 15
45 25
45 35
45 37
45 39
45 41
45 43
45 46
45 58
45 67
45 68
45 69
45 72
45 74
45 78
45 83
45 89
45 92
45 100
45 102
45 117
45 119
45 121
45 128
45 130
45 142
45 145
45 146
45 150
45 154
45 156
45 157
45 165
45 166
45 177
45 186
45 188
45 199
46 6
46 11
46 16
46 25
46 27
46 32
46 33
46 34
46 36
46 42
46 45
46 50
46 55
46 71
46 86
46 88
46 90
46 96
46 99
46 101
46 103
46 105
46 125
46 130
46 131
46 132
46 134
46 135
46 142
46 144
46 145
46 151
46 156
46 161
46 169
46 173
46 175
46 179
46 188
46 195
47 8
47 20
47 26
47 41
47 50
47 59
47 68
47 69
47 78
47 107
47 116
47 120
47 127
47 131
47 134
47 135
47 150
47 152
47 153
47 154
47 157
47 159
47 162
47 167
47 184
47 188
47 193
48 1
48 11
48 15
48 19
48 21
48 27
48 29
48 30
48 31
48 32
48 39
48 50
48 51
48 52
48 55
48 69
48 72
48 79
48 82
48 86
48 88
48 89
48 95
48 96
48 109
48 115
48 118
48 119
48 122
48 124
48 128
48 132
48 133
48 134
48 137
48 139
48 141
48 143
48 145
48 147
48 148
48 161
48 165
48 167
48 170
48 178
48 190
48 193
48 194
48 195
49 1
49 13
49 14
49 24
49 30
49 35
49 39
49 52
49 55
49 61
49 74
49 78
49 80
49 85
49 86
49 96
49 99
49 104
49 111
49 112
49 113
49 120
49 127
49 133
49 135
49 139
49 142
49 152
49 154
49 159
49 163
49 164
49 166
49 171
49 172
49 176
49 190
49 191
49 198
50 0
50 6
50 7
50 19
50 37
50 46
50 47
50 48
50 58
50 62
50 69
50 70
50 77
50 79
50 80
50 84
50 86
50 92
50 95
50 109
50 115
50 118
50 123
50 129
50 133
50 136
50 140
50 142
50 143
50 148
50 154
50 159
50 165
50 171
50 187
50 188
50 190
50 193
50 195
50 197
51 1
51 3
51 4
51 20
51 27
51 34
51 36
51 48
51 53
51 56
51 60
51 62
51 69
51 80
51 82
51 83
51 84
51 88
51 91
51 96
51 99
51 101
51 102
51 103
51 105
51 116
51 119
51 126
51 128
51 133
51 143
51 144
51 149
51 152
51 153
51 157
51 158
51 164
51 168
51 178
51 187
51 189
51 191
51 194
52 3
52 14
52 18
52 22
52 30
52 31
52 38
52 48
52 49
52 56
52 63
52 64
52 66
52 69
52 87
52 91
52 101
52 102
52 107
52 110
52 132
52 133
52 137
52 138
52 145
52 159
52 170
52 177
52 181
52 184
52 189
52 193
53 0
53 1
53 2
53 5
53 16
53 18
53 27
53 28
53 30
53 35
53 38
53 44
53 51
53 65
53 69
53 71
53 76
53 78
53 84
53 91
53 92
53 93
53 103
53 104
53 115
53 118
53 125
53 128
53 130
53 135
53 137
53 139
53 143
53 148
53 149
53 150
53 153
53 154
53 156
53 172
53 179
53 186
53 195
54 9
54 15
54 18
54 22
54 36
54 37
54 39
54 41
54 43
54 56
54 58
54 59
54 64
54 68
54 71
54 76
54 82
54 93
54 107
54 110
54 118
54 122
54 127
54 131
54 132
54 139
54 141
54 152
54 156
54 158
54 164
54 167
54 169
54 170
54 172
54 187
54 195
55 1
55 4
55 5
55 9
55 12
55 14
55 22
55 26
55 27
55 29
55 38
55 43
55 46
55 48
55 49
55 69
55 71
55 79
55 98
55 106
55 108
55 117
55 118
55 120
55 131
55 142
55 147
55 159
55 164
55 166
55 177
55 179
55 180
55 182
55 188
55 191
56 0
56 10
56 11
56 15
56 19
56 33
56 36
56 37
56 44
56 51
56 52
56 54
56 57
56 62
56 63
56 74
56 78
56 82
56 85
56 90
56 92
56 94
56 103
56 120
56 124
56 130
56 133
56 142
56 148
56 155
56 162
56 163
56 166
56 167
56 168
56 169
56 170
56 183
56 184
56 191
56 192
56 198
57 2
57 5
57 10
57 16
57 19
57 26
57 27
57 29
57 37
57 41
57 56
57 61
57 62
57 66
57 67
57 76
57 80
57 81
57 89
57 96
57 104
57 108
57 111
57 118
57 119
57 124
57 128
57 132
57 140
57 144
57 145
57 147
57 151
57 155
57 172
57 173
57 181
57 184
57 185
57 189
57 197
57 199
58 0
58 5
58 10
58 22
58 24
58 26
58 28
58 31
58 37
58 39
58 45
58 50
58 54
58 59
58 95
58 96
58 100
58 102
58 106
58 111
58 112
58 129
58 131
58 134
58 144
58 155
58 160
58 162
58 166
58 173
58 174
58 175
58 179
58 182
58 184
58 187
58 188
59 8
59 13
59 24
59 28
59 33
59 34
59 35
59 36
59 41
59 43
59 47
59 54
59 58
59 61
59 64
59 68
59 71
59 84
59 93
59 104
59 112
59 114
59 116
59 117
59 124
59 125
59 135
59 138
59 141
59 146
59 158
59 163
59 169
59 182
59 185
59 194
60 4
60 7
60 9
60 12
60 24
60 34
60 35
60 39
60 41
60 42
60 44
60 51
60 63
60 73
60 78
60 95
60 105
60 112
60 118
60 120
60 125
60 129
60 137
60 139
60 140
60 143
60 149
60 150
60 152
60 153
60 156
60 157
60 158
60 162
60 164
60 172
60 186
60 194
61 2
61 5
61 7
61 8
61 9
61 10
61 13
61 17
61 20
61 21
61 24
61 41
61 42
61 49
61 57
61 59
61 64
61 69
61 70
61 71
61 79
61 90
61 92
61 96
61 102
61 111
61 113
61 114
61 120
61 121
61 126
61 130
61 137
61 138
61 140
61 146
61 155
61 164
61 173
61 174
61 175
61 176
61 179
61 180
61 192
61 194
61 196
61 199
62 0
62 2
62 3
62 6
62 7
62 9
62 12
62 16
62 19
62 21
62 36
62 40
62 50
62 51
62 56
62 57
62 67
62 81
62 82
62 92
62 93
62 94
62 102
62 106
62 114
62 122
62 127
62 129
62 135
62 140
62 145
62 151
62 152
62 156
62 158
62 160
62 161
62 163
62 165
62 169
62 174
62 177
62 186
62 187
62 191
62 193
62 196
63 2
63 14
63 16
63 26
63 27
63 31
63 42
63 44
63 52
63 56
63 60
63 77
63 79
63 85
63 88
63 90
63 97
63 106
63 107
63 114
63 128
63 139
63 142
63 143
63 155
63 156
63 160
63 164
63 168
63 169
63 170
63 177
63 180
63 182
63 185
63 198
63 199
64 0
64 9
64 13
64 20
64 23
64 31
64 35
64 36
64 37
64 40
64 43
64 44
64 52
64 54
64 59
64 61
64 73
64 76
64 79
64 81
64 85
64 87
64 90
64 91
64 94
64 104
64 127
64 130
64 131
64 138
64 140
64 142
64 143
64 146
64 157
64 158
64 165
64 169
64 175
64 195
64 198
65 1
65 13
65 14
65 18
65 29
65 33
65 44
65 53
65 70
65 76
65 97
65 101
65 105
65 115
65 119
65 125
65 128
65 141
65 145
65 149
65 150
65 157
65 163
65 168
65 174
65 177
65 179
65 180
65 189
65 190
65 194
65 196
66 2
66 11
66 16
66 18
66 20
66 21
66 22
66 24
66 28
66 52
66 57
66 75
66 77
66 81
66 82
66 89
66 92
66 93
66 97
66 100
66 104
66 105
66 107
66 110
66 112
66 118
66 121
66 123
66 129
66 135
66 136
66 137
66 138
66 144
66 146
66 147
66 154
66 155
66 158
66 163
66 164
66 165
66 174
66 175
66 176
66 179
66 182
66 185
66 186
66 187
66 190
66 196
66 198
67 1
67 2
67 5
67 10
67 21
67 23
67 27
67 32
67 33
67 35
67 41
67 45
67 57
67 62
67 72
67 75
67 92
67 96
67 101
67 106
67 108
67 109
67 117
67 122
67 128
67 129
67 130
67 133
67 136
67 137
67 141
67 147
67 152
67 170
67 180
67 183
67 184
67 187
67 190
67 193
67 196
68 1
68 5
68 16
68 17
68 20
68 25
68 26
68 30
68 32
68 34
68 36
68 37
68 38
68 40
68 45
68 47
68 54
68 59
68 72
68 77
68 79
68 86
68 91
68 97
68 98
68 102
68 107
68 110
68 113
68 122
68 124
68 126
68 131
68 133
68 139
68 143
68 147
68 149
68 176
68 177
68 196
68 197
69 6
69 7
69 14
69 15
69 16
69 18
69 19
69 23
69 37
69 38
69 45
69 47
69 48
69 50
69 51
69 52
69 53
69 55
69 61
69 71
69 74
69 80
69 97
69 102
69 118
69 125
69 126
69 130
69 134
69 143
69 156
69 163
69 169
69 173
69 181
69 182
69 192
69 199
70 1
70 5
70 7
70 16
70 19
70 31
70 34
70 36
70 44
70 50
70 61
70 65
70 81
70 86
70 90
70 97
70 103
70 105
70 111
70 116
70 120
70 122
70 126
70 127
70 131
70 135
70 137
70 143
70 144
70 146
70 163
70 173
70 176
70 179
70 188
70 190
71 0
71 12
71 21
71 38
71 39
71 40
71 46
71 53
71 54
71 55
71 59
71 61
71 69
71 73
71 77
71 78
71 79
71 89
71 91
71 96
71 97
71 98
71 99
71 104
71 111
71 118
71 119
71 122
71 124
71 126
71 127
71 129
71 131
71 135
71 137
71 138
71 150
71 165
71 185
71 187
71 189
71 190
71 197
72 3
72 7
72 11
72 12
72 14
72 17
72 22
72 26
72 41
72 43
72 45
72 48
72 67
72 68
72 80
72 86
72 88
72 91
72 96
72 99
72 109
72 114
72 125
72 127
72 129
72 136
72 140
72 151
72 154
72 155
72 157
72 159
72 174
72 180
72 190
72 191
72 195
73 0
73 6
73 18
73 20
73 30
73 35
73 41
73 43
73 60
73 64
73 71
73 81
73 83
73 85
73 89
73 101
73 125
73 127
73 129
73 134
73 137
73 142
73 151
73 155
73 165
73 166
73 170
73 173
73 184
74 2
74 9
74 20
74 26
74 37
74 38
74 40
74 42
74 45
74 49
74 56
74 69
74 75
74 76
74 82
74 84
74 90
74 100
74 107
74 113
74 122
74 127
74 128
74 132
74 137
74 143
74 155
74 158
74 171
74 172
74 174
74 189
74 192
75 3
75 8
75 10
75 13
75 23
75 30
75 32
75 34
75 40
75 66
75 67
75 74
75 86
75 89
75 95
75 96
75 99
75 115
75 119
75 121
75 125
75 126
75 127
75 132
75 133
75 134
75 136
75 139
75 140
75 142
75 149
75 151
75 153
75 157
75 159
75 164
75 165
75 166
75 167
75 180
75 183
75 188
75 189
75 192
75 197
76 3
76 6
76 7
76 14
76 17
76 18
76 20
76 25
76 27
76 28
76 35
76 39
76 42
76 53
76 54
76 57
76 64
76 65
76 74
76 77
76 82
76 97
76 103
76 111
76 115
76 121
76 139
76 144
76 147
76 148
76 157
76 158
76 159
76 166
76 169
76 177
76 179
76 191
76 194
76 197
77 2
77 18
77 30
77 32
77 39
77 43
77 50
77 63
77 66
77 68
77 71
77 76
77 86
77 99
77 100
77 104
77 108
77 110
77 114
77 116
77 117
77 122
77 126
77 128
77 137
77 147
77 149
77 152
77 153
77 157
77 162
77 167
77 171
77 172
77 188
77 192
77 194
77 199
78 2
78 8
78 10
78 16
78 25
78 26
78 27
78 36
78 38
78 45
78 47
78 49
78 53
78 56
78 60
78 71
78 85
78 86
78 96
78 98
78 100
78 108
78 113
78 117
78 120
78 122
78 125
78 126
78 129
78 135
78 136
78 138
78 141
78 147
78 152
78 158
78 162
78 175
78 178
78 179
78 186
78 190
78 191
78 192
78 193
78 198
79 3
79 6
79 8
79 9
79 15
79 19
79 40
79 41
79 42
79 44
79 48
79 50
79 55
79 61
79 63
79 64
79 68
79 71
79 94
79 95
79 98
79 100
79 101
79 103
79 104
79 108
79 117
79 120
79 123
79 124
79 128
79 141
79 161
79 162
79 176
79 181
79 188
79 192
79 197
80 7
80 9
80 12
80 21
80 23
80 24
80 27
80 30
80 36
80 37
80 49
80 50
80 51
80 57
80 69
80 72
80 81
80 83
80 87
80 101
80 107
80 108
80 114
80 118
80 123
80 124
80 133
80 134
80 154
80 172
80 174
80 178
80 183
80 187
80 193
80 196
81 3
81 4
81 7
81 12
81 20
81 26
81 35
81 41
81 43
81 44
81 57
81 62
81 64
81 66
81 70
81 73
81 80
81 87
81 92
81 110
81 112
81 113
81 119
81 137
81 141
81 153
81 159
81 178
81 179
81 195
82 17
82 20
82 37
82 48
82 51
82 54
82 56
82 62
82 66
82 74
82 76
82 84
82 87
82 92
82 95
82 97
82 109
82 112
82 113
82 122
82 125
82 133
82 136
82 137
82 138
82 141
82 157
82 173
82 176
82 184
82 198
83 4
83 27
83 28
83 32
83 33
83 40
83 42
83 44
83 45
83 51
83 73
83 80
83 84
83 89
83 93
83 95
83 97
83 102
83 111
83 113
83 114
83 116
83 120
83 121
83 137
83 142
83 150
83 153
83 154
83 155
83 156
83 160
83 172
83 175
83 177
83 178
83 181
83 183
83 184
83 189
84 4
84 6
84 20
84 24
84 25
84 50
84 51
84 53
84 59
84 74
84 82
84 83
84 91
84 97
84 106
84 114
84 129
84 132
84 133
84 134
84 137
84 143
84 145
84 149
84 155
84 161
84 163
84 164
84 174
84 176
84 187
84 190
84 197
84 199
85 2
85 9
85 11
85 15
85 17
85 25
85 34
85 35
85 42
85 49
85 56
85 63
85 64
85 73
85 78
85 91
85 94
85 108
85 122
85 131
85 137
85 141
85 165
85 175
85 176
85 180
85 182
85 185
85 189
85 195
85 196
86 4
86 6
86 15
86 21
86 24
86 34
86 36
86 41
86 43
86 46
86 48
86 49
86 50
86 68
86 70
86 72
86 75
86 77
86 78
86 97
86 104
86 105
86 111
86 119
86 120
86 140
86 148
86 149
86 153
86 160
86 163
86 167
86 171
86 172
86 178
86 188
86 195
87 4
87 6
87 11
87 14
87 25
87 27
87 38
87 40
87 41
87 42
87 44
87 52
87 64
87 80
87 81
87 82
87 92
87 94
87 99
87 100
87 102
87 113
87 123
87 131
87 142
87 144
87 153
87 159
87 160
87 164
87 167
87 170
87 180
87 186
87 198
88 4
88 8
88 10
88 14
88 15
88 30
88 31
88 32
88 41
88 46
88 48
88 51
88 63
88 72
88 96
88 104
88 106
88 107
88 109
88 113
88 122
88 129
88 134
88 135
88 136
88 144
88 147
88 148
88 150
88 164
88 171
88 181
88 183
88 189
88 190
88 193
88 196
89 3
89 10
89 16
89 18
89 20
89 26
89 29
89 30
89 31
89 43
89 45
89 48
89 57
89 66
89 71
89 73
89 75
89 83
89 92
89 101
89 106
89 108
89 109
89 111
89 113
89 114
89 116
89 130
89 131
89 139
89 145
89 158
89 165
89 180
89 188
89 192
89 197
89 198
89 199
90 0
90 13
90 23
90 24
90 36
90 38
90 41
90 42
90 46
90 56
90 61
90 63
90 64
90 70
90 74
90 91
90 95
90 103
90 104
90 107
90 117
90 130
90 132
90 133
90 140
90 145
90 146
90 149
90 153
90 155
90 156
90 158
90 166
90 168
90 172
90 173
90 175
90 178
90 179
90 183
90 192
90 198
91 1
91 9
91 18
91 22
91 28
91 33
91 35
91 37
91 38
91 41
91 44
91 51
91 52
91 53
91 64
91 68
91 71
91 72
91 84
91 85
91 90
91 96
91 97
91 110
91 115
91 116
91 117
91 119
91 122
91 138
91 142
91 144
91 145
91 149
91 150
91 151
91 152
91 153
91 159
91 162
91 166
91 173
91 174
91 183
91 188
91 191
91 193
91 199
92 8
92 28
92 37
92 42
92 43
92 44
92 45
92 50
92 53
92 56
92 61
92 62
92 66
92 67
92 81
92 82
92 87
92 89
92 94
92 101
92 102
92 103
92 111
92 117
92 121
92 127
92 130
92 132
92 134
92 135
92 137
92 140
92 143
92 146
92 176
92 179
92 183
92 184
92 189
92 191
92 196
93 1
93 16
93 20
93 21
93 22
93 25
93 31
93 33
93 43
93 44
93 53
93 54
93 59
93 62
93 66
93 83
93 96
93 103
93 110
93 118
93 123
93 128
93 132
93 136
93 141
93 150
93 152
93 163
93 165
93 171
93 175
93 180
93 193
93 196
94 3
94 4
94 8
94 10
94 13
94 21
94 32
94 35
94 37
94 56
94 62
94 64
94 79
94 85
94 87
94 92
94 99
94 102
94 106
94 119
94 120
94 125
94 139
94 141
94 159
94 164
94 170
94 176
94 178
94 179
94 180
94 182
94 184
94 186
94 190
94 191
94 198
94 199
95 0
95 1
95 3
95 5
95 8
95 10
95 18
95 23
95 29
95 31
95 35
95 37
95 48
95 50
95 58
95 60
95 75
95 79
95 82
95 83
95 90
95 98
95 109
95 115
95 116
95 120
95 123
95 136
95 137
95 145
95 149
95 151
95 158
95 162
95 165
95 182
95 187
95 188
95 190
95 196
96 0
96 6
96 11
96 15
96 16
96 23
96 34
96 38
96 40
96 44
96 46
96 48
96 49
96 51
96 57
96 58
96 61
96 67
96 71
96 72
96 75
96 78
96 88
96 91
96 93
96 97
96 101
96 103
96 105
96 126
96 133
96 138
96 139
96 141
96 143
96 144
96 146
96 159
96 167
96 172
96 173
96 176
96 180
96 185
96 187
96 193
97 0
97 1
97 8
97 10
97 18
97 20
97 24
97 29
97 30
97 32
97 39
97 41
97 43
97 63
97 65
97 66
97 68
97 69
97 70
97 71
97 76
97 82
97 83
97 84
97 86
97 91
97 96
97 100
97 102
97 103
97 104
97 109
97 116
97 120
97 127
97 131
97 132
97 149
97 156
97 160
97 163
97 170
97 172
97 175
97 177
97 182
97 198
98 5
98 11
98 18
98 23
98 29
98 36
98 42
98 55
98 68
98 71
98 78
98 79
98 95
98 103
98 107
98 108
98 110
98 113
98 116
98 117
98 118
98 124
98 127
98 129
98 135
98 144
98 149
98 156
98 160
98 165
98 173
98 176
98 182
98 184
98 187
98 189
98 190
98 192
98 193
98 197
98 198
99 9
99 10
99 12
99 20
99 24
99 28
99 29
99 35
99 38
99 39
99 41
99 44
99 46
99 49
99 51
99 71
99 72
99 75
99 77
99 87
99 94
99 109
99 110
99 131
99 138
99 139
99 141
99 149
99 154
99 155
99 169
99 172
99 173
99 177
99 186
99 196
100 4
100 9
100 10
100 12
100 13
100 16
100 25
100 38
100 45
100 58
100 66
100 74
100 77
100 78
100 79
100 87
100 97
100 114
100 116
100 119
100 124
100 127
100 128
100 132
100 135
100 136
100 146
100 147
100 150
100 156
100 158
100 165
100 167
100 168
100 185
100 189
101 4
101 9
101 15
101 16
101 19
101 26
101 32
101 37
101 46
101 51
101 52
101 65
101 67
101 73
101 79
101 80
101 89
101 92
101 96
101 102
101 103
101 104
101 107
101 118
101 122
101 124
101 126
101 132
101 133
101 134
101 138
101 139
101 140
101 144
101 149
101 161
101 163
101 165
101 174
101 175
101 180
101 182
101 185
101 186
101 189
101 198
102 1
102 12
102 17
102 30
102 35
102 36
102 38
102 44
102 45
102 51
102 52
102 58
102 61
102 62
102 68
102 69
102 83
102 87
102 92
102 94
102 97
102 101
102 103
102 107
102 108
102 116
102 120
102 125
102 126
102 127
102 130
102 140
102 144
102 147
102 148
102 154
102 162
102 165
102 166
102 168
102 173
102 183
102 188
102 190
102 192
102 193
102 198
102 199
103 1
103 9
103 12
103 14
103 22
103 24
103 26
103 39
103 41
103 44
103 46
103 51
103 53
103 56
103 70
103 76
103 79
103 90
103 92
103 93
103 96
103 97
103 98
103 101
103 102
103 105
103 109
103 119
103 122
103 124
103 126
103 127
103 130
103 132
103 133
103 139
103 145
103 148
103 149
103 157
103 160
103 164
103 166
103 176
103 178
103 183
103 186
103 192
103 196
104 1
104 11
104 15
104 17
104 19
104 31
104 42
104 43
104 49
104 53
104 57
104 59
104 64
104 66
104 71
104 77
104 79
104 86
104 88
104 90
104 97
104 101
104 110
104 111
104 114
104 125
104 139
104 143
104 150
104 152
104 167
104 175
104 177
104 184
104 192
104 194
104 197
105 1
105 2
105 21
105 25
105 27
105 38
105 39
105 46
105 51
105 60
105 65
105 66
105 70
105 86
105 96
105 103
105 107
105 113
105 114
105 127
105 128
105 135
105 139
105 140
105 144
105 150
105 154
105 157
105 158
105 165
105 185
105 191
105 197
106 1
106 15
106 18
106 25
106 30
106 31
106 38
106 43
106 55
106 58
106 62
106 63
106 67
106 84
106 88
106 89
106 94
106 107
106 108
106 111
106 112
106 116
106 119
106 121
106 122
106 124
106 126
106 131
106 132
106 138
106 140
106 151
106 154
106 155
106 157
106 166
106 169
106 171
106 172
106 176
106 178
106 180
106 181
106 186
106 187
106 191
107 6
107 7
107 13
107 22
107 28
107 38
107 47
107 52
107 54
107 63
107 66
107 68
107 74
107 80
107 88
107 90
107 98
107 101
107 102
107 105
107 106
107 109
107 112
107 121
107 124
107 130
107 131
107 139
107 145
107 151
107 153
107 162
107 164
107 166
107 170
107 171
107 174
107 177
107 185
107 190
107 195
107 196
107 198
108 1
108 6
108 22
108 31
108 34
108 38
108 40
108 43
108 55
108 57
108 67
108 77
108 78
108 79
108 80
108 85
108 89
108 98
108 102
108 106
108 112
108 114
108 125
108 132
108 133
108 135
108 139
108 144
108 149
108 152
108 154
108 161
108 167
108 169
108 170
108 174
108 189
108 191
108 194
108 195
108 197
109 6
109 8
109 16
109 22
109 25
109 31
109 39
109 48
109 50
109 67
109 72
109 82
109 88
109 89
109 95
109 97
109 99
109 103
109 107
109 119
109 120
109 124
109 132
109 138
109 140
109 148
109 149
109 158
109 172
109 179
110 0
110 3
110 4
110 8
110 16
110 19
110 24
110 28
110 29
110 31
110 41
110 42
110 52
110 54
110 66
110 68
110 77
110 81
110 91
110 93
110 98
110 99
110 104
110 120
110 121
110 125
110 127
110 135
110 140
110 142
110 143
110 144
110 152
110 154
110 158
110 163
110 165
110 173
110 174
110 179
110 184
111 1
111 2
111 6
111 13
111 16
111 18
111 21
111 24
111 26
111 33
111 38
111 49
111 57
111 58
111 61
111 70
111 71
111 76
111 83
111 86
111 89
111 92
111 104
111 106
111 115
111 120
111 131
111 132
111 138
111 149
111 154
111 158
111 159
111 162
111 166
111 170
111 176
111 180
111 185
111 194
111 199
112 2
112 6
112 9
112 15
112 18
112 30
112 33
112 38
112 39
112 42
112 49
112 58
112 59
112 60
112 66
112 81
112 82
112 106
112 107
112 108
112 116
112 120
112 130
112 137
112 147
112 148
112 159
112 162
112 165
112 168
112 174
112 182
112 185
112 194
112 196
112 198
113 1
113 7
113 12
113 20
113 21
113 30
113 31
113 32
113 33
113 34
113 41
113 44
113 49
113 61
113 68
113 74
113 78
113 81
113 82
113 83
113 87
113 88
113 89
113 98
113 105
113 125
113 128
113 130
113 134
113 141
113 145
113 146
113 153
113 154
113 157
113 161
113 164
113 172
113 173
113 176
113 183
113 184
113 189
113 192
114 5
114 8
114 11
114 12
114 18
114 20
114 21
114 22
114 34
114 42
114 44
114 59
114 61
114 62
114 63
114 72
114 77
114 80
114 83
114 84
114 89
114 100
114 104
114 105
114 108
114 118
114 121
114 128
114 135
114 138
114 139
114 140
114 149
114 150
114 156
114 165
114 171
114 180
114 184
114 186
114 187
115 2
115 3
115 5
115 9
115 16
115 48
115 50
115 53
115 65
115 75
115 76
115 91
115 95
115 111
115 119
115 123
115 131
115 146
115 148
115 149
115 163
115 164
115 170
115 176
115 180
115 181
115 182
115 191
115 199
116 11
116 14
116 19
116 23
116 24
116 33
116 38
116 41
116 44
116 47
116 51
116 59
116 70
116 77
116 83
116 89
116 91
116 95
116 97
116 98
116 100
116 102
116 106
116 112
116 118
116 124
116 127
116 133
116 136
116 140
116 145
116 150
116 154
116 156
116 163
116 170
116 171
116 176
116 178
116 182
116 184
116 190
116 195
117 2
117 3
117 6
117 8
117 10
117 19
117 20
117 24
117 28
117 30
117 33
117 41
117 45
117 55
117 59
117 67
117 77
117 78
117 79
117 90
117 91
117 92
117 98
117 122
117 125
117 137
117 138
117 140
117 144
117 148
117 153
117 154
117 164
117 166
117 168
117 173
117 175
117 177
117 181
117 183
117 187
117 190
117 192
118 11
118 13
118 14
118 15
118 22
118 25
118 26
118 27
118 28
118 39
118 40
118 43
118 48
118 50
118 53
118 54
118 55
118 57
118 60
118 66
118 69
118 71
118 80
118 93
118 98
118 101
118 114
118 116
118 119
118 120
118 134
118 137
118 139
118 141
118 167
118 171
118 172
118 174
118 177
118 181
118 196
118 198
119 5
119 9
119 13
119 22
119 27
119 33
119 36
119 41
119 45
119 48
119 51
119 57
119 65
119 71
119 75
119 81
119 86
119 91
119 94
119 100
119 103
119 106
119 109
119 115
119 118
119 121
119 138
119 145
119 153
119 168
119 187
119 188
119 189
119 191
119 196
120 21
120 22
120 30
120 42
120 47
120 49
120 55
120 56
120 60
120 61
120 70
120 78
120 79
120 83
120 86
120 94
120 95
120 97
120 102
120 109
120 110
120 111
120 112
120 118
120 123
120 124
120 129
120 135
120 137
120 139
120 143
120 148
120 154
120 156
120 159
120 161
120 165
120 167
120 170
120 191
120 192
120 194
121 1
121 9
121 10
121 12
121 13
121 20
121 21
121 22
121 23
121 26
121 27
121 45
121 61
121 66
121 75
121 76
121 83
121 92
121 106
121 107
121 110
121 114
121 119
121 123
121 132
121 142
121 143
121 145
121 146
121 147
121 151
121 160
121 161
121 164
121 167
121 173
121 179
121 181
121 183
121 190
121 191
121 195
122 4
122 8
122 12
122 16
122 17
122 33
122 38
122 42
122 44
122 48
122 54
122 62
122 67
122 68
122 70
122 71
122 74
122 77
122 78
122 82
122 85
122 88
122 91
122 101
122 103
122 106
122 117
122 135
122 146
122 158
122 170
122 178
122 182
122 184
122 196
122 197
123 1
123 6
123 15
123 16
123 29
123 30
123 37
123 40
123 41
123 43
123 44
123 50
123 66
123 79
123 80
123 87
123 93
123 95
123 115
123 120
123 121
123 136
123 139
123 143
123 146
123 152
123 159
123 160
123 162
123 164
123 168
123 180
123 184
123 189
123 194
123 197
124 9
124 16
124 19
124 33
124 40
124 41
124 42
124 43
124 48
124 56
124 57
124 59
124 68
124 71
124 79
124 80
124 98
124 100
124 101
124 103
124 106
124 107
124 109
124 116
124 120
124 125
124 127
124 136
124 139
124 141
124 145
124 147
124 159
124 162
124 165
124 170
124 172
124 173
124 174
124 176
124 179
124 183
124 184
124 192
125 4
125 11
125 13
125 16
125 17
125 19
125 21
125 26
125 31
125 36
125 39
125 46
125 53
125 59
125 60
125 65
125 69
125 72
125 73
125 75
125 78
125 82
125 94
125 102
125 104
125 108
125 110
125 113
125 117
125 124
125 127
125 134
125 140
125 142
125 147
125 157
125 161
125 173
125 179
125 184
125 186
125 189
125 195
125 199
126 0
126 5
126 33
126 35
126 37
126 38
126 39
126 41
126 51
126 61
126 68
126 69
126 70
126 71
126 75
126 77
126 78
126 96
126 101
126 102
126 103
126 106
126 132
126 142
126 143
126 144
126 147
126 153
126 159
126 166
126 169
126 173
126 174
126 189
126 190
126 191
126 193
127 4
127 6
127 10
127 17
127 30
127 32
127 36
127 37
127 41
127 47
127 49
127 54
127 62
127 64
127 70
127 71
127 72
127 73
127 74
127 75
127 92
127 97
127 98
127 100
127 102
127 103
127 105
127 110
127 116
127 124
127 125
127 135
127 138
127 148
127 151
127 157
127 165
127 175
127 178
127 179
127 180
127 198
128 0
128 3
128 4
128 5
128 18
128 19
128 21
128 22
128 25
128 26
128 28
128 29
128 30
128 37
128 45
128 48
128 51
128 53
128 57
128 63
128 65
128 67
128 74
128 77
128 79
128 93
128 100
128 105
128 113
128 114
128 134
128 140
128 141
128 145
128 148
128 149
128 155
128 159
128 166
128 167
128 171
128 173
128 177
128 178
128 181
128 183
128 193
128 199
129 0
129 5
129 7
129 9
129 14
129 15
129 20
129 22
129 24
129 25
129 26
129 31
129 40
129 44
129 50
129 58
129 60
129 62
129 66
129 67
129 71
129 72
129 73
129 78
129 84
129 88
129 98
129 120
129 130
129 131
129 134
129 136
129 140
129 148
129 150
129 154
129 163
129 164
129 166
129 176
129 179
129 181
129 187
129 191
129 197
129 198
130 1
130 2
130 13
130 29
130 35
130 36
130 44
130 45
130 46
130 53
130 56
130 61
130 64
130 67
130 69
130 89
130 90
130 92
130 102
130 103
130 107
130 112
130 113
130 129
130 137
130 141
130 144
130 157
130 158
130 160
130 162
130 167
130 184
130 188
130 194
130 196
131 0
131 2
131 4
131 13
131 21
131 33
131 37
131 38
131 41
131 46
131 47
131 54
131 55
131 58
131 64
131 68
131 70
131 71
131 85
131 87
131 89
131 97
131 99
131 106
131 107
131 111
131 115
131 129
131 133
131 142
131 144
131 148
131 158
131 170
131 191
131 192
131 196
131 198
132 8
132 18
132 24
132 26
132 28
132 32
132 34
132 38
132 40
132 46
132 48
132 52
132 54
132 57
132 74
132 75
132 84
132 90
132 92
132 93
132 97
132 100
132 101
132 103
132 106
132 108
132 109
132 111
132 121
132 126
132 133
132 144
132 146
132 152
132 157
132 159
132 161
132 162
132 165
132 168
132 171
132 180
132 182
132 186
132 187
132 196
133 5
133 7
133 10
133 18
133 20
133 23
133 30
133 39
133 48
133 49
133 50
133 51
133 52
133 56
133 67
133 68
133 75
133 80
133 82
133 84
133 90
133 96
133 101
133 103
133 108
133 116
133 131
133 132
133 140
133 142
133 144
133 155
133 164
133 165
133 173
133 176
133 180
133 181
133 184
134 2
134 6
134 7
134 11
134 12
134 14
134 15
134 19
134 24
134 27
134 29
134 34
134 35
134 46
134 47
134 48
134 58
134 69
134 73
134 75
134 80
134 84
134 88
134 92
134 101
134 113
134 118
134 125
134 128
134 129
134 139
134 156
134 158
134 160
134 171
134 176
134 179
134 181
134 183
134 185
134 192
135 3
135 8
135 9
135 12
135 19
135 20
135 21
135 27
135 34
135 36
135 41
135 46
135 47
135 49
135 53
135 59
135 62
135 66
135 70
135 71
135 78
135 88
135 92
135 98
135 100
135 105
135 108
135 110
135 114
135 120
135 122
135 127
135 138
135 157
135 158
135 161
135 172
135 178
135 196
135 197
135 199
136 0
136 3
136 7
136 12
136 16
136 23
136 32
136 39
136 50
136 66
136 67
136 72
136 75
136 78
136 82
136 88
136 93
136 95
136 100
136 116
136 123
136 124
136 129
136 142
136 145
136 147
136 149
136 152
136 153
136 155
136 164
136 172
136 183
136 196
137 0
137 8
137 11
137 15
137 23
137 32
137 33
137 34
137 35
137 40
137 42
137 48
137 52
137 53
137 60
137 61
137 66
137 67
137 70
137 71
137 73
137 74
137 77
137 81
137 82
137 83
137 84
137 85
137 92
137 95
137 112
137 117
137 118
137 120
137 130
137 140
137 141
137 149
137 154
137 173
137 182
137 190
137 193
137 194
138 4
138 8
138 9
138 14
138 20
138 22
138 23
138 26
138 31
138 52
138 59
138 61
138 64
138 66
138 71
138 78
138 82
138 91
138 96
138 99
138 101
138 106
138 109
138 111
138 114
138 117
138 119
138 127
138 135
138 140
138 142
138 143
138 144
138 145
138 147
138 152
138 157
138 163
138 166
138 169
138 175
138 176
138 180
138 184
138 190
138 192
139 2
139 3
139 9
139 10
139 11
139 19
139 28
139 41
139 48
139 49
139 53
139 54
139 60
139 63
139 68
139 75
139 76
139 89
139 94
139 96
139 99
139 101
139 103
139 104
139 105
139 107
139 108
139 114
139 118
139 120
139 123
139 124
139 134
139 165
139 169
139 171
139 172
139 197
140 1
140 6
140 7
140 9
140 11
140 22
140 23
140 24
140 29
140 30
140 42
140 44
140 50
140 57
140 60
140 61
140 62
140 64
140 72
140 75
140 86
140 90
140 92
140 101
140 102
140 105
140 106
140 109
140 110
140 114
140 116
140 117
140 125
140 128
140 129
140 133
140 137
140 138
140 147
140 154
140 163
140 168
140 170
140 175
140 193
140 197
140 198
141 2
141 6
141 18
141 37
141 38
141 40
141 41
141 48
141 54
141 59
141 65
141 67
141 78
141 79
141 81
141 82
141 85
141 93
141 94
141 96
141 99
141 113
141 118
141 124
141 128
141 130
141 137
141 146
141 157
141 162
141 165
141 166
141 172
141 173
141 183
141 184
141 187
141 189
141 192
141 193
141 196
141 199
142 2
142 15
142 16
142 20
142 21
142 27
142 35
142 40
142 45
142 46
142 49
142 50
142 55
142 56
142 63
142 64
142 73
142 75
142 83
142 87
142 91
142 110
142 121
142 125
142 126
142 131
142 133
142 136
142 138
142 146
142 147
142 148
142 153
142 156
142 159
142 163
142 171
142 173
142 175
142 179
142 185
142 187
142 188
142 189
142 191
142 194
142 199
143 6
143 7
143 12
143 16
143 21
143 35
143 40
143 42
143 48
143 50
143 51
143 53
143 60
143 63
143 64
143 68
143 69
143 70
143 74
143 84
143 92
143 96
143 104
143 110
143 120
143 121
143 123
143 126
143 138
143 144
143 148
143 153
143 157
143 171
143 172
143 177
143 180
143 181
143 183
143 191
143 199
144 3
144 6
144 10
144 14
144 16
144 19
144 24
144 27
144 30
144 34
144 44
144 46
144 51
144 57
144 58
144 66
144 70
144 76
144 87
144 88
144 91
144 96
144 98
144 101
144 102
144 105
144 108
144 110
144 117
144 126
144 130
144 131
144 132
144 133
144 138
144 143
144 147
144 154
144 157
144 159
144 160
144 172
144 176
144 178
144 179
144 180
144 190
145 0
145 2
145 7
145 12
145 15
145 27
145 36
145 37
145 39
145 45
145 46
145 48
145 52
145 57
145 62
145 65
145 84
145 89
145 90
145 91
145 95
145 103
145 107
145 113
145 116
145 119
145 121
145 124
145 128
145 136
145 138
145 147
145 157
145 168
145 171
145 174
145 175
145 181
145 183
145 184
145 188
145 193
145 195
145 198
146 1
146 5
146 16
146 25
146 29
146 33
146 36
146 42
146 45
146 59
146 61
146 64
146 66
146 70
146 90
146 92
146 96
146 100
146 113
146 115
146 121
146 122
146 123
146 132
146 141
146 142
146 148
146 153
146 154
146 157
146 172
146 173
146 175
146 181
146 188
146 190
146 197
146 198
147 0
147 2
147 3
147 4
147 7
147 14
147 15
147 17
147 28
147 32
147 35
147 39
147 48
147 55
147 57
147 66
147 67
147 68
147 76
147 77
147 78
147 88
147 100
147 102
147 112
147 121
147 124
147 125
147 126
147 136
147 138
147 140
147 142
147 144
147 145
147 157
147 158
147 167
147 173
147 178
147 182
147 185
147 190
147 191
147 199
148 2
148 4
148 12
148 15
148 16
148 20
148 32
148 37
148 38
148 40
148 48
148 50
148 53
148 56
148 76
148 86
148 88
148 102
148 103
148 109
148 112
148 115
148 117
148 120
148 127
148 128
148 129
148 131
148 142
148 143
148 146
148 153
148 154
148 155
148 157
148 162
148 166
148 169
148 176
148 183
148 187
149 2
149 8
149 10
149 12
149 19
149 26
149 29
149 34
149 44
149 51
149 53
149 60
149 65
149 68
149 75
149 77
149 84
149 86
149 90
149 91
149 95
149 97
149 98
149 99
149 101
149 103
149 108
149 109
149 111
149 114
149 115
149 128
149 136
149 137
149 158
149 159
149 169
149 171
149 173
149 176
149 195
149 196
150 0
150 1
150 2
150 16
150 20
150 34
150 37
150 38
150 40
150 45
150 47
150 53
150 60
150 65
150 71
150 83
150 88
150 91
150 93
150 100
150 104
150 105
150 114
150 116
150 129
150 154
150 155
150 164
150 166
150 189
150 191
150 198
151 8
151 10
151 13
151 33
151 34
151 41
151 42
151 43
151 44
151 46
151 57
151 62
151 72
151 73
151 75
151 91
151 95
151 106
151 107
151 121
151 127
151 152
151 157
151 173
151 175
151 182
151 183
151 189
151 192
151 196
152 0
152 1
152 6
152 8
152 16
152 21
152 23
152 31
152 42
152 47
152 49
152 51
152 54
152 60
152 62
152 67
152 77
152 78
152 91
152 93
152 104
152 108
152 110
152 123
152 132
152 136
152 138
152 151
152 157
152 158
152 159
152 168
152 173
152 174
152 182
152 194
152 195
152 199
153 0
153 3
153 6
153 7
153 11
153 13
153 22
153 30
153 32
153 35
153 36
153 43
153 47
153 51
153 53
153 60
153 75
153 77
153 81
153 83
153 86
153 87
153 90
153 91
153 107
153 113
153 117
153 119
153 126
153 136
153 142
153 143
153 146
153 148
153 157
153 164
153 165
153 174
153 182
153 183
153 186
153 187
153 192
153 193
153 194
154 4
154 8
154 10
154 21
154 23
154 27
154 30
154 31
154 32
154 35
154 36
154 39
154 44
154 45
154 47
154 49
154 50
154 53
154 66
154 72
154 80
154 83
154 99
154 102
154 105
154 106
154 108
154 110
154 111
154 113
154 116
154 117
154 120
154 129
154 137
154 140
154 144
154 146
154 148
154 150
154 156
154 164
154 171
154 188
154 196
155 3
155 5
155 11
155 13
155 19
155 31
155 33
155 38
155 41
155 56
155 57
155 58
155 61
155 63
155 66
155 72
155 73
155 74
155 83
155 84
155 90
155 99
155 106
155 128
155 133
155 136
155 148
155 150
155 161
155 163
155 168
155 169
155 170
155 171
155 173
155 174
155 177
155 182
155 186
155 189
155 193
156 1
156 11
156 16
156 21
156 25
156 26
156 28
156 29
156 30
156 32
156 39
156 45
156 46
156 53
156 54
156 60
156 62
156 63
156 69
156 83
156 90
156 97
156 98
156 100
156 114
156 116
156 120
156 134
156 142
156 154
156 160
156 165
156 172
156 176
156 177
156 178
156 181
156 183
156 184
156 186
156 190
156 192
156 193
156 196
157 6
157 8
157 14
157 22
157 30
157 40
157 43
157 45
157 47
157 51
157 60
157 64
157 65
157 72
157 75
157 76
157 77
157 82
157 103
157 105
157 106
157 113
157 125
157 127
157 130
157 132
157 135
157 138
157 141
157 143
157 144
157 145
157 146
157 147
157 148
157 151
157 152
157 153
157 158
157 160
157 161
157 163
157 164
157 168
157 180
157 181
157 184
157 186
157 193
157 194
157 197
157 198
158 1
158 6
158 19
158 21
158 27
158 36
158 39
158 41
158 51
158 54
158 59
158 60
158 62
158 64
158 66
158 74
158 76
158 78
158 89
158 90
158 95
158 100
158 105
158 109
158 110
158 111
158 122
158 130
158 131
158 134
158 135
158 147
158 149
158 152
158 157
158 159
158 160
158 166
158 167
158 189
158 190
158 196
159 0
159 2
159 12
159 18
159 19
159 22
159 24
159 25
159 28
159 34
159 35
159 47
159 49
159 50
159 52
159 55
159 72
159 75
159 76
159 81
159 87
159 91
159 94
159 96
159 111
159 112
159 120
159 123
159 124
159 126
159 128
159 132
159 142
159 144
159 149
159 152
159 158
159 165
159 167
159 172
159 175
159 176
159 193
159 196
160 2
160 9
160 11
160 12
160 17
160 20
160 22
160 30
160 42
160 58
160 62
160 63
160 83
160 86
160 87
160 97
160 98
160 103
160 121
160 123
160 130
160 134
160 144
160 156
160 157
160 158
160 163
160 176
160 177
160 179
160 182
160 189
160 191
160 197
161 0
161 2
161 4
161 13
161 22
161 26
161 46
161 48
161 62
161 79
161 84
161 101
161 108
161 113
161 120
161 121
161 125
161 132
161 135
161 155
161 157
161 178
161 181
161 189
161 191
161 198
162 4
162 15
162 17
162 24
162 29
162 44
162 47
162 56
162 58
162 60
162 77
162 78
162 79
162 91
162 95
162 102
162 107
162 111
162 112
162 123
162 124
162 130
162 132
162 141
162 148
162 166
162 172
162 173
162 175
162 178
162 195
162 196
162 198
163 2
163 21
163 29
163 40
163 41
163 44
163 49
163 56
163 59
163 62
163 65
163 66
163 69
163 70
163 84
163 86
163 93
163 97
163 101
163 110
163 115
163 116
163 129
163 138
163 140
163 142
163 155
163 157
163 160
163 169
163 181
163 190
163 194
163 195
163 197
164 3
164 21
164 25
164 37
164 49
164 51
164 54
164 55
164 60
164 61
164 63
164 66
164 75
164 84
164 87
164 88
164 94
164 103
164 107
164 113
164 115
164 117
164 121
164 123
164 129
164 133
164 136
164 150
164 153
164 154
164 157
164 167
164 179
164 180
164 187
164 192
164 193
164 196
165 6
165 18
165 28
165 29
165 31
165 40
165 45
165 48
165 50
165 62
165 64
165 66
165 71
165 73
165 75
165 85
165 89
165 93
165 95
165 98
165 100
165 101
165 102
165 105
165 110
165 112
165 114
165 120
165 124
165 127
165 132
165 133
165 139
165 141
165 153
165 156
165 159
165 169
165 172
165 176
165 190
165 196
166 3
166 4
166 6
166 9
166 10
166 11
166 15
166 16
166 21
166 27
166 30
166 34
166 36
166 39
166 45
166 49
166 55
166 56
166 58
166 73
166 75
166 76
166 90
166 91
166 102
166 103
166 106
166 107
166 111
166 117
166 126
166 128
166 129
166 138
166 141
166 148
166 150
166 158
166 162
166 169
166 171
166 173
166 177
166 182
166 185
166 187
166 189
166 195
166 198
167 6
167 9
167 20
167 26
167 36
167 37
167 39
167 44
167 47
167 48
167 54
167 56
167 75
167 77
167 86
167 87
167 96
167 100
167 104
167 108
167 118
167 120
167 121
167 128
167 130
167 147
167 158
167 159
167 164
167 174
167 184
167 185
167 189
167 190
167 194
168 10
168 20
168 26
168 29
168 43
168 51
168 56
168 63
168 65
168 90
168 100
168 102
168 112
168 117
168 119
168 123
168 132
168 140
168 145
168 152
168 155
168 157
168 170
168 172
168 174
168 184
168 186
168 187
168 195
168 197
168 199
169 0
169 14
169 18
169 19
169 22
169 24
169 29
169 30
169 33
169 34
169 36
169 37
169 44
169 46
169 54
169 56
169 59
169 62
169 63
169 64
169 69
169 76
169 99
169 106
169 108
169 126
169 138
169 139
169 148
169 149
169 155
169 163
169 165
169 166
169 173
169 176
169 180
169 183
169 191
169 193
169 197
170 2
170 7
170 12
170 20
170 29
170 32
170 33
170 37
170 48
170 52
170 54
170 56
170 63
170 67
170 73
170 87
170 94
170 97
170 107
170 108
170 111
170 115
170 116
170 120
170 122
170 124
170 131
170 140
170 155
170 168
170 171
170 174
170 175
170 181
170 187
170 188
170 194
171 4
171 10
171 18
171 22
171 27
171 28
171 33
171 35
171 37
171 49
171 50
171 74
171 77
171 86
171 88
171 93
171 106
171 107
171 114
171 116
171 118
171 128
171 132
171 134
171 139
171 142
171 143
171 145
171 149
171 154
171 155
171 166
171 170
171 188
171 191
171 199
172 5
172 6
172 8
172 13
172 25
172 41
172 44
172 49
172 53
172 54
172 57
172 60
172 74
172 77
172 80
172 83
172 86
172 90
172 96
172 97
172 99
172 106
172 109
172 113
172 118
172 124
172 135
172 136
172 139
172 141
172 143
172 144
172 146
172 156
172 159
172 162
172 165
172 168
172 174
172 177
172 187
172 188
172 189
172 190
172 197
173 1
173 4
173 9
173 10
173 11
173 14
173 17
173 25
173 26
173 27
173 28
173 29
173 30
173 37
173 46
173 57
173 58
173 61
173 69
173 70
173 73
173 82
173 90
173 91
173 96
173 98
173 99
173 102
173 110
173 113
173 117
173 121
173 124
173 125
173 126
173 128
173 133
173 137
173 141
173 142
173 146
173 147
173 149
173 151
173 152
173 155
173 162
173 166
173 169
173 174
173 179
173 185
174 1
174 6
174 9
174 17
174 25
174 30
174 32
174 34
174 36
174 39
174 42
174 58
174 61
174 62
174 65
174 66
174 72
174 74
174 80
174 84
174 91
174 101
174 107
174 108
174 110
174 112
174 118
174 124
174 126
174 145
174 152
174 153
174 155
174 167
174 168
174 170
174 172
174 173
174 175
174 189
174 191
175 1
175 3
175 28
175 29
175 33
175 37
175 46
175 58
175 61
175 64
175 66
175 78
175 83
175 85
175 90
175 93
175 97
175 101
175 104
175 117
175 127
175 138
175 140
175 142
175 145
175 146
175 151
175 159
175 162
175 170
175 174
175 182
175 185
175 193
175 196
176 2
176 11
176 33
176 42
176 44
176 49
176 61
176 66
176 68
176 70
176 79
176 82
176 84
176 85
176 92
176 94
176 96
176 98
176 103
176 106
176 111
176 113
176 115
176 116
176 124
176 129
176 133
176 134
176 138
176 144
176 148
176 149
176 156
176 159
176 160
176 165
176 169
176 185
176 195
177 0
177 17
177 19
177 20
177 42
177 43
177 44
177 45
177 52
177 55
177 62
177 63
177 65
177 68
177 76
177 83
177 97
177 99
177 104
177 107
177 117
177 118
177 128
177 143
177 155
177 156
177 160
177 166
177 172
177 178
177 182
177 183
177 185
177 189
177 191
178 1
178 20
178 23
178 24
178 29
178 31
178 37
178 40
178 43
178 48
178 51
178 78
178 80
178 81
178 83
178 86
178 90
178 94
178 103
178 106
178 116
178 122
178 127
178 128
178 135
178 144
178 147
178 156
178 161
178 162
178 177
178 182
178 194
178 195
178 196
178 198
179 12
179 16
179 20
179 23
179 42
179 46
179 53
179 55
179 58
179 61
179 65
179 66
179 70
179 76
179 78
179 81
179 90
179 92
179 94
179 109
179 110
179 121
179 124
179 125
179 127
179 129
179 134
179 142
179 144
179 160
179 164
179 173
179 184
179 188
179 191
179 192
179 195
179 198
180 1
180 12
180 19
180 22
180 33
180 36
180 55
180 61
180 63
180 65
180 67
180 72
180 75
180 85
180 87
180 89
180 93
180 94
180 96
180 101
180 106
180 111
180 114
180 115
180 123
180 127
180 132
180 133
180 138
180 143
180 144
180 157
180 164
180 169
181 3
181 10
181 11
181 13
181 21
181 27
181 41
181 52
181 57
181 69
181 79
181 83
181 88
181 106
181 115
181 117
181 118
181 121
181 128
181 129
181 133
181 134
181 143
181 145
181 146
181 156
181 157
181 161
181 163
181 170
181 183
181 195
181 198
182 0
182 3
182 8
182 12
182 15
182 18
182 19
182 20
182 26
182 31
182 32
182 37
182 43
182 44
182 55
182 58
182 59
182 63
182 66
182 69
182 85
182 94
182 95
182 97
182 98
182 101
182 112
182 115
182 116
182 122
182 132
182 137
182 147
182 151
182 152
182 153
182 155
182 160
182 166
182 175
182 177
182 178
182 187
182 192
182 199
183 1
183 9
183 11
183 21
183 32
183 33
183 40
183 56
183 67
183 75
183 80
183 83
183 88
183 90
183 91
183 92
183 102
183 103
183 113
183 117
183 121
183 124
183 128
183 134
183 136
183 141
183 143
183 145
183 148
183 151
183 153
183 156
183 169
183 177
183 181
183 186
183 187
183 192
183 198
183 199
184 5
184 6
184 11
184 14
184 15
184 19
184 20
184 28
184 41
184 43
184 47
184 52
184 56
184 57
184 58
184 67
184 73
184 82
184 83
184 92
184 94
184 98
184 104
184 110
184 113
184 114
184 116
184 122
184 123
184 124
184 125
184 130
184 133
184 138
184 141
184 145
184 156
184 157
184 167
184 168
184 179
184 185
184 187
184 188
184 194
184 195
185 4
185 8
185 11
185 14
185 17
185 19
185 21
185 27
185 28
185 32
185 38
185 41
185 43
185 57
185 59
185 63
185 66
185 71
185 85
185 96
185 100
185 101
185 105
185 107
185 111
185 112
185 134
185 142
185 147
185 166
185 167
185 173
185 175
185 176
185 177
185 184
185 187
185 192
186 1
186 3
186 4
186 7
186 17
186 22
186 23
186 45
186 53
186 60
186 62
186 66
186 78
186 87
186 94
186 99
186 101
186 103
186 106
186 114
186 125
186 132
186 153
186 155
186 156
186 157
186 168
186 183
186 187
187 3
187 4
187 7
187 8
187 12
187 15
187 20
187 21
187 23
187 27
187 28
187 31
187 33
187 38
187 40
187 50
187 51
187 54
187 58
187 62
187 66
187 67
187 71
187 80
187 84
187 95
187 96
187 98
187 106
187 114
187 117
187 119
187 129
187 132
187 141
187 142
187 148
187 153
187 164
187 166
187 168
187 170
187 172
187 182
187 183
187 184
187 185
187 186
187 193
187 194
188 0
188 1
188 4
188 15
188 30
188 42
188 45
188 46
188 47
188 50
188 55
188 58
188 70
188 75
188 77
188 79
188 86
188 89
188 91
188 95
188 102
188 119
188 130
188 142
188 145
188 146
188 154
188 170
188 171
188 172
188 179
188 184
188 196
189 0
189 20
189 25
189 27
189 38
189 40
189 42
189 51
189 52
189 57
189 65
189 71
189 74
189 75
189 83
189 85
189 88
189 92
189 98
189 100
189 101
189 108
189 113
189 119
189 123
189 125
189 126
189 141
189 142
189 150
189 151
189 155
189 158
189 160
189 161
189 166
189 167
189 172
189 174
189 177
189 197
189 198
189 199
190 3
190 7
190 10
190 11
190 16
190 17
190 26
190 29
190 33
190 37
190 42
190 48
190 49
190 50
190 65
190 66
190 67
190 70
190 71
190 72
190 78
190 84
190 88
190 94
190 95
190 98
190 102
190 107
190 116
190 117
190 121
190 126
190 137
190 138
190 144
190 146
190 147
190 156
190 158
190 163
190 165
190 167
190 172
190 192
191 1
191 5
191 8
191 14
191 29
191 30
191 49
191 51
191 55
191 56
191 62
191 72
191 76
191 78
191 91
191 92
191 94
191 105
191 106
191 108
191 115
191 119
191 120
191 121
191 126
191 129
191 131
191 142
191 143
191 147
191 150
191 160
191 161
191 169
191 171
191 174
191 177
191 179
191 192
191 194
192 1
192 3
192 4
192 6
192 9
192 11
192 13
192 14
192 15
192 19
192 26
192 33
192 36
192 42
192 43
192 56
192 61
192 69
192 74
192 75
192 77
192 78
192 79
192 89
192 90
192 98
192 102
192 103
192 104
192 113
192 117
192 120
192 124
192 131
192 134
192 138
192 141
192 151
192 153
192 156
192 164
192 179
192 182
192 183
192 185
192 190
192 191
193 0
193 2
193 5
193 18
193 19
193 26
193 28
193 29
193 32
193 38
193 40
193 41
193 44
193 47
193 48
193 50
193 52
193 62
193 67
193 78
193 80
193 88
193 91
193 93
193 96
193 98
193 102
193 126
193 128
193 137
193 140
193 141
193 145
193 153
193 155
193 156
193 157
193 159
193 164
193 169
193 175
193 187
194 0
194 11
194 13
194 17
194 18
194 26
194 27
194 28
194 30
194 36
194 41
194 44
194 48
194 51
194 59
194 60
194 61
194 65
194 76
194 77
194 104
194 108
194 111
194 112
194 120
194 123
194 130
194 137
194 142
194 152
194 153
194 157
194 163
194 167
194 170
194 178
194 184
194 187
194 191
194 197
195 2
195 19
195 22
195 27
195 31
195 33
195 41
195 43
195 46
195 48
195 50
195 53
195 54
195 64
195 72
195 81
195 85
195 86
195 107
195 108
195 116
195 121
195 125
195 145
195 149
195 152
195 162
195 163
195 166
195 168
195 176
195 178
195 179
195 181
195 184
195 196
195 198
196 0
196 6
196 21
196 25
196 40
196 43
196 61
196 62
196 65
196 66
196 67
196 68
196 80
196 85
196 88
196 92
196 93
196 95
196 99
196 103
196 107
196 112
196 118
196 119
196 122
196 130
196 131
196 132
196 135
196 136
196 141
196 149
196 151
196 154
196 156
196 158
196 159
196 162
196 164
196 165
196 175
196 178
196 188
196 195
196 199
197 1
197 4
197 13
197 14
197 17
197 18
197 22
197 26
197 28
197 44
197 50
197 57
197 68
197 71
197 75
197 76
197 79
197 84
197 89
197 98
197 104
197 105
197 108
197 122
197 123
197 129
197 135
197 139
197 140
197 146
197 157
197 160
197 163
197 168
197 169
197 172
197 189
197 194
198 7
198 12
198 13
198 15
198 21
198 31
198 43
198 49
198 56
198 63
198 64
198 66
198 78
198 82
198 87
198 89
198 90
198 94
198 97
198 98
198 101
198 102
198 107
198 112
198 118
198 127
198 129
198 131
198 140
198 145
198 146
198 150
198 157
198 161
198 162
198 166
198 178
198 179
198 181
198 183
198 189
198 195
199 4
199 6
199 8
199 11
199 13
199 19
199 28
199 37
199 42
199 45
199 57
199 61
199 63
199 69
199 77
199 84
199 89
199 91
199 94
199 102
199 111
199 115
199 125
199 128
199 135
199 141
199 142
199 143
199 147
199 152
199 168
199 171
199 182
199 183
199 189
199 196