200 2035
0 9
0 10
0 14
0 20
0 21
0 27
0 36
0 57
0 72
0 73
0 92
0 101
0 113
0 124
0 125
0 126
0 132
0 141
0 151
0 152
0 169
0 180
0 182
1 6
1 23
1 40
1 41
1 51
1 60
1 62
1 65
1 83
1 84
1 90
1 105
1 124
1 126
1 128
1 129
1 138
1 152
1 166
1 176
1 180
1 190
2 10
2 11
2 33
2 40
2 70
2 73
2 109
2 120
2 137
2 169
2 175
2 186
3 12
3 41
3 43
3 47
3 56
3 71
3 83
3 86
3 92
3 93
3 95
3 98
3 99
3 110
3 117
3 134
3 135
3 140
3 147
3 149
3 151
3 152
3 183
3 186
4 5
4 37
4 38
4 45
4 46
4 51
4 78
4 84
4 129
4 147
4 151
4 158
4 178
5 4
5 8
5 43
5 55
5 65
5 66
5 69
5 76
5 82
5 83
5 88
5 89
5 116
5 135
5 157
5 171
5 173
5 175
5 176
6 1
6 8
6 17
6 26
6 32
6 51
6 52
6 62
6 69
6 100
6 145
6 147
6 154
6 166
6 176
6 197
7 22
7 27
7 33
7 35
7 48
7 56
7 88
7 101
7 114
7 115
7 123
7 127
7 139
7 147
7 151
7 164
7 171
7 173
7 176
7 178
7 180
7 195
7 196
8 5
8 6
8 13
8 37
8 51
8 55
8 61
8 82
8 95
8 100
8 111
8 113
8 129
8 130
8 131
8 134
8 135
8 138
8 139
8 153
8 160
8 166
8 184
9 0
9 11
9 23
9 33
9 46
9 63
9 73
9 76
9 77
9 96
9 103
9 108
9 116
9 119
9 120
9 124
9 134
9 135
9 138
9 149
9 173
9 181
9 187
9 194
10 0
10 2
10 16
10 19
10 43
10 54
10 56
10 62
10 75
10 82
10 104
10 109
10 165
10 172
11 2
11 9
11 18
11 26
11 33
11 35
11 57
11 59
11 64
11 67
11 77
11 88
11 92
11 93
11 99
11 111
11 115
11 120
11 129
11 156
11 179
11 181
11 198
12 3
12 13
12 20
12 31
12 39
12 63
12 72
12 83
12 114
12 124
12 132
12 135
12 138
12 141
12 142
12 143
12 163
12 180
12 190
12 191
12 196
13 8
13 12
13 22
13 23
13 26
13 27
13 38
13 40
13 45
13 47
13 50
13 53
13 66
13 67
13 76
13 82
13 87
13 93
13 95
13 98
13 101
13 112
13 131
13 134
13 158
13 159
13 176
13 177
13 178
13 183
13 190
13 197
14 0
14 30
14 53
14 61
14 67
14 71
14 72
14 82
14 92
14 95
14 117
14 118
14 128
14 135
14 136
14 152
14 168
14 177
14 184
15 38
15 46
15 47
15 49
15 50
15 52
15 75
15 76
15 78
15 79
15 81
15 98
15 117
15 130
15 151
15 152
15 158
15 176
15 183
15 193
16 10
16 25
16 51
16 62
16 68
16 69
16 80
16 94
16 103
16 110
16 116
16 120
16 122
16 124
16 126
16 129
16 137
16 138
16 143
16 148
16 168
16 195
17 6
17 18
17 20
17 34
17 42
17 50
17 65
17 68
17 76
17 84
17 98
17 117
17 133
17 139
17 145
17 154
17 164
17 170
17 180
17 184
18 11
18 17
18 25
18 42
18 44
18 49
18 60
18 61
18 65
18 73
18 86
18 110
18 113
18 116
18 128
18 133
18 135
18 147
18 170
18 178
18 194
19 10
19 24
19 35
19 54
19 55
19 60
19 64
19 65
19 67
19 95
19 96
19 111
19 130
19 157
19 172
19 175
19 192
19 197
20 0
20 12
20 17
20 34
20 40
20 42
20 48
20 54
20 63
20 71
20 78
20 88
20 92
20 103
20 144
20 148
20 149
20 150
20 151
20 152
20 155
20 169
20 175
20 186
20 190
21 0
21 35
21 50
21 54
21 70
21 73
21 74
21 124
21 131
21 142
21 146
21 166
21 172
21 181
21 189
21 191
21 194
22 7
22 13
22 25
22 37
22 50
22 92
22 96
22 112
22 117
22 118
22 119
22 144
22 148
22 168
22 171
22 178
22 183
22 191
23 1
23 9
23 13
23 49
23 53
23 55
23 58
23 63
23 78
23 85
23 110
23 117
23 118
23 122
23 123
23 129
23 135
23 141
23 145
23 160
23 170
23 174
23 182
23 186
24 19
24 33
24 34
24 38
24 39
24 58
24 59
24 76
24 77
24 106
24 124
24 132
24 155
24 156
24 158
24 174
24 191
24 196
25 16
25 18
25 22
25 40
25 44
25 51
25 61
25 86
25 89
25 92
25 95
25 108
25 112
25 124
25 137
25 140
25 152
25 167
25 174
25 175
25 183
25 191
25 195
25 196
26 6
26 11
26 13
26 38
26 86
26 111
26 116
26 138
26 157
26 172
26 182
26 191
26 195
27 0
27 7
27 13
27 36
27 41
27 57
27 80
27 85
27 90
27 91
27 114
27 120
27 132
27 149
27 154
27 165
27 173
28 33
28 34
28 39
28 49
28 76
28 80
28 84
28 98
28 146
28 148
28 163
28 164
28 167
28 174
28 176
28 177
28 194
29 43
29 57
29 69
29 81
29 83
29 103
29 117
29 125
29 137
29 143
29 155
29 158
29 167
29 186
30 14
30 38
30 53
30 76
30 85
30 90
30 118
30 123
30 124
30 125
30 140
30 147
30 149
30 151
30 169
30 180
30 181
30 187
31 12
31 42
31 45
31 60
31 73
31 74
31 79
31 133
31 155
31 169
31 196
32 6
32 34
32 36
32 38
32 46
32 71
32 75
32 82
32 88
32 89
32 91
32 122
32 139
32 145
32 155
32 158
32 174
32 176
32 183
33 2
33 7
33 9
33 11
33 24
33 28
33 37
33 41
33 42
33 62
33 63
33 69
33 77
33 85
33 90
33 98
33 102
33 108
33 142
33 161
33 186
33 188
34 17
34 20
34 24
34 28
34 32
34 41
34 45
34 46
34 48
34 49
34 63
34 64
34 68
34 74
34 97
34 102
34 122
34 129
34 136
34 137
34 155
34 161
34 165
34 168
34 175
34 177
34 183
34 190
34 193
35 7
35 11
35 19
35 21
35 47
35 48
35 53
35 77
35 83
35 86
35 91
35 104
35 113
35 117
35 125
35 128
35 135
35 160
35 175
35 177
35 182
35 187
36 0
36 27
36 32
36 45
36 48
36 56
36 59
36 61
36 84
36 122
36 123
36 127
36 129
36 140
36 170
36 180
36 193
36 194
36 196
37 4
37 8
37 22
37 33
37 38
37 39
37 55
37 57
37 71
37 72
37 74
37 80
37 82
37 84
37 91
37 92
37 104
37 118
37 120
37 133
37 136
37 139
37 155
37 158
37 162
37 166
37 168
37 175
38 4
38 13
38 15
38 24
38 26
38 30
38 32
38 37
38 40
38 42
38 56
38 109
38 110
38 113
38 116
38 128
38 145
38 157
38 160
39 12
39 24
39 28
39 37
39 45
39 47
39 58
39 63
39 68
39 88
39 92
39 107
39 117
39 124
39 131
39 137
39 143
39 157
39 175
39 178
39 181
39 196
39 198
40 1
40 2
40 13
40 20
40 25
40 38
40 41
40 50
40 52
40 70
40 84
40 91
40 100
40 117
40 145
40 148
40 150
40 158
40 168
40 198
41 1
41 3
41 27
41 33
41 34
41 40
41 45
41 49
41 74
41 96
41 97
41 112
41 117
41 128
41 137
41 138
41 156
41 159
41 167
41 177
41 187
42 17
42 18
42 20
42 31
42 33
42 38
42 48
42 58
42 80
42 91
42 111
42 120
42 134
42 142
42 151
42 167
42 174
42 182
43 3
43 5
43 10
43 29
43 45
43 47
43 50
43 59
43 64
43 71
43 79
43 92
43 96
43 98
43 100
43 103
43 109
43 126
43 142
43 146
43 150
43 164
43 173
43 180
43 188
43 199
44 18
44 25
44 49
44 67
44 71
44 81
44 100
44 128
44 142
44 147
44 166
44 169
44 182
44 185
44 197
45 4
45 13
45 31
45 34
45 36
45 39
45 41
45 43
45 60
45 108
45 110
45 125
45 128
45 134
45 148
45 151
45 159
45 162
45 171
45 185
45 192
46 4
46 9
46 15
46 32
46 34
46 48
46 52
46 56
46 60
46 78
46 80
46 85
46 91
46 96
46 100
46 104
46 107
46 130
46 138
46 154
46 157
46 159
46 162
46 163
46 165
46 166
46 180
46 192
46 195
47 3
47 13
47 15
47 35
47 39
47 43
47 81
47 82
47 92
47 94
47 129
47 131
47 134
47 142
47 145
47 163
47 165
47 179
47 184
47 194
47 198
48 7
48 20
48 34
48 35
48 36
48 42
48 46
48 60
48 65
48 80
48 84
48 112
48 138
48 139
48 153
48 158
48 169
48 178
48 180
49 15
49 18
49 23
49 28
49 34
49 41
49 44
49 66
49 73
49 76
49 82
49 83
49 98
49 99
49 100
49 101
49 112
49 124
49 131
49 133
49 165
49 166
49 174
49 180
49 196
50 13
50 15
50 17
50 21
50 22
50 40
50 43
50 57
50 70
50 76
50 81
50 84
50 88
50 100
50 119
50 126
50 151
50 159
50 165
50 168
50 177
50 180
51 1
51 4
51 6
51 8
51 16
51 25
51 53
51 55
51 59
51 80
51 82
51 88
51 92
51 109
51 112
51 127
51 129
51 180
51 182
51 189
51 197
52 6
52 15
52 40
52 46
52 77
52 78
52 84
52 97
52 100
52 113
52 114
52 119
52 132
52 138
52 149
52 150
52 159
52 162
52 167
52 170
52 173
52 177
52 179
52 180
52 194
52 196
52 197
53 13
53 14
53 23
53 30
53 35
53 51
53 56
53 78
53 85
53 89
53 103
53 107
53 110
53 117
53 118
53 120
53 122
53 126
53 128
53 137
53 145
53 148
53 173
53 186
53 192
54 10
54 19
54 20
54 21
54 65
54 73
54 83
54 90
54 95
54 100
54 103
54 105
54 119
54 137
54 138
54 165
54 179
54 191
54 198
55 5
55 8
55 19
55 23
55 37
55 51
55 68
55 74
55 98
55 100
55 104
55 110
55 116
55 123
55 129
55 130
55 132
55 133
55 165
55 173
55 176
55 177
55 180
55 186
55 190
55 191
56 3
56 7
56 10
56 36
56 38
56 46
56 53
56 74
56 78
56 88
56 103
56 106
56 118
56 121
56 132
56 138
56 157
56 165
56 169
56 172
56 173
56 180
56 187
56 194
57 0
57 11
57 27
57 29
57 37
57 50
57 113
57 139
57 143
57 148
57 156
58 23
58 24
58 39
58 42
58 63
58 71
58 72
58 76
58 88
58 89
58 98
58 104
58 105
58 106
58 109
58 115
58 116
58 126
58 130
58 131
58 132
58 133
58 134
58 159
58 160
58 167
58 173
58 197
59 11
59 24
59 36
59 43
59 51
59 72
59 81
59 88
59 98
59 117
59 121
59 123
59 140
59 148
59 152
59 154
59 156
59 162
59 164
59 169
59 187
60 1
60 18
60 19
60 31
60 45
60 46
60 48
60 66
60 73
60 75
60 119
60 129
60 144
60 153
60 155
60 159
60 167
60 170
60 187
61 8
61 14
61 18
61 25
61 36
61 84
61 92
61 100
61 104
61 117
61 128
61 131
61 142
61 151
61 152
61 154
61 156
61 173
62 1
62 6
62 10
62 16
62 33
62 65
62 94
62 105
62 123
62 124
62 125
62 131
62 148
62 152
62 179
62 187
62 189
62 194
63 9
63 12
63 20
63 23
63 33
63 34
63 39
63 58
63 77
63 81
63 103
63 106
63 119
63 125
63 142
63 170
63 176
63 179
63 183
63 185
63 187
63 196
64 11
64 19
64 34
64 43
64 71
64 76
64 90
64 93
64 94
64 101
64 110
64 152
64 154
64 169
64 173
64 177
64 188
64 196
65 1
65 5
65 17
65 18
65 19
65 48
65 54
65 62
65 75
65 79
65 95
65 100
65 107
65 120
65 123
65 154
65 171
65 182
65 186
65 198
66 5
66 13
66 49
66 60
66 68
66 78
66 107
66 154
66 156
66 158
66 165
66 171
66 180
66 189
66 192
66 198
67 11
67 13
67 14
67 19
67 44
67 74
67 78
67 93
67 94
67 95
67 109
67 137
67 156
67 161
67 188
67 193
67 199
68 16
68 17
68 34
68 39
68 55
68 66
68 74
68 92
68 124
68 126
68 127
68 131
68 139
68 160
68 181
68 193
69 5
69 6
69 16
69 29
69 33
69 73
69 74
69 76
69 87
69 103
69 131
69 133
69 145
69 161
69 171
69 182
69 196
70 2
70 21
70 40
70 50
70 72
70 80
70 87
70 89
70 130
70 144
70 146
71 3
71 14
71 20
71 32
71 37
71 43
71 44
71 58
71 64
71 73
71 79
71 95
71 109
71 125
71 129
71 130
71 148
71 152
71 159
72 0
72 12
72 14
72 37
72 58
72 59
72 70
72 75
72 90
72 94
72 97
72 111
72 146
72 148
72 182
72 194
73 0
73 2
73 9
73 18
73 21
73 31
73 49
73 54
73 60
73 69
73 71
73 101
73 109
73 112
73 119
73 123
73 125
73 127
73 153
73 160
73 161
73 162
73 164
73 178
73 185
73 186
73 198
74 21
74 31
74 34
74 37
74 41
74 55
74 56
74 67
74 68
74 69
74 115
74 124
74 126
74 127
74 135
74 159
74 161
74 169
74 176
75 10
75 15
75 32
75 60
75 65
75 72
75 81
75 86
75 103
75 104
75 117
75 121
75 125
75 127
75 128
75 131
75 137
75 144
75 149
75 157
75 162
75 163
75 166
75 172
75 185
75 198
76 5
76 9
76 13
76 15
76 17
76 24
76 28
76 30
76 49
76 50
76 58
76 64
76 69
76 79
76 81
76 91
76 98
76 107
76 108
76 111
76 149
76 156
76 162
76 164
76 181
76 182
76 188
77 9
77 11
77 24
77 33
77 35
77 52
77 63
77 79
77 89
77 104
77 119
77 120
77 147
77 157
77 165
77 167
77 170
77 174
77 181
78 4
78 15
78 20
78 23
78 46
78 52
78 53
78 56
78 66
78 67
78 85
78 92
78 93
78 101
78 109
78 117
78 119
78 154
78 175
78 179
78 184
78 185
78 194
79 15
79 31
79 43
79 65
79 71
79 76
79 77
79 90
79 116
79 118
79 133
79 139
79 141
79 146
79 152
79 169
79 188
79 190
80 16
80 27
80 28
80 37
80 42
80 46
80 48
80 51
80 70
80 84
80 85
80 95
80 99
80 102
80 108
80 109
80 131
80 164
80 166
80 171
80 175
80 191
80 192
80 194
80 199
81 15
81 29
81 44
81 47
81 50
81 59
81 63
81 75
81 76
81 92
81 94
81 100
81 123
81 124
81 129
81 148
81 153
81 164
81 167
81 168
81 175
81 190
82 5
82 8
82 10
82 13
82 14
82 32
82 37
82 47
82 49
82 51
82 84
82 94
82 98
82 101
82 102
82 115
82 119
82 122
82 129
82 137
82 143
82 148
82 154
82 163
82 177
82 187
82 189
82 191
82 194
82 196
82 198
83 1
83 3
83 5
83 12
83 29
83 35
83 49
83 54
83 104
83 110
83 119
83 128
83 129
83 137
83 144
83 149
83 150
83 168
83 169
83 174
83 180
83 198
84 1
84 4
84 17
84 28
84 36
84 37
84 40
84 48
84 50
84 52
84 61
84 80
84 82
84 85
84 110
84 122
84 123
84 171
84 174
84 177
84 182
84 186
84 195
84 199
85 23
85 27
85 30
85 33
85 46
85 53
85 78
85 80
85 84
85 88
85 103
85 111
85 126
85 137
85 148
85 160
85 174
85 177
85 182
85 188
86 3
86 18
86 25
86 26
86 35
86 75
86 96
86 111
86 114
86 134
86 144
86 149
86 150
86 152
86 171
86 183
86 191
87 13
87 69
87 70
87 112
87 127
87 130
87 142
87 159
87 187
88 5
88 7
88 11
88 20
88 32
88 39
88 50
88 51
88 56
88 58
88 59
88 85
88 99
88 108
88 112
88 126
88 129
88 130
88 134
88 166
88 191
89 5
89 25
89 32
89 53
89 58
89 70
89 77
89 103
89 113
89 114
89 134
89 160
89 166
89 170
90 1
90 27
90 30
90 33
90 54
90 64
90 72
90 79
90 97
90 107
90 110
90 113
90 125
90 135
90 136
90 138
90 181
90 189
91 27
91 32
91 35
91 37
91 40
91 42
91 46
91 76
91 133
91 138
91 147
91 151
91 159
91 174
91 178
91 191
91 199
92 0
92 3
92 11
92 14
92 20
92 22
92 25
92 37
92 39
92 43
92 47
92 51
92 61
92 68
92 78
92 81
92 97
92 104
92 110
92 111
92 123
92 124
92 131
92 144
92 157
92 158
92 170
92 172
92 180
92 184
92 185
92 188
93 3
93 11
93 13
93 64
93 67
93 78
93 115
93 126
93 145
93 151
93 155
93 158
93 161
93 184
93 194
94 16
94 47
94 62
94 64
94 67
94 72
94 81
94 82
94 96
94 98
94 106
94 121
94 124
94 132
94 134
94 135
94 150
94 151
94 160
94 172
94 186
94 188
94 189
95 3
95 8
95 13
95 14
95 19
95 25
95 54
95 65
95 67
95 71
95 80
95 107
95 131
95 133
95 137
95 155
95 178
95 192
96 9
96 19
96 22
96 41
96 43
96 46
96 86
96 94
96 102
96 110
96 114
96 117
96 118
96 119
96 128
96 134
96 162
96 172
96 174
96 175
96 184
96 190
96 191
96 199
97 34
97 41
97 52
97 72
97 90
97 92
97 104
97 122
97 129
97 144
97 153
97 166
97 171
97 174
97 186
97 197
98 3
98 13
98 15
98 17
98 28
98 33
98 43
98 49
98 55
98 58
98 59
98 76
98 82
98 94
98 108
98 109
98 111
98 136
98 137
98 139
98 149
98 151
98 167
98 196
99 3
99 11
99 49
99 80
99 88
99 102
99 121
99 127
99 131
99 143
99 149
99 160
99 170
100 6
100 8
100 40
100 43
100 44
100 46
100 49
100 50
100 52
100 54
100 55
100 61
100 65
100 81
100 101
100 102
100 107
100 144
100 149
100 151
100 156
100 171
100 172
101 0
101 7
101 13
101 49
101 64
101 73
101 78
101 82
101 100
101 105
101 116
101 125
101 130
101 132
101 150
101 159
101 163
101 167
101 179
101 188
102 33
102 34
102 80
102 82
102 96
102 99
102 100
102 124
102 145
102 153
102 158
102 177
102 195
102 198
103 9
103 16
103 20
103 29
103 43
103 53
103 54
103 56
103 63
103 69
103 75
103 85
103 89
103 123
103 125
103 129
103 152
103 156
103 166
103 178
103 181
103 199
104 10
104 35
104 37
104 46
104 55
104 58
104 61
104 75
104 77
104 83
104 92
104 97
104 109
104 116
104 117
104 119
104 168
104 184
104 194
105 1
105 54
105 58
105 62
105 101
105 110
105 125
105 131
105 136
105 153
105 165
105 166
105 171
105 174
105 178
105 192
105 198
106 24
106 56
106 58
106 63
106 94
106 110
106 116
106 128
106 129
106 143
106 148
106 152
106 158
106 175
106 184
106 188
106 199
107 39
107 46
107 53
107 65
107 66
107 76
107 90
107 95
107 100
107 132
107 135
107 147
107 158
107 169
107 199
108 9
108 25
108 33
108 45
108 76
108 80
108 88
108 98
108 116
108 128
108 138
108 143
108 150
108 160
108 162
108 164
108 194
109 2
109 10
109 38
109 43
109 51
109 58
109 67
109 71
109 73
109 78
109 80
109 98
109 104
109 128
109 137
109 140
109 149
109 155
109 158
109 162
109 175
109 178
109 180
109 183
110 3
110 16
110 18
110 23
110 38
110 45
110 53
110 55
110 64
110 83
110 84
110 90
110 92
110 96
110 105
110 106
110 115
110 119
110 123
110 129
110 148
110 153
110 167
110 172
110 173
110 177
110 192
111 8
111 11
111 19
111 26
111 42
111 72
111 76
111 85
111 86
111 92
111 98
111 121
111 128
111 137
111 141
111 144
111 147
111 148
111 158
111 165
111 167
111 168
111 169
111 174
111 184
111 194
112 13
112 22
112 25
112 41
112 48
112 49
112 51
112 73
112 87
112 88
112 115
112 144
112 149
112 169
112 183
112 184
112 185
112 199
113 0
113 8
113 18
113 35
113 38
113 52
113 57
113 89
113 90
113 118
113 130
113 131
113 171
113 180
113 194
114 7
114 12
114 27
114 52
114 86
114 89
114 96
114 116
114 138
114 139
114 143
114 159
114 166
114 172
114 173
114 177
114 188
114 193
115 7
115 11
115 58
115 74
115 82
115 93
115 110
115 112
115 120
115 145
115 146
115 177
115 179
115 190
115 194
115 196
115 197
115 199
116 5
116 9
116 16
116 18
116 26
116 38
116 55
116 58
116 79
116 101
116 104
116 106
116 108
116 114
116 120
116 125
116 126
116 131
116 132
116 136
116 163
116 174
116 181
116 183
116 188
116 196
116 199
117 3
117 14
117 15
117 17
117 22
117 23
117 29
117 35
117 39
117 40
117 41
117 53
117 59
117 61
117 75
117 78
117 96
117 104
117 142
117 148
117 157
117 158
117 168
117 193
117 198
118 14
118 22
118 23
118 30
118 37
118 53
118 56
118 79
118 96
118 113
118 119
118 126
118 133
118 151
118 153
118 159
118 161
118 183
118 190
118 192
118 195
118 196
119 9
119 22
119 50
119 52
119 54
119 60
119 63
119 73
119 77
119 78
119 82
119 83
119 96
119 104
119 110
119 118
119 128
119 137
119 139
119 142
119 150
119 157
119 176
119 179
119 181
119 183
119 184
119 189
120 2
120 9
120 11
120 16
120 27
120 37
120 42
120 53
120 65
120 77
120 115
120 116
120 122
120 149
120 156
120 194
120 195
121 56
121 59
121 75
121 94
121 99
121 111
121 123
121 128
121 141
121 148
121 155
121 157
121 158
121 172
121 174
121 188
122 16
122 23
122 32
122 34
122 36
122 53
122 82
122 84
122 97
122 120
122 123
122 131
122 132
122 140
122 141
122 146
122 157
122 161
122 168
123 7
123 23
123 30
123 36
123 55
123 59
123 62
123 65
123 73
123 81
123 84
123 92
123 103
123 110
123 121
123 122
123 125
123 150
123 171
123 189
123 193
123 196
124 0
124 1
124 9
124 12
124 16
124 21
124 24
124 25
124 30
124 39
124 49
124 62
124 68
124 74
124 81
124 92
124 94
124 102
124 125
124 126
124 149
124 154
124 167
124 169
124 184
125 0
125 29
125 30
125 35
125 45
125 62
125 63
125 71
125 73
125 75
125 90
125 101
125 103
125 105
125 116
125 123
125 124
125 128
125 134
125 163
125 177
125 187
126 0
126 1
126 16
126 43
126 50
126 53
126 58
126 68
126 74
126 85
126 88
126 93
126 116
126 118
126 124
126 131
126 135
126 146
126 151
126 155
126 158
126 161
126 168
126 180
126 190
127 7
127 36
127 51
127 68
127 73
127 74
127 75
127 87
127 99
127 133
127 134
127 147
127 160
127 166
127 178
127 188
128 1
128 14
128 18
128 35
128 38
128 41
128 44
128 45
128 53
128 61
128 75
128 83
128 96
128 106
128 108
128 109
128 111
128 119
128 121
128 125
128 132
128 138
128 147
129 1
129 4
129 8
129 11
129 16
129 23
129 34
129 36
129 47
129 51
129 55
129 60
129 71
129 81
129 82
129 83
129 88
129 97
129 103
129 106
129 110
129 130
129 136
129 137
129 152
129 153
129 157
129 159
129 180
129 190
130 8
130 15
130 19
130 46
130 55
130 58
130 70
130 71
130 87
130 88
130 101
130 113
130 129
130 133
130 152
130 167
130 168
130 179
131 8
131 13
131 21
131 39
131 47
131 49
131 58
131 61
131 62
131 68
131 69
131 75
131 80
131 92
131 95
131 99
131 105
131 113
131 116
131 122
131 126
131 139
131 142
131 158
131 178
132 0
132 12
132 24
132 27
132 52
132 55
132 56
132 58
132 94
132 101
132 107
132 116
132 122
132 128
132 135
132 142
132 163
132 177
132 185
132 190
132 194
133 17
133 18
133 31
133 37
133 49
133 55
133 58
133 69
133 79
133 91
133 95
133 118
133 127
133 130
133 138
133 139
133 148
133 152
133 156
133 191
133 198
134 3
134 8
134 9
134 13
134 42
134 45
134 47
134 58
134 86
134 88
134 89
134 94
134 96
134 125
134 127
134 137
134 152
134 160
134 167
134 178
134 181
134 184
134 187
134 188
134 190
134 192
135 3
135 5
135 8
135 9
135 12
135 14
135 18
135 23
135 35
135 74
135 90
135 94
135 107
135 126
135 132
135 147
135 148
135 162
135 168
135 171
135 183
135 195
135 197
136 14
136 34
136 37
136 90
136 98
136 105
136 116
136 129
136 139
136 144
136 151
136 155
136 162
136 183
136 185
136 188
136 194
136 199
137 2
137 16
137 25
137 29
137 34
137 39
137 41
137 53
137 54
137 67
137 75
137 82
137 83
137 85
137 95
137 98
137 109
137 111
137 119
137 129
137 134
137 142
137 157
137 165
137 196
138 1
138 8
138 9
138 12
138 16
138 26
138 41
138 46
138 48
138 52
138 54
138 56
138 90
138 91
138 108
138 114
138 128
138 133
138 141
138 146
138 153
138 156
138 164
138 165
138 168
138 175
138 179
138 188
138 190
138 192
139 7
139 8
139 17
139 32
139 37
139 48
139 57
139 68
139 79
139 98
139 114
139 119
139 131
139 133
139 136
139 156
139 157
139 168
139 175
139 176
139 182
139 183
139 184
139 185
139 188
140 3
140 25
140 30
140 36
140 59
140 109
140 122
140 141
140 166
140 169
140 171
140 172
140 181
140 185
140 191
141 0
141 12
141 23
141 79
141 111
141 121
141 122
141 138
141 140
141 144
141 154
141 164
141 166
141 197
142 12
142 21
142 33
142 42
142 43
142 44
142 47
142 61
142 63
142 87
142 117
142 119
142 131
142 132
142 137
142 162
142 173
142 186
142 196
142 198
143 12
143 16
143 29
143 39
143 57
143 82
143 99
143 106
143 108
143 114
143 151
143 174
143 175
143 180
144 20
144 22
144 60
144 70
144 75
144 83
144 86
144 92
144 97
144 100
144 111
144 112
144 136
144 141
144 158
144 170
144 192
145 6
145 17
145 23
145 32
145 38
145 40
145 47
145 53
145 69
145 93
145 102
145 115
145 146
145 153
145 174
145 178
145 185
146 21
146 28
146 43
146 70
146 72
146 79
146 115
146 122
146 126
146 138
146 145
146 159
146 182
147 3
147 4
147 6
147 7
147 18
147 30
147 44
147 77
147 91
147 107
147 111
147 127
147 128
147 135
147 166
147 168
147 195
148 16
148 20
148 22
148 28
148 40
148 45
148 53
148 57
148 59
148 62
148 71
148 72
148 81
148 82
148 85
148 106
148 110
148 111
148 117
148 121
148 133
148 135
148 154
148 162
148 175
148 199
149 3
149 9
149 20
149 27
149 30
149 52
149 75
149 76
149 83
149 86
149 98
149 99
149 100
149 109
149 112
149 120
149 124
149 154
149 178
149 195
150 20
150 40
150 43
150 52
150 83
150 86
150 94
150 101
150 108
150 119
150 123
150 154
150 157
150 159
150 172
150 180
150 185
150 188
151 0
151 3
151 4
151 7
151 15
151 20
151 30
151 42
151 45
151 50
151 61
151 91
151 93
151 94
151 98
151 100
151 118
151 126
151 136
151 143
151 160
151 167
151 189
151 190
151 197
152 0
152 1
152 3
152 14
152 15
152 20
152 25
152 59
152 61
152 62
152 64
152 71
152 79
152 86
152 103
152 106
152 129
152 130
152 133
152 134
152 167
152 170
152 177
152 184
153 8
153 48
153 60
153 73
153 81
153 97
153 102
153 105
153 110
153 118
153 129
153 138
153 145
153 158
153 177
153 179
153 183
153 186
154 6
154 17
154 27
154 46
154 59
154 61
154 64
154 65
154 66
154 78
154 82
154 124
154 141
154 148
154 149
154 150
154 156
154 157
154 191
155 20
155 24
155 29
155 31
155 32
155 34
155 37
155 60
155 93
155 95
155 109
155 121
155 126
155 136
155 177
155 195
156 11
156 24
156 41
156 57
156 59
156 61
156 66
156 67
156 76
156 100
156 103
156 120
156 133
156 138
156 139
156 154
156 159
156 173
156 195
157 5
157 19
157 26
157 38
157 39
157 46
157 56
157 75
157 77
157 92
157 117
157 119
157 121
157 122
157 129
157 137
157 139
157 150
157 154
157 169
158 4
158 13
158 15
158 24
158 29
158 32
158 37
158 40
158 48
158 66
158 92
158 93
158 102
158 106
158 107
158 109
158 111
158 117
158 121
158 126
158 131
158 144
158 153
158 165
158 167
158 184
158 199
159 13
159 41
159 45
159 46
159 50
159 52
159 58
159 60
159 71
159 74
159 87
159 91
159 101
159 114
159 118
159 129
159 146
159 150
159 156
159 170
159 171
159 179
159 194
160 8
160 23
160 35
160 38
160 58
160 68
160 73
160 85
160 89
160 94
160 99
160 108
160 127
160 134
160 151
160 166
160 183
160 190
161 33
161 34
161 67
161 69
161 73
161 74
161 93
161 118
161 122
161 126
161 163
161 166
161 183
162 37
162 45
162 46
162 52
162 59
162 73
162 75
162 76
162 96
162 108
162 109
162 135
162 136
162 142
162 148
162 177
162 180
162 183
162 187
162 194
163 12
163 28
163 46
163 47
163 75
163 82
163 101
163 116
163 125
163 132
163 161
163 184
164 7
164 17
164 28
164 43
164 59
164 73
164 76
164 80
164 81
164 108
164 138
164 141
164 173
164 176
164 180
164 182
164 183
164 189
164 197
164 199
165 10
165 27
165 34
165 46
165 47
165 49
165 50
165 54
165 55
165 56
165 66
165 77
165 105
165 111
165 137
165 138
165 158
165 168
165 191
165 199
166 1
166 6
166 8
166 21
166 37
166 44
166 46
166 49
166 75
166 80
166 88
166 89
166 97
166 103
166 105
166 114
166 127
166 140
166 141
166 147
166 160
166 161
167 25
167 28
167 29
167 41
167 42
167 52
167 58
167 60
167 77
167 81
167 98
167 101
167 110
167 111
167 124
167 130
167 134
167 151
167 152
167 158
167 188
168 14
168 16
168 22
168 34
168 37
168 40
168 50
168 81
168 83
168 104
168 111
168 117
168 122
168 126
168 130
168 135
168 138
168 139
168 147
168 165
168 174
168 178
168 180
168 196
169 0
169 2
169 20
169 30
169 31
169 44
169 48
169 56
169 59
169 64
169 74
169 79
169 83
169 107
169 111
169 112
169 124
169 140
169 157
169 180
169 181
169 186
169 193
170 17
170 18
170 23
170 36
170 52
170 60
170 63
170 77
170 89
170 92
170 99
170 144
170 152
170 159
170 171
170 173
170 184
170 185
171 5
171 7
171 22
171 45
171 65
171 66
171 69
171 80
171 84
171 86
171 97
171 100
171 105
171 113
171 123
171 135
171 140
171 159
171 170
172 10
172 19
172 21
172 26
172 56
172 75
172 92
172 94
172 96
172 100
172 110
172 114
172 121
172 140
172 150
172 180
172 199
173 5
173 7
173 9
173 27
173 43
173 52
173 53
173 55
173 56
173 58
173 61
173 64
173 110
173 114
173 142
173 156
173 164
173 170
173 183
173 187
173 191
173 196
174 23
174 24
174 25
174 28
174 32
174 42
174 49
174 77
174 83
174 84
174 85
174 91
174 96
174 97
174 105
174 111
174 116
174 121
174 143
174 145
174 168
174 181
174 187
174 192
174 195
174 196
175 2
175 5
175 19
175 20
175 25
175 34
175 35
175 37
175 39
175 78
175 80
175 81
175 96
175 106
175 109
175 138
175 139
175 143
175 148
175 179
175 188
175 192
176 1
176 5
176 6
176 7
176 13
176 15
176 28
176 32
176 55
176 63
176 74
176 119
176 139
176 164
176 188
177 13
177 14
177 28
177 34
177 35
177 41
177 50
177 52
177 55
177 64
177 82
177 84
177 85
177 102
177 110
177 114
177 115
177 125
177 132
177 152
177 153
177 155
177 162
177 187
178 4
178 7
178 13
178 18
178 22
178 39
178 48
178 73
178 91
178 95
178 103
178 105
178 109
178 127
178 131
178 134
178 145
178 149
178 168
178 183
178 189
179 11
179 47
179 52
179 54
179 62
179 63
179 78
179 101
179 115
179 119
179 130
179 138
179 153
179 159
179 175
179 185
179 187
179 195
180 0
180 1
180 7
180 12
180 17
180 30
180 36
180 43
180 46
180 48
180 49
180 50
180 51
180 52
180 55
180 56
180 66
180 83
180 92
180 109
180 113
180 126
180 129
180 143
180 150
180 162
180 164
180 168
180 169
180 172
180 183
180 190
180 199
181 9
181 11
181 21
181 30
181 39
181 68
181 76
181 77
181 90
181 103
181 116
181 119
181 134
181 140
181 169
181 174
181 183
181 198
182 0
182 23
182 26
182 35
182 42
182 44
182 51
182 65
182 69
182 72
182 76
182 84
182 85
182 139
182 146
182 164
182 189
182 196
182 197
183 3
183 13
183 15
183 22
183 25
183 32
183 34
183 63
183 86
183 109
183 112
183 116
183 118
183 119
183 135
183 136
183 139
183 153
183 160
183 161
183 162
183 164
183 173
183 178
183 180
183 181
184 8
184 14
184 17
184 47
184 78
184 92
184 93
184 96
184 104
184 106
184 111
184 112
184 119
184 124
184 134
184 139
184 152
184 158
184 163
184 170
185 44
185 45
185 63
185 73
185 75
185 78
185 92
185 112
185 132
185 136
185 139
185 140
185 145
185 150
185 170
185 179
185 193
186 2
186 3
186 20
186 23
186 29
186 33
186 53
186 55
186 65
186 73
186 84
186 94
186 97
186 142
186 153
186 169
186 196
187 9
187 30
187 35
187 41
187 56
187 59
187 60
187 62
187 63
187 82
187 87
187 125
187 134
187 162
187 173
187 174
187 177
187 179
187 188
187 196
188 33
188 43
188 64
188 67
188 76
188 79
188 85
188 92
188 94
188 101
188 106
188 114
188 116
188 121
188 127
188 134
188 136
188 138
188 139
188 150
188 167
188 175
188 176
188 187
188 199
189 21
189 51
189 62
189 66
189 82
189 90
189 94
189 119
189 123
189 151
189 164
189 178
189 182
189 190
189 191
190 1
190 12
190 13
190 20
190 34
190 55
190 79
190 81
190 96
190 115
190 118
190 126
190 129
190 132
190 134
190 138
190 151
190 160
190 180
190 189
190 198
191 12
191 21
191 22
191 24
191 25
191 26
191 54
191 55
191 80
191 82
191 86
191 88
191 91
191 96
191 133
191 140
191 154
191 165
191 173
191 189
191 192
192 19
192 45
192 46
192 53
192 66
192 80
192 95
192 105
192 110
192 118
192 134
192 138
192 144
192 174
192 175
192 191
193 15
193 34
193 36
193 67
193 68
193 114
193 117
193 123
193 169
193 185
194 9
194 18
194 21
194 28
194 36
194 47
194 52
194 56
194 62
194 72
194 78
194 80
194 82
194 93
194 104
194 108
194 111
194 113
194 115
194 120
194 132
194 136
194 159
194 162
194 197
195 7
195 16
195 25
195 26
195 46
195 84
195 102
195 118
195 120
195 135
195 147
195 149
195 155
195 156
195 174
195 179
196 7
196 12
196 24
196 25
196 31
196 36
196 39
196 49
196 52
196 63
196 64
196 69
196 82
196 98
196 115
196 116
196 118
196 123
196 137
196 142
196 168
196 173
196 174
196 182
196 186
196 187
197 6
197 13
197 19
197 44
197 51
197 52
197 58
197 97
197 115
197 135
197 141
197 151
197 164
197 182
197 194
198 11
198 39
198 40
198 47
198 54
198 65
198 66
198 73
198 75
198 82
198 83
198 102
198 105
198 117
198 133
198 142
198 181
198 190
199 43
199 67
199 80
199 84
199 91
199 96
199 103
199 106
199 107
199 112
199 115
199 116
199 136
199 148
199 158
199 164
199 165
199 172
199 180
199 188