500 3076
0 17
0 27
0 49
0 60
0 63
0 67
0 161
0 219
0 246
0 277
0 309
0 444
0 478
0 496
1 35
1 104
1 166
1 216
1 344
1 347
1 371
1 400
1 435
1 446
1 499
2 31
2 185
2 201
2 219
2 237
2 245
2 254
2 264
2 307
2 311
2 319
3 4
3 35
3 38
3 81
3 93
3 188
3 214
3 220
3 253
3 363
3 368
3 434
4 3
4 17
4 36
4 115
4 356
4 436
4 448
4 489
4 499
5 55
5 352
5 353
5 444
5 456
5 489
6 55
6 169
6 281
6 317
6 346
6 347
6 386
6 422
6 429
7 84
7 87
7 97
7 162
7 200
7 290
7 312
7 397
8 22
8 43
8 65
8 82
8 101
8 122
8 163
8 173
8 204
8 224
8 243
8 301
8 313
8 327
8 388
8 393
8 412
8 441
9 51
9 177
9 314
9 371
9 412
9 461
9 466
9 468
10 81
10 157
10 181
10 234
10 277
10 310
10 354
10 363
10 389
10 412
10 425
10 455
10 461
11 65
11 82
11 119
11 133
11 273
11 340
11 435
11 436
11 483
12 15
12 35
12 75
12 120
12 132
12 167
12 181
12 193
12 295
12 327
12 404
12 485
13 50
13 88
13 92
13 144
13 214
13 253
13 385
13 404
13 476
13 488
14 26
14 31
14 52
14 100
14 105
14 125
14 166
14 212
14 221
14 233
14 235
14 299
14 315
14 375
14 482
14 497
15 12
15 88
15 109
15 178
15 249
15 299
15 417
15 459
15 491
16 29
16 89
16 110
16 113
16 179
16 194
16 225
16 288
16 370
16 425
16 427
16 451
17 0
17 4
17 42
17 152
17 157
17 195
17 221
17 338
17 426
17 497
18 22
18 33
18 45
18 102
18 109
18 158
18 162
18 206
18 240
18 247
18 251
18 311
18 326
18 350
18 371
18 414
18 454
18 460
18 494
19 52
19 77
19 133
19 199
19 438
20 53
20 203
20 247
20 269
20 371
20 393
21 78
21 100
21 120
21 162
21 169
21 314
21 316
21 362
21 458
21 481
21 484
21 488
21 495
22 8
22 18
22 47
22 62
22 79
22 139
22 158
22 230
22 234
22 283
22 321
22 342
22 348
22 475
22 480
23 37
23 65
23 87
23 128
23 160
23 199
23 202
23 208
23 211
23 321
23 367
23 371
23 382
23 400
23 423
23 473
23 479
23 482
24 49
24 63
24 80
24 86
24 226
24 297
24 314
24 321
24 348
24 420
24 497
24 498
25 60
25 112
25 117
25 124
25 153
25 206
25 308
25 322
25 385
25 429
25 448
25 452
25 483
25 499
26 14
26 27
26 30
26 113
26 168
26 171
26 242
26 397
26 401
26 417
26 496
27 0
27 26
27 30
27 52
27 77
27 161
27 186
27 265
27 316
27 426
28 51
28 52
28 111
28 151
28 158
28 159
28 225
28 256
28 272
28 277
28 284
28 306
28 314
28 317
28 327
28 336
28 339
28 360
29 16
29 55
29 87
29 94
29 122
29 149
29 225
29 239
29 240
29 253
29 356
29 399
30 26
30 27
30 37
30 48
30 80
30 86
30 121
30 160
30 163
30 182
30 290
30 298
30 341
30 342
30 446
30 471
31 2
31 14
31 48
31 136
31 142
31 147
31 149
31 152
31 242
31 311
31 341
31 389
31 392
31 402
31 420
32 33
32 34
32 56
32 84
32 97
32 177
32 219
32 256
32 425
32 439
32 454
33 18
33 32
33 34
33 39
33 44
33 46
33 125
33 167
33 171
33 178
33 192
33 197
33 227
33 279
33 283
33 317
33 376
33 406
33 440
34 32
34 33
34 108
34 109
34 110
34 141
34 150
34 293
34 340
34 417
34 433
35 1
35 3
35 12
35 40
35 57
35 58
35 95
35 151
35 287
35 318
35 321
35 374
35 391
35 392
35 429
35 446
35 449
35 485
36 4
36 42
36 51
36 63
36 65
36 234
36 319
36 340
36 433
36 488
37 23
37 30
37 57
37 72
37 78
37 144
37 217
37 230
37 249
37 251
37 417
37 431
37 475
37 479
38 3
38 47
38 53
38 113
38 149
38 190
38 271
38 274
38 327
38 336
38 375
38 386
38 422
38 437
38 469
38 478
38 491
38 494
39 33
39 56
39 88
39 132
39 159
39 205
39 299
39 310
39 400
39 474
39 481
39 488
39 495
40 35
40 177
40 186
40 233
40 274
40 308
40 321
40 322
40 379
40 408
40 453
41 42
41 78
41 219
41 224
41 280
41 338
41 387
41 467
41 475
42 17
42 36
42 41
42 65
42 194
42 199
42 215
42 221
42 222
42 274
42 303
42 312
42 319
42 376
42 430
43 8
43 57
43 73
43 124
43 180
43 205
43 215
43 335
43 339
43 449
43 471
44 33
44 49
44 52
44 77
44 131
44 137
44 220
44 340
44 366
44 421
44 453
44 456
44 473
45 18
45 163
45 283
45 331
45 351
45 423
45 472
46 33
46 48
46 112
46 123
46 194
46 201
46 227
46 273
46 337
47 22
47 38
47 62
47 102
47 120
47 141
47 281
47 292
47 418
48 30
48 31
48 46
48 66
48 69
48 82
48 167
48 222
48 247
48 360
48 362
48 478
49 0
49 24
49 44
49 91
49 116
49 127
49 141
49 183
49 194
49 203
49 373
49 444
49 448
50 13
50 53
50 116
50 143
50 200
50 285
50 358
50 386
50 405
50 481
51 9
51 28
51 36
51 78
51 121
51 162
51 261
51 279
51 308
51 331
51 368
51 382
51 413
51 456
51 480
51 486
52 14
52 19
52 27
52 28
52 44
52 162
52 168
52 244
52 251
52 299
52 308
52 321
52 343
52 417
52 449
52 462
52 465
53 20
53 38
53 50
53 102
53 109
53 139
53 171
53 180
53 215
53 231
53 238
53 259
53 274
53 290
53 382
53 417
53 429
53 464
53 486
54 140
54 162
54 165
54 171
54 283
54 293
54 312
54 411
54 429
54 438
54 484
55 5
55 6
55 29
55 121
55 157
55 163
55 190
55 210
55 311
55 316
55 332
55 418
55 456
56 32
56 39
56 67
56 260
56 330
56 460
57 35
57 37
57 43
57 157
57 209
57 341
57 399
57 400
57 464
57 485
57 497
58 35
58 69
58 97
58 135
58 167
58 170
58 231
58 255
58 329
58 334
58 464
59 230
59 248
59 284
59 288
59 323
59 346
59 351
59 412
59 420
59 435
59 497
60 0
60 25
60 85
60 227
60 230
60 236
60 241
60 311
60 374
60 397
60 405
60 409
60 436
61 85
61 149
61 254
61 277
61 298
61 309
61 310
61 335
61 355
61 356
61 471
62 22
62 47
62 99
62 188
62 212
62 273
62 359
62 374
62 414
62 474
62 497
63 0
63 24
63 36
63 100
63 153
63 162
63 177
63 234
63 249
63 279
63 377
63 391
63 398
63 417
63 449
63 465
63 481
64 68
64 73
64 190
64 201
64 261
64 303
64 401
65 8
65 11
65 23
65 36
65 42
65 106
65 155
65 167
65 185
65 201
65 252
65 263
65 325
65 382
65 415
65 429
65 452
65 499
66 48
66 77
66 82
66 90
66 91
66 93
66 112
66 164
66 165
66 288
66 321
66 356
66 376
66 456
67 0
67 56
67 74
67 82
67 176
67 180
67 202
67 250
67 386
67 444
67 492
67 494
67 495
68 64
68 116
68 147
68 186
68 235
68 305
68 353
68 363
68 429
68 467
68 494
69 48
69 58
69 75
69 87
69 142
69 152
69 225
69 248
69 282
69 299
69 357
69 370
69 449
69 464
69 483
69 486
70 93
70 242
70 388
71 124
71 143
71 153
71 181
71 198
71 290
71 436
71 441
72 37
72 145
72 151
72 227
72 294
72 331
72 359
72 464
72 483
72 495
73 43
73 64
73 106
73 108
73 111
73 116
73 196
73 243
73 290
73 297
73 326
73 335
73 396
74 67
74 160
74 187
74 205
74 320
74 325
74 482
75 12
75 69
75 81
75 137
75 219
75 220
75 239
75 240
75 254
75 296
75 308
75 357
75 375
75 401
75 468
75 473
76 92
76 139
76 165
76 179
76 197
76 262
76 374
76 454
76 481
77 19
77 27
77 44
77 66
77 95
77 197
77 261
77 299
77 305
77 306
77 327
77 425
77 427
77 441
78 21
78 37
78 41
78 51
78 83
78 102
78 105
78 165
78 201
78 214
78 221
78 247
78 269
78 302
78 308
78 363
78 400
78 401
78 487
79 22
79 151
79 186
79 194
79 217
79 235
79 283
79 305
79 326
79 433
79 487
80 24
80 30
80 125
80 126
80 166
80 195
80 203
80 219
80 263
80 387
80 442
80 457
80 481
80 483
81 3
81 10
81 75
81 120
81 122
81 190
81 220
81 260
81 299
81 308
81 317
81 327
81 348
81 393
81 409
81 411
81 424
81 479
82 8
82 11
82 48
82 66
82 67
82 127
82 149
82 204
82 252
82 334
82 339
82 439
82 471
82 475
82 483
83 78
83 121
83 247
83 316
83 326
83 415
83 425
83 447
83 449
83 450
84 7
84 32
84 90
84 104
84 236
84 279
84 295
84 384
84 452
84 473
84 492
85 60
85 61
85 163
85 218
85 302
85 353
85 411
85 455
85 461
85 473
86 24
86 30
86 156
86 189
86 193
86 199
86 318
86 323
86 372
86 401
86 414
86 459
87 7
87 23
87 29
87 69
87 182
87 232
87 263
87 291
87 345
87 369
87 370
87 382
87 445
88 13
88 15
88 39
88 127
88 149
88 238
88 329
88 348
88 367
88 369
88 383
88 396
88 420
88 423
89 16
89 111
89 120
89 149
89 229
89 278
89 303
89 417
89 463
89 465
89 484
89 491
90 66
90 84
90 133
90 214
90 247
90 342
90 354
90 401
90 419
90 434
90 485
91 49
91 66
91 193
91 233
91 324
91 331
91 359
91 379
91 390
92 13
92 76
92 125
92 179
92 184
92 191
92 201
92 254
92 261
92 318
92 338
92 409
92 411
93 3
93 66
93 70
93 145
93 148
93 156
93 203
93 254
93 296
93 385
94 29
94 105
94 160
94 177
94 226
94 248
94 271
94 277
94 315
94 327
94 398
94 402
94 403
94 423
94 449
95 35
95 77
95 108
95 223
95 233
95 254
95 259
95 264
95 289
95 321
95 324
95 345
96 147
96 164
96 321
96 326
96 331
96 345
96 422
96 430
97 7
97 32
97 58
97 105
97 174
97 176
97 208
97 255
97 311
97 317
97 395
97 418
97 462
98 152
98 157
98 233
98 237
98 365
98 416
98 422
98 476
99 62
99 103
99 129
99 167
99 200
99 217
99 221
99 228
99 268
99 283
99 285
99 309
99 320
99 341
99 382
99 386
99 482
100 14
100 21
100 63
100 156
100 171
100 176
100 250
100 279
100 314
100 326
100 398
100 420
100 468
100 497
101 8
101 124
101 145
101 147
101 176
101 208
101 217
101 294
101 385
101 393
101 405
101 406
101 434
101 449
101 489
102 18
102 47
102 53
102 78
102 107
102 115
102 118
102 127
102 128
102 146
102 190
102 209
102 227
102 252
102 259
102 323
102 358
102 387
102 394
103 99
103 105
103 141
103 143
103 200
103 205
103 207
103 211
103 273
103 283
103 313
103 340
103 447
103 494
104 1
104 84
104 201
104 358
104 403
104 455
104 470
105 14
105 78
105 94
105 97
105 103
105 139
105 180
105 248
105 262
105 282
105 330
105 336
105 343
105 374
105 485
105 491
106 65
106 73
106 245
106 301
106 326
107 102
107 166
107 211
107 303
107 312
107 341
107 354
107 397
107 419
107 447
107 449
107 469
107 489
108 34
108 73
108 95
108 114
108 124
108 162
108 197
108 205
108 273
108 401
108 431
108 496
109 15
109 18
109 34
109 53
109 149
109 204
109 341
109 400
110 16
110 34
110 144
110 153
110 184
110 192
110 204
110 261
110 313
110 334
110 349
110 356
110 401
110 463
110 468
110 476
111 28
111 73
111 89
111 130
111 139
111 220
111 238
111 249
111 345
111 432
112 25
112 46
112 66
112 201
112 210
112 243
112 392
112 405
112 407
113 16
113 26
113 38
113 115
113 124
113 172
113 288
113 351
113 359
113 376
113 439
113 442
113 483
113 496
114 108
114 130
114 239
114 247
114 401
114 413
114 465
114 499
115 4
115 102
115 113
115 187
115 254
115 263
115 264
115 274
115 293
115 309
115 331
115 346
115 385
115 416
115 434
115 488
116 49
116 50
116 68
116 73
116 143
116 180
116 216
116 307
116 340
116 410
117 25
117 166
117 210
117 239
117 249
117 331
117 386
117 483
118 102
118 134
118 162
118 194
118 245
118 278
118 321
118 383
118 431
119 11
119 124
119 192
119 209
119 283
119 309
119 393
119 416
119 427
119 447
119 492
120 12
120 21
120 47
120 81
120 89
120 155
120 184
120 194
120 210
120 212
120 217
120 223
120 289
120 334
120 337
120 428
120 474
120 487
121 30
121 51
121 55
121 83
121 148
121 183
121 227
121 254
121 324
121 337
121 398
121 409
121 432
121 459
122 8
122 29
122 81
122 277
122 283
122 303
122 309
122 396
123 46
123 142
123 148
123 153
123 187
123 266
123 291
123 358
124 25
124 43
124 71
124 101
124 108
124 113
124 119
124 201
124 220
124 241
124 251
124 253
124 256
124 283
124 305
124 330
124 393
124 439
124 478
124 488
125 14
125 33
125 80
125 92
125 141
125 166
125 189
125 197
125 225
125 256
125 275
125 363
125 410
125 428
125 457
125 487
125 489
125 499
126 80
126 226
126 308
126 316
126 333
126 366
126 385
126 484
126 498
127 49
127 82
127 88
127 102
127 374
127 413
128 23
128 102
128 202
128 245
128 319
128 412
128 461
128 464
129 99
129 144
129 177
129 207
129 227
129 250
129 434
129 446
129 478
130 111
130 114
130 150
130 178
130 187
130 205
130 209
130 210
130 211
130 223
130 224
130 252
130 266
130 303
130 314
130 332
130 410
131 44
131 141
131 143
131 154
131 182
131 183
131 353
131 355
131 375
131 378
131 386
131 387
131 448
131 477
132 12
132 39
132 142
132 145
132 226
132 315
132 337
132 391
132 426
132 467
133 11
133 19
133 90
133 170
133 234
133 473
133 496
134 118
134 188
134 199
134 220
134 223
134 256
134 267
134 306
134 409
134 438
134 444
134 457
134 479
135 58
135 139
135 183
135 232
135 242
135 348
135 390
135 391
135 417
136 31
136 169
136 268
136 274
136 275
136 276
136 357
136 444
136 451
137 44
137 75
137 219
137 262
137 303
137 351
137 400
137 404
137 484
137 493
138 143
138 155
138 212
138 222
138 275
138 338
138 348
138 397
138 420
139 22
139 53
139 76
139 105
139 111
139 135
139 147
139 175
139 366
139 395
139 412
139 443
139 478
140 54
140 234
140 264
140 356
140 367
140 409
140 411
140 414
140 428
140 468
140 476
141 34
141 47
141 49
141 103
141 125
141 131
141 190
141 320
141 337
141 339
141 358
141 407
141 483
141 494
141 497
142 31
142 69
142 123
142 132
142 225
142 247
142 272
142 320
142 399
142 425
142 487
143 50
143 71
143 103
143 116
143 131
143 138
143 192
143 237
143 295
143 298
143 308
143 342
143 426
143 461
143 483
144 13
144 37
144 110
144 129
144 155
144 169
144 252
144 383
144 397
144 406
144 413
144 418
145 72
145 93
145 101
145 132
145 236
145 253
145 275
145 308
145 320
145 328
145 452
145 456
145 489
145 492
145 495
146 102
146 167
146 173
146 236
146 270
146 317
146 365
146 379
146 396
147 31
147 68
147 96
147 101
147 139
147 159
147 171
147 217
147 228
147 253
147 284
147 319
147 384
147 459
147 472
148 93
148 121
148 123
148 149
148 173
148 175
148 185
148 251
148 271
148 275
148 285
148 411
149 29
149 31
149 38
149 61
149 82
149 88
149 89
149 109
149 148
149 159
149 263
149 270
149 275
149 318
149 323
149 461
150 34
150 130
150 155
150 157
150 176
150 178
150 306
150 309
150 317
150 337
150 338
150 360
150 397
150 434
150 440
150 455
150 465
151 28
151 35
151 72
151 79
151 222
151 223
151 234
151 263
151 333
151 423
152 17
152 31
152 69
152 98
152 180
152 229
152 266
152 276
152 379
152 394
152 434
152 445
152 490
152 492
153 25
153 63
153 71
153 110
153 123
153 201
153 212
153 229
153 233
153 248
153 269
153 346
153 377
153 393
153 427
153 458
153 466
154 131
154 207
154 258
154 282
154 334
154 346
154 362
154 373
154 393
154 437
154 439
154 452
155 65
155 120
155 138
155 144
155 150
155 174
155 200
155 218
155 299
155 321
156 86
156 93
156 100
156 203
156 340
156 366
156 373
156 385
156 409
156 439
156 498
157 10
157 17
157 55
157 57
157 98
157 150
157 263
157 277
157 369
157 402
157 453
157 476
157 490
158 18
158 22
158 28
158 176
158 220
158 258
158 268
158 335
158 356
158 405
158 459
158 489
159 28
159 39
159 147
159 149
159 245
159 252
159 267
159 326
159 376
159 415
159 425
159 430
159 463
160 23
160 30
160 74
160 94
160 163
160 165
160 286
160 325
160 357
160 371
160 493
161 0
161 27
161 189
161 221
161 347
161 450
161 483
162 7
162 18
162 21
162 51
162 52
162 54
162 63
162 108
162 118
162 179
162 234
162 388
162 498
163 8
163 30
163 45
163 55
163 85
163 160
163 217
163 277
163 302
163 310
163 327
163 382
163 402
163 427
164 66
164 96
164 198
164 230
164 348
164 377
164 418
164 492
165 54
165 66
165 76
165 78
165 160
165 216
165 247
165 265
165 307
165 325
165 384
165 398
165 411
165 491
166 1
166 14
166 80
166 107
166 117
166 125
166 168
166 169
166 261
166 265
166 336
166 425
166 474
166 494
167 12
167 33
167 48
167 58
167 65
167 99
167 146
167 191
167 279
167 324
167 376
167 418
167 471
167 475
168 26
168 52
168 166
168 227
168 289
168 296
168 322
168 411
168 420
169 6
169 21
169 136
169 144
169 166
169 185
169 242
169 248
169 254
169 325
169 345
169 365
169 369
169 371
169 379
169 419
169 493
170 58
170 133
170 179
170 198
170 237
170 327
170 403
170 467
170 499
171 26
171 33
171 53
171 54
171 100
171 147
171 254
171 308
171 355
171 407
171 422
171 434
171 435
171 442
171 464
172 113
172 204
172 386
172 441
172 468
173 8
173 146
173 148
173 306
173 459
173 470
173 494
174 97
174 155
174 262
174 278
174 287
174 311
174 344
174 357
174 368
174 369
174 376
174 391
174 418
174 465
174 477
174 478
174 480
175 139
175 148
175 195
175 250
175 271
175 283
175 328
175 397
175 472
176 67
176 97
176 100
176 101
176 150
176 158
176 241
176 277
176 302
176 311
176 419
176 435
176 494
177 9
177 32
177 40
177 63
177 94
177 129
177 232
177 237
177 271
177 343
177 484
178 15
178 33
178 130
178 150
178 245
178 346
178 369
178 394
178 425
178 443
178 499
179 16
179 76
179 92
179 162
179 170
179 229
179 237
179 254
179 319
179 343
179 353
179 395
179 418
179 474
179 488
180 43
180 53
180 67
180 105
180 116
180 152
180 214
180 326
180 356
180 441
180 474
180 482
181 10
181 12
181 71
181 262
181 312
181 336
181 359
181 400
181 454
182 30
182 87
182 131
182 255
182 266
182 272
182 383
182 406
182 449
182 480
182 498
183 49
183 121
183 131
183 135
183 201
183 240
183 256
183 270
183 342
183 350
183 433
183 436
184 92
184 110
184 120
184 226
184 231
184 281
184 416
185 2
185 65
185 148
185 169
185 307
185 346
185 384
185 463
185 467
186 27
186 40
186 68
186 79
186 352
186 372
186 373
186 404
186 420
187 74
187 115
187 123
187 130
187 193
187 224
187 236
187 382
187 388
187 438
187 466
187 467
187 472
188 3
188 62
188 134
188 196
188 221
188 226
188 265
188 266
188 330
188 393
188 407
188 445
188 499
189 86
189 125
189 161
189 196
189 212
189 228
189 239
189 284
189 348
189 431
189 437
189 446
189 456
189 468
189 484
189 488
190 38
190 55
190 64
190 81
190 102
190 141
190 235
190 262
190 298
190 301
190 304
190 310
190 328
190 374
190 390
190 434
190 445
190 459
190 460
190 473
190 477
191 92
191 167
191 193
191 224
191 247
191 256
191 328
191 363
191 365
191 413
191 424
191 433
191 497
192 33
192 110
192 119
192 143
192 224
192 264
192 287
192 299
192 314
192 341
192 389
192 422
192 429
192 445
192 479
192 490
193 12
193 86
193 91
193 187
193 191
193 279
193 283
193 293
193 298
193 321
193 339
193 343
193 381
194 16
194 42
194 46
194 49
194 79
194 118
194 120
194 288
194 296
194 298
194 306
194 360
194 371
194 395
194 432
194 462
194 491
195 17
195 80
195 175
195 204
195 210
195 237
195 241
195 249
195 277
195 289
195 329
195 361
195 384
195 422
195 444
195 494
195 495
196 73
196 188
196 189
196 227
196 238
196 282
196 294
196 302
196 312
196 439
196 484
197 33
197 76
197 77
197 108
197 125
197 242
197 301
197 311
197 402
198 71
198 164
198 170
198 229
198 247
198 255
198 347
198 351
198 371
198 385
198 441
199 19
199 23
199 42
199 86
199 134
199 287
199 420
199 443
199 450
199 485
200 7
200 50
200 99
200 103
200 155
200 220
200 256
200 353
200 354
200 390
200 430
201 2
201 46
201 64
201 65
201 78
201 92
201 104
201 112
201 124
201 153
201 183
201 205
201 287
201 293
201 308
201 326
201 390
201 447
201 453
201 474
201 489
202 23
202 67
202 128
202 209
202 236
202 301
202 313
202 318
202 360
202 363
202 379
202 391
202 468
203 20
203 49
203 80
203 93
203 156
203 212
203 248
203 273
203 326
203 403
203 447
203 487
203 492
204 8
204 82
204 109
204 110
204 172
204 195
204 272
204 346
204 382
204 423
205 39
205 43
205 74
205 103
205 108
205 130
205 201
205 232
205 239
205 242
205 254
205 403
205 413
206 18
206 25
206 216
206 227
206 272
206 280
206 310
206 317
206 380
206 491
207 103
207 129
207 154
207 241
207 335
207 388
207 430
207 457
207 459
208 23
208 97
208 101
208 248
208 266
208 269
208 308
208 329
208 331
208 336
208 352
208 394
208 435
208 436
208 493
209 57
209 102
209 119
209 130
209 202
209 251
209 394
209 428
209 447
209 449
210 55
210 112
210 117
210 120
210 130
210 195
210 218
210 247
210 250
210 289
210 296
210 335
210 358
210 414
210 484
211 23
211 103
211 107
211 130
211 219
211 222
211 224
211 251
211 317
211 345
211 393
211 411
211 415
211 440
211 445
211 449
211 466
211 498
212 14
212 62
212 120
212 138
212 153
212 189
212 203
212 312
212 372
212 376
212 391
212 426
212 436
213 230
213 244
213 278
213 302
213 307
213 429
213 432
213 485
213 488
213 492
214 3
214 13
214 78
214 90
214 180
214 220
214 235
214 266
214 274
214 311
214 348
214 421
214 456
215 42
215 43
215 53
215 324
215 354
215 401
215 417
215 420
215 469
215 493
216 1
216 116
216 165
216 206
216 247
216 251
216 350
216 372
216 427
216 431
217 37
217 79
217 99
217 101
217 120
217 147
217 163
217 275
217 312
217 322
217 381
217 382
217 446
217 451
218 85
218 155
218 210
218 258
218 260
218 271
218 327
218 395
218 417
219 0
219 2
219 32
219 41
219 75
219 80
219 137
219 211
219 234
219 238
219 246
219 307
219 382
219 477
220 3
220 44
220 75
220 81
220 111
220 124
220 134
220 158
220 200
220 214
220 224
220 230
220 305
220 352
220 375
220 414
220 453
220 481
221 14
221 17
221 42
221 78
221 99
221 161
221 188
221 248
221 287
221 318
221 375
221 407
221 422
221 441
221 443
222 42
222 48
222 138
222 151
222 211
222 229
222 256
222 286
222 326
222 336
222 350
222 365
222 441
222 475
223 95
223 120
223 130
223 134
223 151
223 260
223 273
223 289
223 362
223 432
224 8
224 41
224 130
224 187
224 191
224 192
224 211
224 220
224 325
224 376
224 430
224 464
224 493
224 494
225 16
225 28
225 29
225 69
225 125
225 142
225 229
225 274
225 283
225 334
225 348
225 350
225 368
225 401
225 411
226 24
226 94
226 126
226 132
226 184
226 188
226 238
226 369
227 33
227 46
227 60
227 72
227 102
227 121
227 129
227 168
227 196
227 206
227 255
227 259
227 324
227 332
227 381
227 403
227 465
227 488
228 99
228 147
228 189
228 248
228 358
228 496
229 89
229 152
229 153
229 179
229 198
229 222
229 225
229 284
229 338
229 342
229 416
230 22
230 37
230 59
230 60
230 164
230 213
230 220
230 355
230 382
230 418
230 442
231 53
231 58
231 184
231 345
231 370
231 479
231 489
232 87
232 135
232 177
232 205
232 263
232 265
232 466
232 494
233 14
233 40
233 91
233 95
233 98
233 153
233 239
233 265
233 326
233 411
233 419
233 437
233 465
233 483
234 10
234 22
234 36
234 63
234 133
234 140
234 151
234 162
234 219
234 286
234 345
234 351
234 408
234 476
235 14
235 68
235 79
235 190
235 214
235 354
235 361
235 435
235 443
235 474
236 60
236 84
236 145
236 146
236 187
236 202
236 320
236 327
236 331
236 371
236 407
237 2
237 98
237 143
237 170
237 177
237 179
237 195
237 287
237 296
237 302
237 378
237 387
238 53
238 88
238 111
238 196
238 219
238 226
238 305
238 309
238 327
238 347
238 376
238 415
238 427
238 437
238 456
238 489
239 29
239 75
239 114
239 117
239 189
239 205
239 233
239 249
239 251
239 293
239 308
239 314
239 325
239 361
239 369
239 424
239 430
240 18
240 29
240 75
240 183
240 253
240 294
240 343
240 370
240 395
240 404
240 429
240 448
241 60
241 124
241 176
241 195
241 207
241 255
241 272
241 285
241 341
241 384
241 417
241 443
241 464
242 26
242 31
242 70
242 135
242 169
242 197
242 205
242 390
242 491
243 8
243 73
243 112
243 273
243 308
243 333
243 369
243 390
243 440
243 456
244 52
244 213
244 252
244 280
244 314
244 367
244 391
244 418
244 420
244 430
244 449
244 456
244 468
244 496
245 2
245 106
245 118
245 128
245 159
245 178
245 253
245 333
245 409
245 410
245 426
246 0
246 219
246 281
246 299
246 331
246 355
246 369
246 388
247 18
247 20
247 48
247 78
247 83
247 90
247 114
247 142
247 165
247 191
247 198
247 210
247 216
247 251
247 298
247 427
247 479
247 492
247 496
248 59
248 69
248 94
248 105
248 153
248 169
248 203
248 208
248 221
248 228
248 364
248 370
248 422
248 431
248 446
248 495
249 15
249 37
249 63
249 111
249 117
249 195
249 239
249 265
249 281
249 355
249 399
249 437
249 469
250 67
250 100
250 129
250 175
250 210
250 255
250 279
250 322
250 340
250 479
251 18
251 37
251 52
251 124
251 148
251 209
251 211
251 216
251 239
251 247
251 490
252 65
252 82
252 102
252 130
252 144
252 159
252 244
252 253
252 270
252 304
252 330
252 423
252 427
252 438
252 499
253 3
253 13
253 29
253 124
253 145
253 147
253 240
253 245
253 252
253 261
253 277
253 333
253 335
253 337
253 356
253 364
253 403
253 474
253 492
254 2
254 61
254 75
254 92
254 93
254 95
254 115
254 121
254 169
254 171
254 179
254 205
254 306
254 401
254 427
254 495
255 58
255 97
255 182
255 198
255 227
255 241
255 250
255 281
255 290
255 306
255 345
255 367
255 389
255 465
256 28
256 32
256 124
256 125
256 134
256 183
256 191
256 200
256 222
256 257
256 298
256 318
256 341
256 357
256 364
256 419
256 450
256 454
256 458
257 256
257 302
257 403
257 468
258 154
258 158
258 218
258 259
258 349
258 411
258 416
258 450
258 459
258 474
259 53
259 95
259 102
259 227
259 258
259 301
259 322
259 340
259 363
259 407
259 437
259 458
260 56
260 81
260 218
260 223
260 309
260 311
260 368
260 393
260 434
260 456
260 462
260 492
261 51
261 64
261 77
261 92
261 110
261 166
261 253
261 286
261 328
261 361
261 379
261 414
261 420
261 425
261 447
261 473
261 474
262 76
262 105
262 137
262 174
262 181
262 190
262 263
262 385
262 389
262 436
262 453
262 470
263 65
263 80
263 87
263 115
263 149
263 151
263 157
263 232
263 262
263 297
263 309
263 401
263 476
264 2
264 95
264 115
264 140
264 192
264 267
264 275
264 424
264 445
265 27
265 165
265 166
265 188
265 232
265 233
265 249
265 293
265 310
265 358
265 368
265 477
266 123
266 130
266 152
266 182
266 188
266 208
266 214
266 283
266 295
266 302
266 344
266 420
266 461
266 493
266 497
267 134
267 159
267 264
267 324
267 334
267 340
267 352
267 373
267 381
267 385
267 386
267 454
267 456
267 471
267 487
268 99
268 136
268 158
268 271
268 383
268 401
268 416
268 460
268 491
269 20
269 78
269 153
269 208
269 382
269 387
269 399
270 146
270 149
270 183
270 252
270 273
270 284
270 304
270 311
270 317
270 369
271 38
271 94
271 148
271 175
271 177
271 218
271 268
271 283
271 336
271 358
271 443
271 451
271 452
271 480
272 28
272 142
272 182
272 204
272 206
272 241
272 306
272 369
272 440
272 470
273 11
273 46
273 62
273 103
273 108
273 203
273 223
273 243
273 270
273 356
273 380
273 381
273 486
274 38
274 40
274 42
274 53
274 115
274 136
274 214
274 225
274 387
274 390
274 413
274 421
275 125
275 136
275 138
275 145
275 148
275 149
275 217
275 264
275 407
275 449
275 454
275 497
276 136
276 152
276 394
276 418
276 463
276 481
277 0
277 10
277 28
277 61
277 94
277 122
277 157
277 163
277 176
277 195
277 253
277 318
277 319
277 367
277 390
277 397
277 416
278 89
278 118
278 174
278 213
278 344
278 354
278 396
278 429
278 460
279 33
279 51
279 63
279 84
279 100
279 167
279 193
279 250
279 321
279 381
279 386
279 448
280 41
280 206
280 244
280 304
280 328
280 386
281 6
281 47
281 184
281 246
281 249
281 255
281 288
281 299
281 313
281 315
281 322
281 381
281 460
281 466
282 69
282 105
282 154
282 196
282 290
282 342
282 363
282 440
282 447
282 461
282 497
283 22
283 33
283 45
283 54
283 79
283 99
283 103
283 119
283 122
283 124
283 175
283 193
283 225
283 266
283 271
283 332
283 371
283 385
283 390
283 394
283 403
283 450
283 478
284 28
284 59
284 147
284 189
284 229
284 270
284 287
284 338
284 352
284 362
284 369
284 403
284 412
284 470
285 50
285 99
285 148
285 241
285 324
285 334
285 352
285 477
285 491
285 492
286 160
286 222
286 234
286 261
286 299
286 385
286 442
286 443
286 499
287 35
287 174
287 192
287 199
287 201
287 221
287 237
287 284
287 347
287 391
287 407
287 417
287 437
287 440
287 495
288 16
288 59
288 66
288 113
288 194
288 281
288 320
288 347
288 358
288 384
288 386
288 393
288 408
288 421
288 439
288 466
288 482
289 95
289 120
289 168
289 195
289 210
289 223
289 310
289 336
289 346
289 410
289 458
289 499
290 7
290 30
290 53
290 71
290 73
290 255
290 282
290 292
290 309
290 313
290 321
290 492
290 494
291 87
291 123
291 301
291 307
291 338
291 413
291 425
291 456
291 461
291 497
292 47
292 290
292 331
292 333
292 350
292 364
292 382
292 405
292 407
292 462
292 464
293 34
293 54
293 115
293 193
293 201
293 239
293 265
293 298
293 305
293 322
293 342
293 347
293 395
293 411
293 418
293 436
293 485
294 72
294 101
294 196
294 240
294 332
294 394
294 428
294 458
295 12
295 84
295 143
295 266
295 304
295 314
295 369
295 371
296 75
296 93
296 168
296 194
296 210
296 237
296 305
296 317
296 359
296 389
296 401
296 403
296 415
296 483
296 489
297 24
297 73
297 263
297 350
297 351
297 384
297 385
297 485
298 30
298 61
298 143
298 190
298 193
298 194
298 247
298 256
298 293
298 321
298 326
298 381
298 404
298 410
298 447
298 461
299 14
299 15
299 39
299 52
299 69
299 77
299 81
299 155
299 192
299 246
299 281
299 286
299 345
299 419
299 444
299 452
299 482
299 496
299 498
300 308
300 457
300 495
301 8
301 106
301 190
301 197
301 202
301 259
301 291
301 343
301 351
301 426
301 457
301 495
302 78
302 85
302 163
302 176
302 196
302 213
302 237
302 257
302 266
302 325
302 332
302 419
302 476
303 42
303 64
303 89
303 107
303 122
303 130
303 137
303 316
303 345
303 486
304 190
304 252
304 270
304 280
304 295
304 334
304 359
304 418
304 476
304 486
304 488
304 490
305 68
305 77
305 79
305 124
305 220
305 238
305 293
305 296
305 326
305 350
305 375
305 391
305 427
305 466
305 483
306 28
306 77
306 134
306 150
306 173
306 194
306 254
306 255
306 272
306 425
306 481
306 488
306 491
307 2
307 116
307 165
307 185
307 213
307 219
307 291
307 370
307 472
308 25
308 40
308 51
308 52
308 75
308 78
308 81
308 126
308 143
308 145
308 171
308 201
308 208
308 239
308 243
308 300
308 312
308 320
308 338
308 346
308 359
308 389
308 429
308 441
308 468
309 0
309 61
309 99
309 115
309 119
309 122
309 150
309 238
309 260
309 263
309 290
309 330
309 335
309 348
309 368
309 377
309 411
309 495
310 10
310 39
310 61
310 163
310 190
310 206
310 265
310 289
310 356
310 377
310 492
311 2
311 18
311 31
311 55
311 60
311 97
311 174
311 176
311 197
311 214
311 260
311 270
311 324
311 335
311 339
311 378
311 415
311 465
311 484
311 492
312 7
312 42
312 54
312 107
312 181
312 196
312 212
312 217
312 308
312 364
312 499
313 8
313 103
313 110
313 202
313 281
313 290
313 334
313 335
313 361
313 416
313 475
314 9
314 21
314 24
314 28
314 100
314 130
314 192
314 239
314 244
314 295
314 385
314 403
314 435
315 14
315 94
315 132
315 281
315 327
315 355
315 393
315 411
315 427
315 436
316 21
316 27
316 55
316 83
316 126
316 303
316 341
316 345
316 392
316 488
316 495
317 6
317 28
317 33
317 81
317 97
317 146
317 150
317 206
317 211
317 270
317 296
317 415
317 427
317 489
317 494
318 35
318 86
318 92
318 149
318 202
318 221
318 256
318 277
318 437
319 2
319 36
319 42
319 128
319 147
319 179
319 277
320 74
320 99
320 141
320 142
320 145
320 236
320 288
320 308
320 360
320 379
320 415
320 446
320 489
320 496
321 22
321 23
321 24
321 35
321 40
321 52
321 66
321 95
321 96
321 118
321 155
321 193
321 279
321 290
321 298
321 338
321 341
321 382
321 394
321 441
321 473
322 25
322 40
322 168
322 217
322 250
322 259
322 281
322 293
322 340
322 347
322 376
322 384
322 386
322 390
322 393
322 395
322 429
322 439
322 459
323 59
323 86
323 102
323 149
323 336
323 350
323 450
324 91
324 95
324 121
324 167
324 215
324 227
324 267
324 285
324 311
324 325
324 339
324 345
324 371
324 391
324 423
324 457
324 490
324 498
325 65
325 74
325 160
325 165
325 169
325 224
325 239
325 302
325 324
325 330
325 367
325 402
325 431
326 18
326 73
326 79
326 83
326 96
326 100
326 106
326 159
326 180
326 201
326 203
326 222
326 233
326 298
326 305
326 377
326 493
327 8
327 12
327 28
327 38
327 77
327 81
327 94
327 163
327 170
327 218
327 236
327 238
327 315
327 367
327 435
327 438
328 145
328 175
328 190
328 191
328 261
328 280
328 363
328 434
328 442
328 483
329 58
329 88
329 195
329 208
329 368
329 420
330 56
330 105
330 124
330 188
330 252
330 309
330 325
330 374
330 385
330 415
330 439
330 477
330 479
330 499
331 45
331 51
331 72
331 91
331 96
331 115
331 117
331 208
331 236
331 246
331 292
331 337
331 366
331 378
331 390
331 411
331 434
331 474
332 55
332 130
332 227
332 283
332 294
332 302
332 335
332 409
333 126
333 151
333 243
333 245
333 253
333 292
333 354
333 410
333 490
334 58
334 82
334 110
334 120
334 154
334 225
334 267
334 285
334 304
334 313
334 400
335 43
335 61
335 73
335 158
335 207
335 210
335 253
335 309
335 311
335 313
335 332
335 363
335 374
335 446
335 455
336 28
336 38
336 105
336 166
336 181
336 208
336 222
336 271
336 289
336 323
336 395
336 403
336 435
336 436
336 444
336 474
337 46
337 120
337 121
337 132
337 141
337 150
337 253
337 331
337 422
337 432
337 440
337 484
338 17
338 41
338 92
338 138
338 150
338 229
338 284
338 291
338 308
338 321
338 379
338 383
338 392
338 401
338 433
338 452
338 458
338 467
338 496
339 28
339 43
339 82
339 141
339 193
339 311
339 324
339 388
339 401
339 433
339 477
340 11
340 34
340 36
340 44
340 103
340 116
340 156
340 250
340 259
340 267
340 322
340 383
340 445
340 451
340 463
340 471
340 474
341 30
341 31
341 57
341 99
341 107
341 109
341 192
341 241
341 256
341 316
341 321
341 397
341 476
342 22
342 30
342 90
342 143
342 183
342 229
342 282
342 293
342 386
342 400
342 418
342 422
342 447
342 467
343 52
343 105
343 177
343 179
343 193
343 240
343 301
343 381
343 481
344 1
344 174
344 266
344 278
344 465
344 493
345 87
345 95
345 96
345 111
345 169
345 211
345 231
345 234
345 255
345 299
345 303
345 316
345 324
345 351
345 473
346 6
346 59
346 115
346 153
346 154
346 178
346 185
346 204
346 289
346 308
346 374
346 391
346 430
346 465
346 487
347 1
347 6
347 161
347 198
347 238
347 287
347 288
347 293
347 322
347 373
347 386
347 461
347 489
348 22
348 24
348 81
348 88
348 135
348 138
348 164
348 189
348 214
348 225
348 309
348 350
348 379
348 381
349 110
349 258
349 356
349 357
349 360
349 368
349 426
349 437
349 448
349 449
350 18
350 183
350 216
350 222
350 225
350 292
350 297
350 305
350 323
350 348
350 382
350 408
350 497
351 45
351 59
351 113
351 137
351 198
351 234
351 297
351 301
351 345
351 370
351 391
351 467
351 491
352 5
352 186
352 208
352 220
352 267
352 284
352 285
353 5
353 68
353 85
353 131
353 179
353 200
353 388
353 397
353 398
353 436
354 10
354 90
354 107
354 200
354 215
354 235
354 278
354 333
354 452
355 61
355 131
355 171
355 230
355 246
355 249
355 315
355 390
355 402
355 453
355 463
356 4
356 29
356 61
356 66
356 110
356 140
356 158
356 180
356 253
356 273
356 310
356 349
356 374
356 389
356 408
356 411
356 436
357 69
357 75
357 136
357 160
357 174
357 256
357 349
357 371
357 426
357 429
357 435
357 446
357 447
357 479
357 482
358 50
358 102
358 104
358 123
358 141
358 210
358 228
358 265
358 271
358 288
358 402
358 425
359 62
359 72
359 91
359 113
359 181
359 296
359 304
359 308
359 374
359 384
359 416
359 453
359 460
360 28
360 48
360 150
360 194
360 202
360 320
360 349
360 369
360 384
360 406
360 466
361 195
361 235
361 239
361 261
361 313
361 377
361 460
361 485
362 21
362 48
362 154
362 223
362 284
362 411
362 442
363 3
363 10
363 68
363 78
363 125
363 191
363 202
363 259
363 282
363 328
363 335
363 394
363 397
363 399
363 409
363 431
363 478
364 248
364 253
364 256
364 292
364 312
365 98
365 146
365 169
365 191
365 222
365 442
365 465
365 468
365 484
366 44
366 126
366 139
366 156
366 331
366 431
366 486
366 490
367 23
367 88
367 140
367 244
367 255
367 277
367 325
367 327
367 450
367 487
368 3
368 51
368 174
368 225
368 260
368 265
368 309
368 329
368 349
368 467
369 87
369 88
369 157
369 169
369 174
369 178
369 226
369 239
369 243
369 246
369 270
369 272
369 284
369 295
369 360
369 418
369 447
369 471
369 483
370 16
370 69
370 87
370 231
370 240
370 248
370 307
370 351
370 397
370 408
370 459
371 1
371 9
371 18
371 20
371 23
371 160
371 169
371 194
371 198
371 236
371 283
371 295
371 324
371 357
371 381
371 417
371 427
371 433
372 86
372 186
372 212
372 216
372 462
372 477
373 49
373 154
373 156
373 186
373 267
373 347
373 410
373 428
373 459
374 35
374 60
374 62
374 76
374 105
374 127
374 190
374 330
374 335
374 346
374 356
374 359
374 429
374 453
374 498
375 14
375 38
375 75
375 131
375 220
375 221
375 305
375 384
375 424
375 460
375 475
376 33
376 42
376 66
376 113
376 159
376 167
376 174
376 212
376 224
376 238
376 322
376 407
376 432
377 63
377 153
377 164
377 309
377 310
377 326
377 361
377 408
377 475
378 131
378 237
378 311
378 331
378 438
379 40
379 91
379 146
379 152
379 169
379 202
379 261
379 320
379 338
379 348
379 411
379 422
379 464
379 483
379 496
380 206
380 273
380 383
380 434
380 468
381 193
381 217
381 227
381 267
381 273
381 279
381 281
381 298
381 343
381 348
381 371
381 396
381 412
381 448
382 23
382 51
382 53
382 65
382 87
382 99
382 163
382 187
382 204
382 217
382 219
382 230
382 269
382 292
382 321
382 350
382 410
382 422
382 474
382 496
383 88
383 118
383 144
383 182
383 268
383 338
383 340
383 380
383 437
383 450
384 84
384 147
384 165
384 185
384 195
384 241
384 288
384 297
384 322
384 359
384 360
384 375
384 434
384 472
385 13
385 25
385 93
385 101
385 115
385 126
385 156
385 198
385 262
385 267
385 283
385 286
385 297
385 314
385 330
385 407
385 420
385 444
386 6
386 38
386 50
386 67
386 99
386 117
386 131
386 172
386 267
386 279
386 280
386 288
386 322
386 342
386 347
386 400
386 413
386 439
387 41
387 80
387 102
387 131
387 237
387 269
387 274
387 388
387 430
387 437
387 450
387 479
388 8
388 70
388 162
388 187
388 207
388 246
388 339
388 353
388 387
388 442
388 496
389 10
389 31
389 192
389 255
389 262
389 296
389 308
389 356
389 408
389 453
390 91
390 135
390 190
390 200
390 201
390 242
390 243
390 274
390 277
390 283
390 322
390 331
390 355
390 452
390 480
391 35
391 63
391 132
391 135
391 174
391 202
391 212
391 244
391 287
391 305
391 324
391 346
391 351
391 401
391 449
391 480
392 31
392 35
392 112
392 316
392 338
392 476
392 478
393 8
393 20
393 81
393 101
393 119
393 124
393 153
393 154
393 188
393 211
393 260
393 288
393 315
393 322
393 394
393 396
393 460
394 102
394 152
394 178
394 208
394 209
394 276
394 283
394 294
394 321
394 363
394 393
394 398
394 443
395 97
395 139
395 179
395 194
395 218
395 240
395 293
395 322
395 336
395 404
395 453
395 484
396 73
396 88
396 122
396 146
396 278
396 381
396 393
396 456
397 7
397 26
397 60
397 107
397 138
397 144
397 150
397 175
397 277
397 341
397 353
397 363
397 370
397 400
397 413
397 445
397 479
398 63
398 94
398 100
398 121
398 165
398 353
398 394
399 29
399 57
399 142
399 249
399 269
399 363
399 458
399 485
400 1
400 23
400 39
400 57
400 78
400 109
400 137
400 181
400 334
400 342
400 386
400 397
400 420
400 427
401 26
401 64
401 75
401 78
401 86
401 90
401 108
401 110
401 114
401 215
401 225
401 254
401 263
401 268
401 296
401 338
401 339
401 391
401 408
401 435
402 31
402 94
402 157
402 163
402 197
402 325
402 355
402 358
402 451
403 94
403 104
403 170
403 203
403 205
403 227
403 253
403 257
403 283
403 284
403 296
403 314
403 336
403 410
403 420
404 12
404 13
404 137
404 186
404 240
404 298
404 395
404 449
405 50
405 60
405 101
405 112
405 158
405 292
405 445
405 447
405 492
406 33
406 101
406 144
406 182
406 360
406 411
406 440
406 443
406 465
407 112
407 141
407 171
407 188
407 221
407 236
407 259
407 275
407 287
407 292
407 376
407 385
407 451
407 477
407 492
408 40
408 234
408 288
408 350
408 356
408 370
408 377
408 389
408 401
408 413
408 428
408 431
409 60
409 81
409 92
409 121
409 134
409 140
409 156
409 245
409 332
409 363
409 477
410 116
410 125
410 130
410 245
410 289
410 298
410 333
410 373
410 382
410 403
410 433
411 54
411 81
411 85
411 92
411 140
411 148
411 165
411 168
411 211
411 225
411 233
411 258
411 293
411 309
411 315
411 331
411 356
411 362
411 379
411 406
411 413
411 442
411 446
412 8
412 9
412 10
412 59
412 128
412 139
412 284
412 381
412 413
412 426
412 493
413 51
413 114
413 127
413 144
413 191
413 205
413 274
413 291
413 386
413 397
413 408
413 411
413 412
414 18
414 62
414 86
414 140
414 210
414 220
414 261
414 481
415 65
415 83
415 159
415 211
415 238
415 296
415 311
415 317
415 320
415 330
415 469
415 486
415 493
416 98
416 115
416 119
416 184
416 229
416 258
416 268
416 277
416 313
416 359
416 467
416 485
417 15
417 26
417 34
417 37
417 52
417 53
417 63
417 89
417 135
417 215
417 218
417 241
417 287
417 371
417 451
418 47
418 55
418 97
418 144
418 164
418 167
418 174
418 179
418 230
418 244
418 276
418 293
418 304
418 342
418 369
418 427
419 90
419 107
419 169
419 176
419 233
419 256
419 299
419 302
419 434
419 460
419 481
420 24
420 31
420 59
420 88
420 100
420 138
420 168
420 186
420 199
420 215
420 244
420 261
420 266
420 329
420 385
420 400
420 403
420 466
421 44
421 214
421 274
421 288
421 482
422 6
422 38
422 96
422 98
422 171
422 192
422 195
422 221
422 248
422 337
422 342
422 379
422 382
422 441
423 23
423 45
423 88
423 94
423 151
423 204
423 252
423 324
423 448
424 81
424 191
424 239
424 264
424 375
424 445
425 10
425 16
425 32
425 77
425 83
425 142
425 159
425 166
425 178
425 261
425 291
425 306
425 358
426 17
426 27
426 132
426 143
426 212
426 245
426 301
426 349
426 357
426 412
426 483
427 16
427 77
427 119
427 153
427 163
427 216
427 238
427 247
427 252
427 254
427 305
427 315
427 317
427 371
427 400
427 418
427 457
427 471
427 488
428 120
428 125
428 140
428 209
428 294
428 373
428 408
428 429
428 438
428 461
428 489
428 494
429 6
429 25
429 35
429 53
429 54
429 65
429 68
429 192
429 213
429 240
429 278
429 308
429 322
429 357
429 374
429 428
429 433
430 42
430 96
430 159
430 200
430 207
430 224
430 239
430 244
430 346
430 387
430 447
431 37
431 108
431 118
431 189
431 216
431 248
431 325
431 363
431 366
431 408
431 471
431 477
431 480
432 111
432 121
432 194
432 213
432 223
432 337
432 376
433 34
433 36
433 79
433 183
433 191
433 338
433 339
433 371
433 410
433 429
433 468
433 498
434 3
434 90
434 101
434 115
434 129
434 150
434 152
434 171
434 190
434 260
434 328
434 331
434 380
434 384
434 419
434 459
435 1
435 11
435 59
435 171
435 176
435 208
435 235
435 314
435 327
435 336
435 357
435 401
435 464
436 4
436 11
436 60
436 71
436 183
436 208
436 212
436 262
436 293
436 315
436 336
436 353
436 356
436 455
436 469
436 484
437 38
437 154
437 189
437 233
437 238
437 249
437 259
437 287
437 318
437 349
437 383
437 387
437 443
437 496
438 19
438 54
438 134
438 187
438 252
438 327
438 378
438 428
438 487
439 32
439 82
439 113
439 124
439 154
439 156
439 196
439 288
439 322
439 330
439 386
439 483
440 33
440 150
440 211
440 243
440 272
440 282
440 287
440 337
440 406
440 443
440 459
441 8
441 71
441 77
441 172
441 180
441 198
441 221
441 222
441 308
441 321
441 422
441 450
442 80
442 113
442 171
442 230
442 286
442 328
442 362
442 365
442 388
442 411
442 466
443 139
443 178
443 199
443 221
443 235
443 241
443 271
443 286
443 394
443 406
443 437
443 440
443 460
444 0
444 5
444 49
444 67
444 134
444 136
444 195
444 299
444 336
444 385
444 485
445 87
445 152
445 188
445 190
445 192
445 211
445 264
445 340
445 397
445 405
445 424
445 449
446 1
446 30
446 35
446 129
446 189
446 217
446 248
446 320
446 335
446 357
446 411
446 457
446 459
447 83
447 103
447 107
447 119
447 201
447 203
447 209
447 261
447 282
447 298
447 342
447 357
447 369
447 405
447 430
447 478
447 493
448 4
448 25
448 49
448 131
448 240
448 279
448 349
448 381
448 423
448 466
448 489
448 497
449 35
449 43
449 52
449 63
449 69
449 83
449 94
449 101
449 107
449 182
449 209
449 211
449 244
449 275
449 349
449 391
449 404
449 445
449 469
450 83
450 161
450 199
450 256
450 258
450 283
450 323
450 367
450 383
450 387
450 441
450 458
451 16
451 136
451 217
451 271
451 340
451 402
451 407
451 417
452 25
452 65
452 84
452 145
452 154
452 271
452 299
452 338
452 354
452 390
452 467
453 40
453 44
453 157
453 201
453 220
453 262
453 355
453 359
453 374
453 389
453 395
454 18
454 32
454 76
454 181
454 256
454 267
454 275
454 489
455 10
455 85
455 104
455 150
455 335
455 436
455 470
455 487
456 5
456 44
456 51
456 55
456 66
456 145
456 189
456 214
456 238
456 243
456 244
456 260
456 267
456 291
456 396
456 467
457 80
457 125
457 134
457 207
457 300
457 301
457 324
457 427
457 446
458 21
458 153
458 256
458 259
458 289
458 294
458 338
458 399
458 450
458 486
459 15
459 86
459 121
459 147
459 158
459 173
459 190
459 207
459 258
459 322
459 370
459 373
459 434
459 440
459 446
460 18
460 56
460 190
460 268
460 278
460 281
460 359
460 361
460 375
460 393
460 419
460 443
460 489
461 9
461 10
461 85
461 128
461 143
461 149
461 266
461 282
461 291
461 298
461 347
461 428
462 52
462 97
462 194
462 260
462 292
462 372
462 477
462 490
463 89
463 110
463 159
463 185
463 276
463 340
463 355
463 482
464 53
464 57
464 58
464 69
464 72
464 128
464 171
464 224
464 241
464 292
464 379
464 435
465 52
465 63
465 89
465 114
465 150
465 174
465 227
465 233
465 255
465 311
465 344
465 346
465 365
465 406
465 484
466 9
466 153
466 187
466 211
466 232
466 281
466 288
466 305
466 360
466 420
466 442
466 448
466 482
466 497
466 498
467 41
467 68
467 132
467 170
467 185
467 187
467 338
467 342
467 351
467 368
467 416
467 452
467 456
467 493
467 494
468 9
468 75
468 100
468 110
468 140
468 172
468 189
468 202
468 244
468 257
468 308
468 365
468 380
468 433
469 38
469 107
469 215
469 249
469 415
469 436
469 449
470 104
470 173
470 262
470 272
470 284
470 455
470 495
471 30
471 43
471 61
471 82
471 167
471 267
471 340
471 369
471 427
471 431
471 499
472 45
472 147
472 175
472 187
472 307
472 384
473 23
473 44
473 75
473 84
473 85
473 133
473 190
473 261
473 321
473 345
474 39
474 62
474 120
474 166
474 179
474 180
474 201
474 235
474 253
474 258
474 261
474 331
474 336
474 340
474 382
474 487
475 22
475 37
475 41
475 82
475 167
475 222
475 313
475 375
475 377
476 13
476 98
476 110
476 140
476 157
476 234
476 263
476 302
476 304
476 341
476 392
477 131
477 174
477 190
477 219
477 265
477 285
477 330
477 339
477 372
477 407
477 409
477 431
477 462
478 0
478 38
478 48
478 124
478 129
478 139
478 174
478 283
478 363
478 392
478 447
479 23
479 37
479 81
479 134
479 192
479 231
479 247
479 250
479 330
479 357
479 387
479 397
479 483
479 491
479 493
480 22
480 51
480 174
480 182
480 271
480 390
480 391
480 431
480 490
480 498
481 21
481 39
481 50
481 63
481 76
481 80
481 220
481 276
481 306
481 343
481 414
481 419
482 14
482 23
482 74
482 99
482 180
482 288
482 299
482 357
482 421
482 463
482 466
483 11
483 25
483 69
483 72
483 80
483 82
483 113
483 117
483 141
483 143
483 161
483 233
483 296
483 305
483 328
483 369
483 379
483 426
483 439
483 479
484 21
484 54
484 89
484 126
484 137
484 177
484 189
484 196
484 210
484 311
484 337
484 365
484 395
484 436
484 465
485 12
485 35
485 57
485 90
485 105
485 199
485 213
485 293
485 297
485 361
485 399
485 416
485 444
486 51
486 53
486 69
486 273
486 303
486 304
486 366
486 415
486 458
487 78
487 79
487 120
487 125
487 142
487 203
487 267
487 346
487 367
487 438
487 455
487 474
488 13
488 21
488 36
488 39
488 115
488 124
488 179
488 189
488 213
488 227
488 304
488 306
488 316
488 427
488 492
489 4
489 5
489 101
489 107
489 125
489 145
489 158
489 201
489 231
489 238
489 296
489 317
489 320
489 347
489 428
489 448
489 454
489 460
490 152
490 157
490 192
490 251
490 304
490 324
490 333
490 366
490 462
490 480
491 15
491 38
491 89
491 105
491 165
491 194
491 206
491 242
491 268
491 285
491 306
491 351
491 479
492 67
492 84
492 119
492 145
492 152
492 164
492 203
492 213
492 247
492 253
492 260
492 285
492 290
492 310
492 311
492 405
492 407
492 488
493 137
493 160
493 169
493 208
493 215
493 224
493 266
493 326
493 344
493 412
493 415
493 447
493 467
493 479
494 18
494 38
494 67
494 68
494 103
494 141
494 166
494 173
494 176
494 195
494 224
494 232
494 290
494 317
494 428
494 467
495 21
495 39
495 67
495 72
495 145
495 195
495 248
495 254
495 287
495 300
495 301
495 309
495 316
495 470
496 0
496 26
496 108
496 113
496 133
496 228
496 244
496 247
496 299
496 320
496 338
496 379
496 382
496 388
496 437
496 497
497 14
497 17
497 24
497 57
497 59
497 62
497 100
497 141
497 191
497 266
497 275
497 282
497 291
497 350
497 448
497 466
497 496
498 24
498 126
498 156
498 162
498 182
498 211
498 299
498 324
498 374
498 433
498 466
498 480
499 1
499 4
499 25
499 65
499 114
499 125
499 170
499 178
499 188
499 252
499 286
499 289
499 312
499 330
499 471