200 484
0 17
0 27
0 49
0 60
0 63
0 67
0 161
1 21
1 48
1 79
1 111
2 49
2 83
2 101
2 138
3 11
3 73
3 123
4 56
4 59
4 83
4 112
4 147
4 158
5 17
5 46
6 7
6 23
6 41
6 59
6 67
6 76
6 86
6 129
6 133
6 141
7 6
7 130
7 161
7 164
8 16
8 28
8 123
8 149
8 155
8 188
9 108
9 113
9 179
10 68
10 87
10 166
11 3
12 32
12 112
12 124
12 165
12 175
13 39
14 151
14 152
15 59
15 71
15 104
15 163
16 8
16 94
17 0
17 5
17 24
17 60
17 89
17 90
17 129
17 165
17 172
18 138
18 141
18 151
19 36
19 74
19 164
19 186
20 92
21 1
21 30
21 51
21 73
21 90
21 109
21 130
21 171
21 181
22 35
22 55
22 74
22 132
22 144
22 158
23 6
23 43
23 48
23 67
23 96
23 196
24 17
24 147
25 110
25 167
26 35
26 84
26 89
26 91
26 193
27 0
27 97
27 121
27 174
28 8
28 46
28 79
28 123
28 132
28 158
28 181
28 194
29 54
29 60
29 152
29 169
30 21
30 37
30 51
30 191
31 90
31 185
31 186
32 12
32 66
32 85
32 105
32 145
32 190
33 36
33 71
33 85
33 97
33 199
34 66
34 143
35 22
35 26
35 60
35 111
35 149
35 153
36 19
36 33
36 42
36 112
36 151
37 30
37 121
37 140
38 51
38 63
38 86
38 91
38 112
38 160
38 165
38 185
39 13
39 66
39 112
39 121
39 133
39 135
39 199
40 56
40 116
41 6
41 65
41 80
41 155
41 176
42 36
42 88
42 159
43 23
43 53
43 171
44 58
44 90
44 111
44 171
44 192
44 195
45 107
45 122
45 153
46 5
46 28
46 63
46 145
47 48
47 50
47 74
47 147
48 1
48 23
48 47
48 106
48 111
48 149
48 175
49 0
49 2
49 142
50 47
50 81
50 152
50 158
50 169
50 181
51 21
51 30
51 38
51 90
51 97
51 146
51 150
51 194
52 81
52 88
52 92
52 152
52 167
52 191
53 43
53 66
53 109
53 149
53 155
53 189
54 29
54 82
54 107
54 163
55 22
55 85
56 4
56 40
56 181
57 133
58 44
58 142
58 186
59 4
59 6
59 15
59 68
59 170
59 192
60 0
60 17
60 29
60 35
61 78
61 100
61 120
61 162
61 169
62 177
62 179
63 0
63 38
63 46
63 89
63 185
64 73
64 76
64 80
64 87
64 116
64 131
64 148
65 41
65 74
65 93
65 165
65 169
66 32
66 34
66 39
66 53
66 85
66 123
66 144
66 150
67 0
67 6
67 23
67 145
67 150
67 183
68 10
68 59
68 80
68 102
68 143
68 175
69 84
69 87
69 93
69 96
70 77
70 123
70 127
70 138
70 156
70 179
71 15
71 33
71 101
71 107
71 110
71 152
71 166
71 183
71 189
73 3
73 21
73 64
73 76
73 147
73 164
73 171
73 198
74 19
74 22
74 47
74 65
74 145
75 98
75 99
75 135
75 187
75 192
75 199
76 6
76 64
76 73
76 105
76 158
77 70
77 138
77 152
78 61
78 94
78 138
78 157
78 161
78 192
79 1
79 28
79 88
79 89
79 92
79 175
80 41
80 64
80 68
80 111
80 114
80 185
81 50
81 52
82 54
82 105
82 109
82 125
83 2
83 4
83 88
83 94
83 116
83 141
84 26
84 69
84 110
84 135
85 32
85 33
85 55
85 66
85 100
85 151
86 6
86 38
86 148
87 10
87 64
87 69
87 132
87 133
87 192
88 42
88 52
88 79
88 83
88 121
88 128
88 129
88 195
89 17
89 26
89 63
89 79
89 116
89 132
89 137
89 144
89 166
89 174
89 177
89 187
89 196
89 199
90 17
90 21
90 31
90 44
90 51
90 111
91 26
91 38
91 168
92 20
92 52
92 79
92 93
92 100
92 128
92 155
93 65
93 69
93 92
93 125
93 139
93 140
93 153
94 16
94 78
94 83
94 151
94 194
95 197
96 23
96 69
96 105
96 137
96 143
96 178
97 27
97 33
97 51
97 115
97 118
97 137
98 75
98 144
98 152
98 195
98 196
99 75
100 61
100 85
100 92
100 101
100 126
100 171
101 2
101 71
101 100
101 161
101 167
101 172
101 174
101 177
102 68
102 170
103 143
103 173
104 15
104 126
104 129
104 139
104 157
105 32
105 76
105 82
105 96
105 143
105 144
105 166
105 194
106 48
106 114
106 194
107 45
107 54
107 71
107 144
107 181
108 9
109 21
109 53
109 82
109 169
109 183
109 198
110 25
110 71
110 84
110 155
110 160
110 165
110 167
111 1
111 35
111 44
111 48
111 80
111 90
111 158
112 4
112 12
112 36
112 38
112 39
112 113
112 117
112 124
112 138
112 143
112 173
113 9
113 112
113 139
113 143
113 177
114 80
114 106
114 151
114 181
115 97
115 131
116 40
116 64
116 83
116 89
116 181
116 182
116 183
117 112
117 132
117 141
118 97
119 123
119 170
120 61
120 168
120 184
121 27
121 37
121 39
121 88
121 177
121 194
121 195
122 45
122 155
123 3
123 8
123 28
123 66
123 70
123 119
123 135
124 12
124 112
124 196
125 82
125 93
125 153
125 156
126 100
126 104
126 136
126 153
126 154
126 191
127 70
127 136
127 139
127 175
127 195
128 88
128 92
128 133
128 145
128 147
129 6
129 17
129 88
129 104
130 7
130 21
130 177
131 64
131 115
131 194
132 22
132 28
132 87
132 89
132 117
132 148
133 6
133 39
133 57
133 87
133 128
133 175
134 165
134 196
135 39
135 75
135 84
135 123
135 147
135 153
136 126
136 127
136 156
137 89
137 96
137 97
137 167
137 180
137 199
138 2
138 18
138 70
138 77
138 78
138 112
138 140
139 93
139 104
139 113
139 127
140 37
140 93
140 138
140 187
141 6
141 18
141 83
141 117
141 143
141 187
141 191
142 49
142 58
142 163
142 169
143 34
143 68
143 96
143 103
143 105
143 112
143 113
143 141
143 173
144 22
144 66
144 89
144 98
144 105
144 107
144 154
144 195
145 32
145 46
145 67
145 74
145 128
146 51
146 169
146 172
147 4
147 24
147 47
147 73
147 128
147 135
147 173
147 182
148 64
148 86
148 132
148 170
148 181
149 8
149 35
149 48
149 53
149 167
149 182
150 51
150 66
150 67
150 165
150 174
150 187
150 190
151 14
151 18
151 36
151 85
151 94
151 114
151 164
151 196
152 14
152 29
152 50
152 52
152 71
152 77
152 98
152 193
153 35
153 45
153 93
153 125
153 126
153 135
153 174
154 126
154 144
154 175
155 8
155 41
155 53
155 92
155 110
155 122
156 70
156 125
156 136
156 182
156 193
157 78
157 104
158 4
158 22
158 28
158 50
158 76
158 111
159 42
159 160
160 38
160 110
160 159
160 195
161 0
161 7
161 78
161 101
161 164
161 171
161 178
162 61
163 15
163 54
163 142
164 7
164 19
164 73
164 151
164 161
165 12
165 17
165 38
165 65
165 110
165 134
165 150
165 177
165 186
166 10
166 71
166 89
166 105
167 25
167 52
167 101
167 110
167 137
167 149
167 168
168 91
168 120
168 167
168 178
169 29
169 50
169 61
169 65
169 109
169 142
169 146
169 182
169 195
169 196
170 59
170 102
170 119
170 148
171 21
171 43
171 44
171 73
171 100
171 161
171 196
172 17
172 101
172 146
172 198
173 103
173 112
173 143
173 147
174 27
174 89
174 101
174 150
174 153
174 192
175 12
175 48
175 68
175 79
175 127
175 133
175 154
176 41
176 192
177 62
177 89
177 101
177 113
177 121
177 130
177 165
178 96
178 161
178 168
178 185
179 9
179 62
179 70
180 137
181 21
181 28
181 50
181 56
181 107
181 114
181 116
181 148
182 116
182 147
182 149
182 156
182 169
183 67
183 71
183 109
183 116
184 120
185 31
185 38
185 63
185 80
185 178
186 19
186 31
186 58
186 165
186 194
186 199
187 75
187 89
187 140
187 141
187 150
188 8
189 53
189 71
190 32
190 150
191 30
191 52
191 126
191 141
192 44
192 59
192 75
192 78
192 87
192 174
192 176
192 198
193 26
193 152
193 156
194 28
194 51
194 94
194 105
194 106
194 121
194 131
194 186
195 44
195 88
195 98
195 121
195 127
195 144
195 160
195 169
196 23
196 89
196 98
196 124
196 134
196 151
196 169
196 171
197 95
198 73
198 109
198 172
198 192
199 33
199 39
199 75
199 89
199 137
199 186