500 6262
0 36
0 41
0 113
0 118
0 125
0 126
0 133
0 142
0 170
0 173
0 187
0 200
0 226
0 249
0 250
0 256
0 267
0 274
0 283
0 311
0 334
0 361
0 372
0 374
0 375
0 403
0 419
0 430
0 433
0 467
0 491
0 494
1 3
1 5
1 15
1 17
1 45
1 47
1 86
1 89
1 105
1 116
1 156
1 159
1 166
1 167
1 197
1 224
1 226
1 242
1 243
1 256
1 261
1 276
1 326
1 350
1 366
1 380
1 382
1 383
1 405
1 409
1 419
1 435
1 437
1 460
1 462
1 486
1 496
1 498
2 48
2 79
2 80
2 88
2 94
2 97
2 100
2 104
2 123
2 125
2 145
2 148
2 175
2 177
2 198
2 208
2 225
2 229
2 244
2 255
2 257
2 261
2 264
2 271
2 295
2 299
2 305
2 307
2 384
2 399
2 424
2 463
2 474
3 1
3 42
3 50
3 52
3 59
3 108
3 110
3 130
3 162
3 193
3 200
3 210
3 218
3 241
3 249
3 262
3 304
3 323
3 332
3 357
3 376
3 404
3 420
3 431
3 483
3 491
3 493
4 12
4 29
4 76
4 77
4 90
4 93
4 115
4 120
4 167
4 180
4 188
4 198
4 253
4 292
4 322
4 334
4 338
4 341
4 384
4 419
4 428
4 448
4 465
4 490
5 1
5 14
5 38
5 77
5 88
5 93
5 128
5 161
5 190
5 195
5 204
5 209
5 220
5 224
5 233
5 262
5 276
5 287
5 296
5 310
5 315
5 316
5 344
5 364
5 396
5 404
5 409
5 428
5 447
5 459
5 475
5 492
6 12
6 24
6 55
6 196
6 210
6 213
6 215
6 234
6 289
6 339
6 354
6 366
6 399
6 427
6 451
6 452
6 469
6 482
6 491
6 492
7 27
7 60
7 70
7 99
7 101
7 142
7 176
7 192
7 219
7 224
7 227
7 242
7 248
7 268
7 273
7 280
7 320
7 380
7 385
7 401
7 410
7 416
7 421
7 437
7 445
7 453
8 12
8 41
8 49
8 57
8 93
8 141
8 144
8 158
8 178
8 197
8 247
8 251
8 254
8 255
8 264
8 272
8 277
8 311
8 363
8 367
8 383
8 392
8 394
8 398
8 429
9 25
9 28
9 39
9 58
9 72
9 142
9 148
9 152
9 175
9 181
9 209
9 211
9 219
9 305
9 343
9 346
9 358
9 359
9 381
9 395
9 401
9 439
9 443
9 471
9 497
10 26
10 84
10 110
10 145
10 162
10 178
10 188
10 200
10 212
10 235
10 259
10 261
10 262
10 276
10 277
10 283
10 291
10 360
10 364
10 390
10 391
10 394
10 403
10 409
10 416
10 422
10 432
10 446
10 481
11 35
11 45
11 112
11 148
11 185
11 223
11 279
11 298
11 333
11 336
11 347
11 374
11 390
11 399
11 401
11 414
11 415
11 437
11 439
11 444
11 455
11 484
11 488
12 4
12 6
12 8
12 43
12 92
12 101
12 103
12 150
12 160
12 172
12 173
12 176
12 200
12 214
12 284
12 288
12 321
12 324
12 383
12 415
12 422
12 441
12 445
12 465
12 468
12 469
12 472
12 488
13 21
13 62
13 64
13 70
13 76
13 79
13 151
13 199
13 257
13 259
13 271
13 283
13 321
13 324
13 348
13 432
13 448
13 469
13 478
13 484
13 499
14 5
14 20
14 25
14 47
14 54
14 59
14 87
14 103
14 127
14 158
14 167
14 185
14 218
14 223
14 236
14 269
14 276
14 289
14 290
14 294
14 300
14 314
14 324
14 347
14 400
14 404
14 419
14 438
14 448
14 462
14 475
14 485
15 1
15 26
15 78
15 82
15 122
15 123
15 153
15 206
15 234
15 239
15 254
15 255
15 289
15 302
15 313
15 343
15 361
15 369
15 396
15 423
15 437
15 488
16 26
16 65
16 90
16 94
16 100
16 113
16 174
16 202
16 219
16 230
16 261
16 276
16 281
16 282
16 326
16 335
16 346
16 359
16 430
16 480
17 1
17 23
17 40
17 60
17 61
17 110
17 116
17 195
17 213
17 214
17 230
17 286
17 301
17 355
17 408
17 411
17 419
17 427
17 430
17 432
17 457
17 470
17 471
18 20
18 26
18 63
18 79
18 93
18 119
18 128
18 142
18 179
18 202
18 208
18 234
18 383
18 390
18 391
18 410
18 431
18 464
18 491
18 498
19 25
19 38
19 51
19 78
19 85
19 90
19 101
19 103
19 107
19 108
19 123
19 124
19 134
19 151
19 192
19 216
19 246
19 257
19 265
19 286
19 290
19 314
19 347
19 378
19 392
19 425
19 426
19 439
19 440
19 457
19 465
19 470
19 472
19 496
20 14
20 18
20 23
20 33
20 65
20 72
20 78
20 90
20 101
20 122
20 132
20 136
20 147
20 165
20 166
20 180
20 215
20 221
20 260
20 276
20 278
20 302
20 303
20 312
20 348
20 370
20 374
20 378
20 390
20 394
20 418
20 421
20 429
20 432
20 437
20 441
20 450
20 456
20 482
21 13
21 31
21 41
21 63
21 96
21 132
21 152
21 159
21 170
21 180
21 184
21 238
21 242
21 245
21 258
21 306
21 308
21 338
21 350
21 352
21 365
21 376
21 412
21 420
21 427
21 432
21 442
21 463
21 466
21 470
22 33
22 41
22 54
22 84
22 89
22 107
22 173
22 177
22 203
22 267
22 272
22 283
22 395
22 427
22 442
22 461
22 473
23 17
23 20
23 65
23 82
23 83
23 84
23 106
23 141
23 192
23 230
23 250
23 283
23 286
23 291
23 300
23 326
23 332
23 345
23 350
23 374
23 376
23 382
23 398
23 403
23 405
23 423
23 424
23 456
23 475
23 480
23 488
23 495
23 496
24 6
24 90
24 100
24 106
24 117
24 141
24 178
24 186
24 192
24 194
24 202
24 220
24 229
24 233
24 238
24 250
24 307
24 309
24 310
24 316
24 323
24 353
24 360
24 369
24 404
24 422
24 430
24 474
25 9
25 14
25 19
25 30
25 31
25 94
25 158
25 160
25 170
25 220
25 248
25 271
25 310
25 321
25 347
25 355
25 362
25 396
25 414
25 416
25 418
25 448
25 451
25 483
26 10
26 15
26 16
26 18
26 52
26 58
26 128
26 133
26 136
26 139
26 163
26 178
26 182
26 196
26 232
26 266
26 279
26 291
26 311
26 348
26 389
26 407
26 489
26 499
27 7
27 33
27 35
27 37
27 58
27 84
27 99
27 126
27 144
27 145
27 179
27 187
27 206
27 224
27 225
27 235
27 243
27 275
27 280
27 295
27 357
27 359
27 388
27 394
27 437
27 453
27 463
27 465
27 470
27 480
27 491
28 9
28 36
28 58
28 71
28 88
28 92
28 111
28 112
28 123
28 128
28 135
28 143
28 156
28 185
28 191
28 193
28 197
28 212
28 218
28 254
28 299
28 333
28 351
28 354
28 369
28 392
28 400
28 407
28 418
28 428
28 462
29 4
29 70
29 73
29 76
29 83
29 104
29 128
29 133
29 138
29 148
29 150
29 153
29 199
29 209
29 215
29 216
29 227
29 230
29 231
29 239
29 270
29 273
29 322
29 340
29 372
29 381
29 382
29 389
29 398
29 400
29 403
29 434
29 443
29 461
29 468
30 25
30 32
30 45
30 52
30 76
30 80
30 96
30 105
30 123
30 133
30 139
30 143
30 156
30 158
30 202
30 243
30 256
30 267
30 270
30 288
30 294
30 297
30 298
30 315
30 332
30 434
30 474
30 484
31 21
31 25
31 48
31 228
31 249
31 261
31 262
31 271
31 298
31 318
31 322
31 332
31 345
31 375
31 378
31 422
31 426
31 460
31 464
31 481
31 493
32 30
32 54
32 84
32 109
32 177
32 185
32 200
32 202
32 219
32 301
32 313
32 324
32 334
32 349
32 358
32 368
32 387
32 422
32 427
32 443
32 469
32 476
33 20
33 22
33 27
33 37
33 38
33 44
33 64
33 76
33 125
33 128
33 144
33 165
33 195
33 215
33 223
33 274
33 275
33 281
33 339
33 354
33 358
33 372
33 381
33 392
33 439
33 460
33 463
33 464
33 473
33 484
33 498
34 36
34 45
34 63
34 69
34 80
34 94
34 117
34 133
34 149
34 165
34 172
34 188
34 194
34 202
34 234
34 241
34 247
34 281
34 311
34 321
34 348
34 390
34 401
34 403
34 406
34 409
34 412
34 423
34 435
34 474
35 11
35 27
35 113
35 167
35 182
35 215
35 241
35 243
35 261
35 345
35 347
35 388
35 394
35 398
35 439
35 484
36 0
36 28
36 34
36 45
36 68
36 75
36 77
36 115
36 188
36 201
36 210
36 262
36 267
36 286
36 298
36 299
36 305
36 324
36 344
36 354
36 355
36 359
36 370
36 378
36 421
36 460
36 476
36 481
37 27
37 33
37 49
37 73
37 134
37 165
37 166
37 168
37 236
37 242
37 265
37 276
37 286
37 287
37 303
37 321
37 322
37 328
37 338
37 341
37 357
37 383
37 395
37 414
37 417
37 485
38 5
38 19
38 33
38 74
38 119
38 136
38 159
38 191
38 214
38 236
38 261
38 287
38 288
38 290
38 333
38 351
38 360
38 387
38 426
38 429
38 438
38 488
39 9
39 48
39 54
39 100
39 101
39 130
39 131
39 140
39 148
39 201
39 209
39 220
39 225
39 306
39 340
39 348
39 351
39 365
39 397
39 454
39 458
39 460
39 472
40 17
40 61
40 67
40 71
40 113
40 138
40 140
40 156
40 161
40 165
40 175
40 188
40 194
40 223
40 286
40 308
40 314
40 321
40 330
40 342
40 362
40 371
40 378
40 429
40 454
41 0
41 8
41 21
41 22
41 73
41 76
41 80
41 95
41 109
41 128
41 155
41 189
41 194
41 205
41 228
41 247
41 263
41 315
41 321
41 375
41 388
41 412
41 447
41 474
41 490
42 3
42 59
42 70
42 71
42 104
42 107
42 124
42 128
42 161
42 175
42 222
42 239
42 291
42 309
42 324
42 348
42 366
42 387
42 412
43 12
43 52
43 77
43 93
43 106
43 112
43 122
43 134
43 149
43 152
43 191
43 200
43 213
43 218
43 256
43 267
43 288
43 319
43 325
43 326
43 348
43 376
43 383
43 387
43 388
43 399
43 401
43 414
43 455
43 494
44 33
44 46
44 50
44 81
44 90
44 114
44 136
44 150
44 163
44 192
44 254
44 261
44 283
44 360
44 367
44 375
44 408
44 438
44 445
44 452
44 462
44 469
44 499
45 1
45 11
45 30
45 34
45 36
45 54
45 109
45 126
45 134
45 135
45 142
45 147
45 226
45 249
45 258
45 282
45 292
45 318
45 354
45 395
45 396
45 416
45 446
45 490
46 44
46 56
46 74
46 89
46 110
46 136
46 146
46 168
46 194
46 241
46 249
46 323
46 342
46 357
46 371
46 405
46 435
46 438
46 465
46 469
46 478
46 493
46 497
47 1
47 14
47 56
47 102
47 106
47 119
47 129
47 132
47 135
47 158
47 162
47 163
47 178
47 213
47 233
47 246
47 277
47 346
47 349
47 354
47 361
47 366
47 436
47 446
47 447
47 448
48 2
48 31
48 39
48 123
48 141
48 143
48 148
48 178
48 191
48 195
48 196
48 204
48 211
48 239
48 249
48 281
48 300
48 315
48 337
48 367
48 386
48 387
48 391
48 396
48 412
48 420
48 424
48 456
48 491
49 8
49 37
49 96
49 133
49 145
49 159
49 187
49 188
49 224
49 276
49 282
49 289
49 305
49 310
49 311
49 349
49 362
49 384
49 391
49 432
49 448
49 450
49 471
49 480
49 487
50 3
50 44
50 53
50 54
50 68
50 94
50 109
50 114
50 131
50 142
50 163
50 171
50 179
50 207
50 211
50 218
50 231
50 242
50 252
50 260
50 292
50 343
50 364
50 375
50 401
50 424
50 436
50 439
50 441
51 19
51 63
51 99
51 117
51 182
51 309
51 390
51 400
51 436
51 447
51 449
51 455
52 3
52 26
52 30
52 43
52 55
52 58
52 69
52 95
52 102
52 138
52 162
52 165
52 176
52 214
52 216
52 258
52 278
52 281
52 300
52 341
52 373
52 386
52 394
52 401
52 402
52 420
52 421
52 426
52 457
52 488
52 494
53 50
53 78
53 111
53 112
53 145
53 167
53 169
53 177
53 192
53 234
53 273
53 274
53 285
53 337
53 339
53 356
53 382
53 392
53 395
53 442
53 447
53 448
53 479
53 480
53 494
54 14
54 22
54 32
54 39
54 45
54 50
54 77
54 94
54 117
54 126
54 164
54 237
54 243
54 266
54 331
54 378
54 407
54 411
54 422
54 458
54 460
54 462
55 6
55 52
55 67
55 90
55 91
55 110
55 116
55 127
55 135
55 158
55 172
55 209
55 261
55 279
55 310
55 342
55 349
55 424
55 435
55 478
55 498
56 46
56 47
56 96
56 104
56 126
56 171
56 252
56 260
56 269
56 294
56 311
56 350
56 352
56 356
56 361
56 375
56 402
56 453
57 8
57 72
57 81
57 86
57 104
57 121
57 139
57 146
57 148
57 154
57 179
57 195
57 196
57 206
57 255
57 311
57 335
57 350
57 404
57 440
58 9
58 26
58 27
58 28
58 52
58 60
58 101
58 114
58 191
58 206
58 210
58 230
58 245
58 259
58 260
58 276
58 308
58 332
58 345
58 360
58 433
58 441
58 454
58 456
58 471
59 3
59 14
59 42
59 62
59 88
59 114
59 116
59 117
59 120
59 153
59 190
59 237
59 292
59 317
59 321
59 328
59 341
59 381
59 426
59 463
60 7
60 17
60 58
60 127
60 156
60 213
60 229
60 250
60 271
60 283
60 304
60 356
60 364
60 405
60 409
60 429
60 430
60 436
60 462
61 17
61 40
61 92
61 96
61 108
61 155
61 165
61 198
61 247
61 260
61 269
61 299
61 352
61 408
61 410
61 412
61 417
61 430
61 450
61 451
61 460
61 478
61 484
62 13
62 59
62 83
62 110
62 170
62 173
62 189
62 194
62 196
62 212
62 254
62 257
62 258
62 293
62 329
62 404
62 428
62 452
62 466
62 475
62 486
63 18
63 21
63 34
63 51
63 69
63 89
63 99
63 112
63 123
63 147
63 184
63 203
63 280
63 297
63 340
63 344
63 401
63 435
63 441
63 469
63 489
63 498
64 13
64 33
64 72
64 106
64 120
64 136
64 143
64 154
64 167
64 173
64 174
64 190
64 203
64 223
64 229
64 247
64 248
64 265
64 298
64 347
64 350
64 369
64 370
64 454
64 474
64 482
64 488
64 491
64 497
65 16
65 20
65 23
65 97
65 100
65 159
65 174
65 182
65 213
65 228
65 257
65 282
65 300
65 359
65 380
65 382
65 385
65 402
65 423
65 432
65 476
66 79
66 100
66 103
66 124
66 140
66 167
66 182
66 193
66 201
66 234
66 242
66 244
66 253
66 279
66 290
66 340
66 357
66 367
66 409
66 445
66 447
66 467
66 471
66 492
67 40
67 55
67 127
67 144
67 151
67 166
67 208
67 228
67 231
67 253
67 271
67 294
67 300
67 307
67 323
67 328
67 329
67 352
67 388
67 406
67 413
67 421
67 489
68 36
68 50
68 96
68 121
68 143
68 148
68 184
68 190
68 223
68 227
68 230
68 256
68 285
68 314
68 341
68 347
68 353
68 363
68 377
68 388
68 390
68 403
68 407
68 455
68 460
68 472
68 480
68 498
69 34
69 52
69 63
69 87
69 113
69 129
69 153
69 154
69 157
69 189
69 227
69 272
69 285
69 292
69 295
69 306
69 327
69 382
69 385
69 393
69 399
69 401
69 445
69 464
69 465
70 7
70 13
70 29
70 42
70 99
70 121
70 140
70 192
70 203
70 205
70 229
70 242
70 258
70 268
70 289
70 298
70 310
70 311
70 405
70 414
70 423
70 442
70 469
71 28
71 40
71 42
71 78
71 89
71 123
71 135
71 143
71 152
71 183
71 184
71 188
71 222
71 258
71 321
71 328
71 337
71 347
71 348
71 356
71 372
71 378
71 458
71 460
71 477
71 480
72 9
72 20
72 57
72 64
72 78
72 114
72 127
72 141
72 188
72 189
72 206
72 210
72 220
72 243
72 249
72 280
72 282
72 292
72 297
72 335
72 346
72 419
73 29
73 37
73 41
73 92
73 98
73 110
73 159
73 160
73 169
73 184
73 187
73 224
73 227
73 228
73 309
73 335
73 344
73 345
73 377
73 379
73 385
73 401
73 414
73 439
73 445
73 471
73 473
73 483
74 38
74 46
74 97
74 144
74 150
74 161
74 171
74 184
74 202
74 204
74 219
74 225
74 237
74 266
74 267
74 280
74 332
74 358
74 396
74 406
74 408
74 411
74 421
74 455
74 478
74 481
74 487
74 488
75 36
75 81
75 86
75 90
75 96
75 108
75 124
75 175
75 251
75 272
75 282
75 301
75 329
75 336
75 337
75 351
75 354
75 363
75 371
75 376
75 396
75 447
75 495
76 4
76 13
76 29
76 30
76 33
76 41
76 86
76 156
76 163
76 169
76 200
76 239
76 251
76 274
76 311
76 317
76 327
76 333
76 338
76 361
76 363
76 366
76 402
76 407
76 454
76 490
76 491
77 4
77 5
77 36
77 43
77 54
77 83
77 85
77 107
77 113
77 116
77 129
77 139
77 162
77 211
77 213
77 239
77 247
77 257
77 258
77 330
77 340
77 341
77 362
77 364
77 379
77 482
77 488
78 15
78 19
78 20
78 53
78 71
78 72
78 91
78 97
78 124
78 154
78 156
78 172
78 173
78 175
78 186
78 194
78 196
78 227
78 254
78 256
78 277
78 294
78 319
78 327
78 338
78 340
78 364
78 379
78 381
78 403
78 445
78 460
78 470
78 490
79 2
79 13
79 18
79 66
79 99
79 121
79 144
79 149
79 150
79 186
79 195
79 207
79 264
79 292
79 298
79 309
79 312
79 326
79 327
79 333
79 334
79 363
79 366
79 391
79 449
79 491
80 2
80 30
80 34
80 41
80 81
80 90
80 92
80 103
80 128
80 130
80 163
80 190
80 202
80 227
80 247
80 250
80 279
80 291
80 295
80 296
80 319
80 325
80 340
80 342
80 346
80 356
80 382
80 395
80 397
80 403
80 430
80 447
80 491
80 493
80 495
81 44
81 57
81 75
81 80
81 84
81 88
81 96
81 106
81 114
81 151
81 152
81 215
81 223
81 237
81 269
81 274
81 282
81 299
81 302
81 311
81 335
81 348
81 357
81 383
81 466
81 493
82 15
82 23
82 100
82 111
82 161
82 163
82 165
82 175
82 213
82 231
82 257
82 272
82 277
82 285
82 314
82 317
82 318
82 325
82 361
82 444
82 447
82 479
82 485
83 23
83 29
83 62
83 77
83 119
83 272
83 274
83 299
83 306
83 309
83 334
83 361
83 395
83 422
83 444
83 455
83 469
83 494
84 10
84 22
84 23
84 27
84 32
84 81
84 90
84 98
84 103
84 111
84 112
84 122
84 130
84 165
84 182
84 193
84 201
84 216
84 228
84 256
84 259
84 282
84 356
84 381
84 404
84 417
84 419
84 432
84 447
84 450
84 466
84 474
84 490
85 19
85 77
85 90
85 130
85 131
85 134
85 161
85 165
85 172
85 201
85 203
85 205
85 254
85 286
85 317
85 362
85 366
85 387
85 390
85 401
85 423
85 430
85 442
85 458
85 471
85 480
85 485
86 1
86 57
86 75
86 76
86 92
86 100
86 120
86 134
86 151
86 160
86 214
86 242
86 254
86 259
86 261
86 262
86 283
86 389
86 401
86 417
86 453
86 467
86 473
87 14
87 69
87 169
87 199
87 201
87 207
87 230
87 247
87 260
87 289
87 312
87 313
87 386
87 409
87 413
87 414
87 419
87 443
87 461
87 464
87 490
88 2
88 5
88 28
88 59
88 81
88 90
88 96
88 160
88 179
88 195
88 200
88 269
88 308
88 315
88 330
88 350
88 367
88 403
88 407
88 427
88 455
88 486
89 1
89 22
89 46
89 63
89 71
89 114
89 116
89 133
89 186
89 201
89 244
89 277
89 300
89 319
89 323
89 342
89 381
89 390
89 403
89 424
89 433
89 475
89 496
90 4
90 16
90 19
90 20
90 24
90 44
90 55
90 75
90 80
90 84
90 85
90 88
90 96
90 119
90 237
90 241
90 266
90 276
90 279
90 281
90 283
90 302
90 331
90 346
90 358
90 359
90 459
91 55
91 78
91 92
91 106
91 147
91 170
91 194
91 204
91 207
91 219
91 245
91 272
91 311
91 392
91 425
91 431
91 436
91 453
91 479
91 483
92 12
92 28
92 61
92 73
92 80
92 86
92 91
92 115
92 140
92 156
92 166
92 189
92 190
92 223
92 252
92 265
92 313
92 316
92 376
92 456
92 468
92 484
92 494
93 4
93 5
93 8
93 18
93 43
93 110
93 114
93 136
93 137
93 158
93 161
93 169
93 181
93 185
93 213
93 257
93 285
93 293
93 295
93 324
93 332
93 341
93 348
93 366
93 391
93 418
93 447
93 451
93 457
93 470
93 472
93 489
94 2
94 16
94 25
94 34
94 50
94 54
94 95
94 105
94 109
94 111
94 156
94 173
94 180
94 182
94 193
94 245
94 292
94 322
94 328
94 348
94 357
94 366
94 375
94 399
94 401
94 409
94 426
94 476
94 480
94 484
94 489
94 495
95 41
95 52
95 94
95 109
95 134
95 176
95 193
95 195
95 201
95 205
95 290
95 293
95 307
95 335
95 337
95 338
95 346
95 444
96 21
96 30
96 49
96 56
96 61
96 68
96 75
96 81
96 88
96 90
96 137
96 145
96 158
96 163
96 165
96 172
96 191
96 202
96 213
96 247
96 314
96 315
96 324
96 327
96 343
96 352
96 356
96 400
96 404
96 435
96 438
96 446
97 2
97 65
97 74
97 78
97 102
97 109
97 117
97 119
97 129
97 130
97 159
97 191
97 200
97 253
97 259
97 301
97 379
97 383
97 391
97 433
97 437
97 441
97 496
98 73
98 84
98 146
98 229
98 230
98 259
98 266
98 278
98 285
98 313
98 340
98 379
98 380
98 414
98 417
98 430
98 473
98 487
99 7
99 27
99 51
99 63
99 70
99 79
99 104
99 151
99 159
99 182
99 188
99 216
99 217
99 223
99 224
99 257
99 264
99 277
99 300
99 310
99 345
99 373
99 422
99 468
100 2
100 16
100 24
100 39
100 65
100 66
100 82
100 86
100 116
100 136
100 141
100 185
100 197
100 229
100 259
100 291
100 294
100 348
100 363
100 377
100 434
100 435
100 442
100 443
100 446
100 450
100 488
101 7
101 12
101 19
101 20
101 39
101 58
101 142
101 149
101 152
101 202
101 216
101 237
101 240
101 277
101 285
101 336
101 341
101 346
101 350
101 385
101 386
101 413
101 418
101 419
101 430
101 490
102 47
102 52
102 97
102 108
102 138
102 173
102 189
102 209
102 232
102 251
102 261
102 268
102 284
102 297
102 311
102 355
102 364
102 365
102 396
102 399
102 420
102 421
102 473
102 480
102 499
103 12
103 14
103 19
103 66
103 80
103 84
103 121
103 126
103 157
103 161
103 163
103 177
103 200
103 219
103 229
103 289
103 299
103 301
103 314
103 317
103 323
103 331
103 333
103 340
103 359
103 365
103 412
103 418
103 428
103 492
104 2
104 29
104 42
104 56
104 57
104 99
104 105
104 123
104 139
104 159
104 192
104 199
104 241
104 242
104 259
104 344
104 363
104 367
104 389
104 399
104 418
104 424
105 1
105 30
105 94
105 104
105 141
105 155
105 164
105 182
105 290
105 297
105 301
105 309
105 319
105 347
105 354
105 359
105 397
105 405
105 435
105 438
105 451
105 457
105 473
106 23
106 24
106 43
106 47
106 64
106 81
106 91
106 129
106 131
106 132
106 135
106 158
106 165
106 168
106 191
106 201
106 222
106 228
106 233
106 261
106 275
106 279
106 280
106 327
106 368
106 395
106 402
106 437
106 460
106 477
107 19
107 22
107 42
107 77
107 109
107 140
107 143
107 174
107 182
107 202
107 204
107 207
107 242
107 285
107 304
107 314
107 333
107 372
107 401
107 429
107 459
108 3
108 19
108 61
108 75
108 102
108 123
108 155
108 186
108 202
108 203
108 221
108 262
108 272
108 279
108 345
108 349
108 352
108 353
108 371
108 391
108 399
108 445
108 451
108 464
108 471
108 484
109 32
109 41
109 45
109 50
109 94
109 95
109 97
109 107
109 116
109 118
109 153
109 169
109 186
109 208
109 240
109 247
109 252
109 256
109 297
109 304
109 305
109 316
109 351
109 354
109 387
109 389
109 403
109 417
110 3
110 10
110 17
110 46
110 55
110 62
110 73
110 93
110 111
110 124
110 165
110 167
110 208
110 247
110 248
110 292
110 293
110 311
110 324
110 345
110 355
110 356
110 374
110 377
110 404
110 434
110 451
110 460
110 490
111 28
111 53
111 82
111 84
111 94
111 110
111 216
111 218
111 224
111 244
111 274
111 291
111 302
111 305
111 333
111 367
111 386
111 391
111 398
111 439
111 451
111 488
111 495
112 11
112 28
112 43
112 53
112 63
112 84
112 116
112 157
112 200
112 210
112 225
112 250
112 261
112 263
112 299
112 352
112 389
112 401
112 423
112 428
112 432
112 433
112 447
112 450
112 460
112 473
112 496
113 0
113 16
113 35
113 40
113 69
113 77
113 121
113 135
113 139
113 166
113 186
113 193
113 216
113 302
113 310
113 348
113 349
113 352
113 391
113 413
113 416
114 44
114 50
114 58
114 59
114 72
114 81
114 89
114 93
114 161
114 210
114 226
114 268
114 298
114 305
114 313
114 314
114 323
114 385
114 389
114 409
114 420
114 434
114 481
115 4
115 36
115 92
115 120
115 124
115 128
115 142
115 153
115 198
115 200
115 234
115 259
115 291
115 342
115 366
115 389
115 419
115 423
115 437
115 484
116 1
116 17
116 55
116 59
116 77
116 89
116 100
116 109
116 112
116 121
116 125
116 135
116 189
116 208
116 216
116 222
116 279
116 283
116 287
116 304
116 309
116 318
116 334
116 344
116 379
116 401
116 402
116 424
116 428
116 449
116 478
117 24
117 34
117 51
117 54
117 59
117 97
117 123
117 146
117 147
117 187
117 188
117 192
117 282
117 306
117 319
117 359
117 386
117 400
117 409
117 412
117 417
118 0
118 109
118 131
118 146
118 154
118 174
118 185
118 201
118 211
118 243
118 262
118 282
118 294
118 298
118 312
118 337
118 339
118 342
118 367
118 373
118 377
118 416
118 442
118 486
119 18
119 38
119 47
119 83
119 90
119 97
119 129
119 139
119 177
119 188
119 189
119 198
119 202
119 207
119 236
119 262
119 279
119 281
119 284
119 290
119 301
119 311
119 340
119 353
119 395
119 412
119 413
119 439
119 456
119 461
120 4
120 59
120 64
120 86
120 115
120 125
120 131
120 168
120 174
120 180
120 190
120 191
120 224
120 262
120 276
120 338
120 343
120 368
120 373
120 383
120 425
120 442
120 457
120 458
120 474
120 493
120 496
121 57
121 68
121 70
121 79
121 103
121 113
121 116
121 135
121 157
121 163
121 169
121 192
121 226
121 246
121 255
121 286
121 324
121 325
121 352
121 375
121 404
121 437
121 440
121 451
121 453
122 15
122 20
122 43
122 84
122 135
122 160
122 175
122 186
122 265
122 293
122 317
122 335
122 336
122 340
122 343
122 354
122 378
122 392
122 415
122 427
122 499
123 2
123 15
123 19
123 28
123 30
123 48
123 63
123 71
123 104
123 108
123 117
123 152
123 154
123 156
123 163
123 166
123 171
123 188
123 206
123 215
123 239
123 271
123 284
123 338
123 356
123 415
123 436
123 458
123 486
124 19
124 42
124 66
124 75
124 78
124 110
124 115
124 125
124 126
124 164
124 173
124 188
124 220
124 224
124 255
124 272
124 282
124 288
124 309
124 333
124 368
124 397
124 411
124 420
124 442
124 459
125 0
125 2
125 33
125 116
125 120
125 124
125 158
125 189
125 214
125 229
125 234
125 281
125 304
125 310
125 314
125 316
125 362
125 381
125 383
125 439
125 458
125 476
125 478
126 0
126 27
126 45
126 54
126 56
126 103
126 124
126 137
126 147
126 165
126 169
126 177
126 201
126 202
126 220
126 221
126 250
126 266
126 280
126 301
126 308
126 317
126 335
126 338
126 377
126 410
126 434
126 452
126 462
126 463
126 471
126 484
127 14
127 55
127 60
127 67
127 72
127 165
127 184
127 204
127 213
127 218
127 234
127 260
127 360
127 431
127 443
127 451
127 457
127 473
127 485
127 490
128 5
128 18
128 26
128 28
128 29
128 33
128 41
128 42
128 80
128 115
128 134
128 142
128 146
128 154
128 169
128 186
128 213
128 231
128 263
128 280
128 308
128 309
128 317
128 322
128 330
128 344
128 347
128 370
128 392
128 426
128 442
128 444
129 47
129 69
129 77
129 97
129 106
129 119
129 157
129 166
129 176
129 240
129 269
129 332
129 335
129 344
129 413
129 415
129 438
129 460
130 3
130 39
130 80
130 84
130 85
130 97
130 141
130 142
130 151
130 166
130 175
130 191
130 192
130 227
130 268
130 281
130 303
130 328
130 362
130 395
130 412
130 419
130 426
130 429
130 449
130 455
131 39
131 50
131 85
131 106
131 118
131 120
131 145
131 158
131 173
131 212
131 253
131 290
131 303
131 348
131 386
131 397
131 408
131 439
131 445
131 452
131 467
131 499
132 20
132 21
132 47
132 106
132 167
132 172
132 176
132 182
132 184
132 191
132 198
132 212
132 219
132 238
132 291
132 343
132 493
132 499
133 0
133 26
133 29
133 30
133 34
133 49
133 89
133 138
133 155
133 158
133 223
133 234
133 275
133 276
133 289
133 294
133 310
133 322
133 349
133 376
133 406
133 427
133 431
133 441
133 451
133 454
133 470
133 493
133 495
134 19
134 37
134 43
134 45
134 85
134 86
134 95
134 128
134 137
134 154
134 162
134 168
134 178
134 207
134 213
134 237
134 247
134 248
134 294
134 348
134 350
134 351
134 360
134 365
134 380
134 395
134 432
134 455
134 481
135 28
135 45
135 47
135 55
135 71
135 106
135 113
135 116
135 121
135 122
135 154
135 172
135 212
135 222
135 233
135 258
135 296
135 305
135 312
135 346
135 348
135 379
135 415
135 423
135 438
135 450
135 482
135 496
136 20
136 26
136 38
136 44
136 46
136 64
136 93
136 100
136 160
136 185
136 190
136 294
136 322
136 359
136 387
136 392
136 394
136 411
136 491
137 93
137 96
137 126
137 134
137 151
137 163
137 177
137 222
137 229
137 257
137 267
137 373
137 455
137 462
137 475
137 480
137 498
138 29
138 40
138 52
138 102
138 133
138 169
138 219
138 227
138 231
138 250
138 271
138 278
138 282
138 289
138 318
138 322
138 339
138 342
138 401
138 475
138 479
138 490
138 493
138 497
139 26
139 30
139 57
139 77
139 104
139 113
139 119
139 158
139 177
139 206
139 242
139 245
139 265
139 278
139 289
139 325
139 329
139 344
139 381
139 402
139 407
139 408
139 413
139 431
139 437
139 440
139 470
139 491
140 39
140 40
140 66
140 70
140 92
140 107
140 152
140 160
140 251
140 261
140 297
140 328
140 353
140 365
140 398
140 407
140 442
140 486
140 490
140 499
141 8
141 23
141 24
141 48
141 72
141 100
141 105
141 130
141 157
141 211
141 234
141 238
141 260
141 269
141 372
141 411
141 420
141 425
141 469
141 475
142 0
142 7
142 9
142 18
142 45
142 50
142 101
142 115
142 128
142 130
142 147
142 156
142 163
142 189
142 198
142 211
142 222
142 239
142 240
142 272
142 275
142 283
142 285
142 299
142 306
142 312
142 330
142 335
142 349
142 394
142 430
142 449
142 456
142 466
142 495
143 28
143 30
143 48
143 64
143 68
143 71
143 107
143 150
143 175
143 183
143 192
143 193
143 194
143 215
143 227
143 247
143 274
143 352
143 395
143 400
143 421
143 484
144 8
144 27
144 33
144 67
144 74
144 79
144 161
144 220
144 237
144 247
144 311
144 343
144 388
144 425
144 429
144 431
144 450
144 461
144 495
145 2
145 10
145 27
145 49
145 53
145 96
145 131
145 169
145 197
145 253
145 269
145 284
145 289
145 304
145 305
145 320
145 354
145 366
145 377
145 383
145 390
145 417
145 429
145 452
145 463
145 487
146 46
146 57
146 98
146 117
146 118
146 128
146 154
146 196
146 206
146 216
146 224
146 245
146 249
146 286
146 305
146 338
146 393
146 395
146 403
146 458
146 461
146 471
147 20
147 45
147 63
147 91
147 117
147 126
147 142
147 155
147 225
147 227
147 355
147 361
147 381
147 416
147 444
147 450
147 485
147 491
148 2
148 9
148 11
148 29
148 39
148 48
148 57
148 68
148 166
148 185
148 188
148 216
148 222
148 264
148 278
148 282
148 294
148 307
148 334
148 348
148 371
148 378
148 440
148 480
149 34
149 43
149 79
149 101
149 156
149 193
149 194
149 198
149 206
149 233
149 244
149 262
149 276
149 320
149 357
149 385
149 410
149 444
149 458
149 490
149 492
150 12
150 29
150 44
150 74
150 79
150 143
150 198
150 202
150 204
150 215
150 255
150 261
150 270
150 284
150 287
150 293
150 300
150 386
150 405
150 412
150 414
150 435
150 439
150 454
151 13
151 19
151 67
151 81
151 86
151 99
151 130
151 137
151 168
151 225
151 254
151 273
151 275
151 281
151 299
151 350
151 367
151 378
151 389
151 400
151 451
151 463
151 470
151 479
151 496
152 9
152 21
152 43
152 71
152 81
152 101
152 123
152 140
152 158
152 170
152 171
152 175
152 209
152 216
152 221
152 225
152 238
152 239
152 255
152 327
152 334
152 356
152 367
152 374
152 376
152 383
152 396
152 397
152 398
152 418
152 429
152 453
153 15
153 29
153 59
153 69
153 109
153 115
153 184
153 200
153 204
153 205
153 237
153 249
153 267
153 269
153 270
153 279
153 319
153 326
153 338
153 370
153 390
153 403
153 410
153 434
153 442
153 452
153 486
154 57
154 64
154 69
154 78
154 118
154 123
154 128
154 134
154 135
154 146
154 156
154 192
154 222
154 262
154 268
154 269
154 290
154 304
154 317
154 367
154 371
154 379
154 394
154 421
154 444
154 462
154 481
154 484
155 41
155 61
155 105
155 108
155 133
155 147
155 157
155 192
155 195
155 197
155 201
155 204
155 227
155 255
155 262
155 280
155 300
155 306
155 310
155 315
155 316
155 317
155 320
155 326
155 351
155 439
155 442
155 456
155 464
155 465
155 475
156 1
156 28
156 30
156 40
156 60
156 76
156 78
156 92
156 94
156 123
156 142
156 149
156 154
156 170
156 178
156 179
156 180
156 203
156 226
156 240
156 241
156 250
156 254
156 277
156 282
156 297
156 298
156 310
156 316
156 325
156 344
156 348
156 389
156 458
156 460
156 477
156 486
157 69
157 103
157 112
157 121
157 129
157 141
157 155
157 169
157 182
157 227
157 282
157 327
157 346
157 355
157 462
157 473
157 483
158 8
158 14
158 25
158 30
158 47
158 55
158 93
158 96
158 106
158 125
158 131
158 133
158 139
158 152
158 177
158 181
158 201
158 209
158 248
158 271
158 275
158 276
158 308
158 318
158 323
158 331
158 401
158 412
158 434
158 443
158 458
158 483
159 1
159 21
159 38
159 49
159 65
159 73
159 97
159 99
159 104
159 160
159 163
159 166
159 177
159 229
159 243
159 250
159 284
159 313
159 314
159 320
159 325
159 331
159 356
159 360
159 368
159 376
159 379
159 392
159 455
159 457
159 459
159 480
159 498
160 12
160 25
160 73
160 86
160 88
160 122
160 136
160 140
160 159
160 176
160 183
160 188
160 205
160 224
160 228
160 233
160 240
160 263
160 283
160 318
160 340
160 369
160 420
160 431
160 468
160 478
160 492
161 5
161 40
161 42
161 74
161 82
161 85
161 93
161 103
161 114
161 144
161 176
161 178
161 189
161 190
161 197
161 236
161 237
161 256
161 280
161 288
161 291
161 293
161 294
161 309
161 337
161 340
161 341
161 346
161 349
161 360
161 377
161 417
161 422
161 480
161 484
162 3
162 10
162 47
162 52
162 77
162 134
162 173
162 184
162 192
162 201
162 217
162 219
162 221
162 297
162 351
162 355
162 378
162 379
162 380
162 394
162 448
162 454
162 471
162 472
163 26
163 44
163 47
163 50
163 76
163 80
163 82
163 96
163 103
163 121
163 123
163 137
163 142
163 159
163 188
163 196
163 200
163 210
163 217
163 240
163 259
163 269
163 275
163 305
163 332
163 345
163 351
163 386
163 405
163 437
163 439
163 442
163 454
163 455
163 459
164 54
164 105
164 124
164 200
164 206
164 208
164 267
164 278
164 306
164 334
164 354
164 368
164 390
164 396
164 410
164 434
164 438
164 457
164 482
164 493
165 20
165 33
165 34
165 37
165 40
165 52
165 61
165 82
165 84
165 85
165 96
165 106
165 110
165 126
165 127
165 187
165 241
165 279
165 282
165 304
165 326
165 336
165 352
165 367
165 372
165 410
165 459
165 489
166 1
166 20
166 37
166 67
166 92
166 113
166 123
166 129
166 130
166 148
166 159
166 172
166 215
166 250
166 257
166 320
166 353
166 358
166 378
166 403
166 420
166 435
166 439
167 1
167 4
167 14
167 35
167 53
167 64
167 66
167 110
167 132
167 197
167 236
167 269
167 285
167 328
167 392
167 409
167 410
167 421
167 427
167 434
167 436
167 442
167 447
167 468
167 472
167 473
167 481
167 486
167 488
168 37
168 46
168 106
168 120
168 134
168 151
168 184
168 195
168 301
168 310
168 344
168 374
168 381
168 400
168 411
168 414
168 424
168 436
169 53
169 73
169 76
169 87
169 93
169 109
169 121
169 126
169 128
169 138
169 145
169 157
169 173
169 196
169 202
169 204
169 217
169 220
169 267
169 276
169 331
169 342
169 347
169 365
169 387
169 392
169 406
169 447
169 476
170 0
170 21
170 25
170 62
170 91
170 152
170 156
170 187
170 190
170 193
170 237
170 241
170 254
170 305
170 331
170 345
170 351
170 353
170 412
170 442
170 453
170 484
170 487
171 50
171 56
171 74
171 123
171 152
171 177
171 204
171 210
171 219
171 248
171 290
171 300
171 307
171 313
171 326
171 346
171 348
171 374
171 408
171 465
171 466
171 477
171 493
171 499
172 12
172 34
172 55
172 78
172 85
172 96
172 132
172 135
172 166
172 180
172 200
172 225
172 227
172 245
172 256
172 273
172 282
172 294
172 349
172 352
172 356
172 424
172 462
172 467
172 469
172 491
172 498
173 0
173 12
173 22
173 62
173 64
173 78
173 94
173 102
173 124
173 131
173 162
173 169
173 185
173 189
173 192
173 222
173 229
173 328
173 406
173 408
173 475
173 495
174 16
174 64
174 65
174 107
174 118
174 120
174 178
174 204
174 206
174 221
174 224
174 226
174 276
174 310
174 349
174 392
174 414
174 443
174 463
174 477
174 487
175 2
175 9
175 40
175 42
175 75
175 78
175 82
175 122
175 130
175 143
175 152
175 180
175 185
175 189
175 236
175 238
175 243
175 244
175 249
175 294
175 297
175 380
175 389
175 396
175 420
175 432
175 447
175 449
175 451
176 7
176 12
176 52
176 95
176 129
176 132
176 160
176 161
176 179
176 185
176 191
176 193
176 253
176 255
176 281
176 321
176 330
176 353
176 385
176 387
176 404
176 406
176 411
176 441
176 468
177 2
177 22
177 32
177 53
177 103
177 119
177 126
177 137
177 139
177 158
177 159
177 171
177 191
177 207
177 214
177 282
177 285
177 297
177 318
177 335
177 336
177 341
177 401
177 439
177 447
177 468
177 499
178 8
178 10
178 24
178 26
178 47
178 48
178 134
178 156
178 161
178 174
178 179
178 233
178 241
178 277
178 279
178 289
178 303
178 324
178 328
178 329
178 331
178 397
178 398
178 447
179 18
179 27
179 50
179 57
179 88
179 156
179 176
179 178
179 208
179 246
179 251
179 273
179 278
179 285
179 307
179 310
179 366
179 377
179 384
179 396
179 399
179 462
179 470
179 471
180 4
180 20
180 21
180 94
180 120
180 156
180 172
180 175
180 224
180 264
180 274
180 294
180 324
180 353
180 364
180 381
180 384
180 395
180 411
180 494
181 9
181 93
181 158
181 200
181 221
181 256
181 340
181 398
181 403
181 405
181 446
181 455
181 460
181 461
181 464
181 472
182 26
182 35
182 51
182 65
182 66
182 84
182 94
182 99
182 105
182 107
182 132
182 157
182 207
182 212
182 214
182 267
182 305
182 354
182 407
182 480
182 483
183 71
183 143
183 160
183 184
183 212
183 228
183 275
183 278
183 356
183 367
183 396
183 414
183 419
183 422
183 428
183 429
183 434
183 444
183 497
183 498
184 21
184 63
184 68
184 71
184 73
184 74
184 127
184 132
184 153
184 162
184 168
184 183
184 215
184 219
184 228
184 279
184 288
184 307
184 316
184 321
184 323
184 332
184 340
184 380
184 381
184 385
184 388
184 392
184 395
184 406
184 425
184 470
184 486
184 497
185 11
185 14
185 28
185 32
185 93
185 100
185 118
185 136
185 148
185 173
185 175
185 176
185 191
185 231
185 238
185 267
185 280
185 285
185 306
185 313
185 315
185 318
185 341
185 344
185 352
185 379
185 450
185 459
185 463
185 468
186 24
186 78
186 79
186 89
186 108
186 109
186 113
186 122
186 128
186 197
186 219
186 252
186 270
186 311
186 312
186 313
186 346
186 361
186 373
186 386
186 433
186 475
186 498
187 0
187 27
187 49
187 73
187 117
187 165
187 170
187 203
187 222
187 224
187 252
187 263
187 299
187 302
187 347
187 357
187 365
187 373
187 382
187 403
187 444
187 460
187 472
187 473
187 475
187 495
188 4
188 10
188 34
188 36
188 40
188 49
188 71
188 72
188 99
188 117
188 119
188 123
188 124
188 148
188 160
188 163
188 191
188 195
188 236
188 252
188 258
188 265
188 281
188 284
188 294
188 331
188 366
188 374
188 416
188 427
188 446
188 449
188 476
188 494
189 41
189 62
189 69
189 72
189 92
189 102
189 116
189 119
189 125
189 142
189 161
189 173
189 175
189 238
189 250
189 264
189 270
189 279
189 285
189 310
189 332
189 335
189 371
189 388
189 417
189 432
190 5
190 59
190 64
190 68
190 80
190 92
190 120
190 136
190 161
190 170
190 192
190 206
190 212
190 244
190 260
190 266
190 295
190 296
190 345
190 373
190 378
190 380
190 418
190 435
190 439
190 445
190 490
191 28
191 38
191 43
191 48
191 58
191 96
191 97
191 106
191 120
191 130
191 132
191 176
191 177
191 185
191 188
191 223
191 225
191 229
191 284
191 294
191 314
191 319
191 332
191 350
191 361
191 377
191 383
191 385
191 399
191 406
191 411
191 442
192 7
192 19
192 23
192 24
192 44
192 53
192 70
192 104
192 117
192 121
192 130
192 143
192 154
192 155
192 162
192 173
192 190
192 210
192 234
192 237
192 270
192 280
192 303
192 328
192 334
192 341
192 343
192 391
192 394
192 413
192 422
192 440
192 458
192 461
192 471
192 490
192 493
193 3
193 28
193 66
193 84
193 94
193 95
193 113
193 143
193 149
193 170
193 176
193 198
193 245
193 276
193 287
193 308
193 309
193 354
193 356
193 387
193 388
193 406
193 417
194 24
194 34
194 40
194 41
194 46
194 62
194 78
194 91
194 143
194 149
194 206
194 209
194 254
194 316
194 341
194 346
194 351
194 371
194 405
194 419
195 5
195 17
195 33
195 48
195 57
195 79
195 88
195 95
195 155
195 168
195 188
195 215
195 242
195 304
195 319
195 347
195 366
195 431
195 435
195 443
195 451
195 457
195 477
195 489
196 6
196 26
196 48
196 57
196 62
196 78
196 146
196 163
196 169
196 212
196 222
196 266
196 277
196 287
196 307
196 309
196 325
196 382
196 412
196 419
196 443
196 461
196 471
196 478
197 1
197 8
197 28
197 100
197 145
197 155
197 161
197 167
197 186
197 204
197 219
197 257
197 259
197 341
197 345
197 359
197 395
197 397
197 411
197 499
198 2
198 4
198 61
198 115
198 119
198 132
198 142
198 149
198 150
198 193
198 199
198 282
198 334
198 358
198 428
198 435
198 485
199 13
199 29
199 87
199 104
199 198
199 229
199 240
199 254
199 341
199 345
199 356
199 359
199 365
199 370
199 387
199 398
199 425
199 428
199 446
199 447
199 462
199 498
199 499
200 0
200 3
200 10
200 12
200 32
200 43
200 76
200 88
200 97
200 103
200 112
200 115
200 153
200 163
200 164
200 172
200 181
200 265
200 269
200 286
200 290
200 327
200 347
200 357
200 417
200 422
200 427
200 428
200 441
200 483
200 490
201 36
201 39
201 66
201 84
201 85
201 87
201 89
201 95
201 106
201 118
201 126
201 155
201 158
201 162
201 235
201 246
201 261
201 277
201 280
201 288
201 325
201 345
201 360
201 365
201 369
201 370
201 374
201 386
201 414
201 464
201 469
202 16
202 18
202 24
202 30
202 32
202 34
202 74
202 80
202 96
202 101
202 107
202 108
202 119
202 126
202 150
202 169
202 212
202 216
202 242
202 255
202 277
202 313
202 341
202 343
202 350
202 383
202 401
202 410
202 413
202 435
202 449
202 456
203 22
203 63
203 64
203 70
203 85
203 108
203 156
203 187
203 255
203 262
203 277
203 318
203 361
203 409
203 424
203 449
203 485
204 5
204 48
204 74
204 91
204 107
204 127
204 150
204 153
204 155
204 169
204 171
204 174
204 197
204 206
204 210
204 254
204 265
204 304
204 305
204 313
204 353
204 387
204 392
204 404
204 419
204 433
204 435
204 496
205 41
205 70
205 85
205 95
205 153
205 160
205 237
205 250
205 289
205 293
205 312
205 331
205 334
205 352
205 376
205 389
205 401
205 417
205 425
205 434
205 451
205 481
205 490
206 15
206 27
206 57
206 58
206 72
206 123
206 139
206 146
206 149
206 164
206 174
206 190
206 194
206 204
206 228
206 309
206 341
206 348
206 362
206 385
206 390
206 394
206 395
206 414
206 426
206 435
207 50
207 79
207 87
207 91
207 107
207 119
207 134
207 177
207 182
207 231
207 237
207 238
207 244
207 283
207 319
207 336
207 387
207 400
207 427
207 453
207 455
207 478
208 2
208 18
208 67
208 109
208 110
208 116
208 164
208 179
208 221
208 244
208 246
208 281
208 296
208 297
208 302
208 311
208 313
208 333
208 347
208 388
208 430
208 451
208 479
208 484
209 5
209 9
209 29
209 39
209 55
209 102
209 152
209 158
209 194
209 236
209 243
209 244
209 250
209 259
209 264
209 286
209 290
209 308
209 315
209 321
209 331
209 352
209 360
209 368
209 374
209 375
209 399
209 400
209 433
209 439
209 451
209 472
209 486
209 490
209 491
210 3
210 6
210 36
210 58
210 72
210 112
210 114
210 163
210 171
210 192
210 204
210 241
210 257
210 258
210 344
210 360
210 367
210 376
210 380
210 406
210 424
210 426
210 447
210 448
211 9
211 48
211 50
211 77
211 118
211 141
211 142
211 230
211 241
211 243
211 268
211 291
211 308
211 315
211 332
211 348
211 407
211 433
211 490
212 10
212 28
212 62
212 131
212 132
212 135
212 182
212 183
212 190
212 196
212 202
212 218
212 256
212 281
212 375
212 477
212 478
213 6
213 17
213 43
213 47
213 60
213 65
213 77
213 82
213 93
213 96
213 127
213 128
213 134
213 254
213 289
213 299
213 316
213 329
213 335
213 353
213 364
213 468
213 473
213 487
214 12
214 17
214 38
214 52
214 86
214 125
214 177
214 182
214 230
214 257
214 281
214 314
214 336
214 360
214 378
214 416
214 431
214 438
214 497
215 6
215 20
215 29
215 33
215 35
215 81
215 123
215 143
215 150
215 166
215 184
215 195
215 241
215 258
215 292
215 311
215 337
215 341
215 349
215 370
215 382
215 393
215 397
215 465
216 19
216 29
216 52
216 84
216 99
216 101
216 111
216 113
216 116
216 146
216 148
216 152
216 202
216 226
216 261
216 292
216 324
216 379
216 408
216 413
216 477
217 99
217 162
217 163
217 169
217 235
217 266
217 293
217 311
217 344
217 360
217 385
217 423
217 460
217 461
217 476
217 499
218 3
218 14
218 28
218 43
218 50
218 111
218 127
218 212
218 228
218 263
218 266
218 267
218 279
218 286
218 351
218 391
218 411
218 412
218 460
218 472
218 478
218 491
219 7
219 9
219 16
219 32
219 74
219 91
219 103
219 132
219 138
219 162
219 171
219 184
219 186
219 197
219 247
219 309
219 318
219 332
219 338
219 379
219 385
219 399
219 438
219 439
219 443
219 448
219 469
219 472
219 473
219 478
220 5
220 24
220 25
220 39
220 72
220 124
220 126
220 144
220 169
220 230
220 239
220 242
220 245
220 255
220 260
220 314
220 322
220 335
220 337
220 373
220 388
220 409
220 417
220 465
220 482
221 20
221 108
221 126
221 152
221 162
221 174
221 181
221 208
221 256
221 261
221 276
221 308
221 319
221 331
221 367
221 391
221 432
221 462
221 473
221 475
222 42
222 71
222 106
222 116
222 135
222 137
222 142
222 148
222 154
222 173
222 187
222 196
222 224
222 242
222 251
222 256
222 264
222 297
222 301
222 327
222 337
222 341
222 400
222 426
222 428
222 446
223 11
223 14
223 33
223 40
223 64
223 68
223 81
223 92
223 99
223 133
223 191
223 229
223 235
223 240
223 248
223 271
223 283
223 322
223 351
223 357
223 360
223 382
223 396
223 423
223 448
223 486
223 497
224 1
224 5
224 7
224 27
224 49
224 73
224 99
224 111
224 120
224 124
224 146
224 160
224 174
224 180
224 187
224 222
224 275
224 291
224 319
224 325
224 351
224 353
224 373
224 374
224 381
224 384
224 386
224 397
224 398
224 428
224 437
224 449
224 480
224 498
225 2
225 27
225 39
225 74
225 112
225 147
225 151
225 152
225 172
225 191
225 228
225 232
225 233
225 235
225 256
225 257
225 267
225 280
225 333
225 341
225 354
225 360
225 375
225 427
225 430
225 434
225 451
225 452
225 489
226 0
226 1
226 45
226 114
226 121
226 156
226 174
226 216
226 236
226 238
226 251
226 332
226 360
226 372
226 391
226 401
226 402
226 429
226 478
226 482
227 7
227 29
227 68
227 69
227 73
227 78
227 80
227 130
227 138
227 143
227 147
227 155
227 157
227 172
227 240
227 261
227 336
227 348
227 360
227 382
227 404
227 408
227 410
227 416
227 423
227 430
227 436
227 458
227 486
228 31
228 41
228 65
228 67
228 73
228 84
228 106
228 160
228 183
228 184
228 206
228 218
228 225
228 231
228 239
228 241
228 257
228 322
228 395
228 450
228 470
228 490
228 491
228 493
229 2
229 24
229 60
229 64
229 70
229 98
229 100
229 103
229 125
229 137
229 159
229 173
229 191
229 199
229 223
229 268
229 281
229 393
229 430
229 458
229 484
229 496
230 16
230 17
230 23
230 29
230 58
230 68
230 87
230 98
230 211
230 214
230 220
230 246
230 251
230 255
230 269
230 283
230 285
230 287
230 288
230 299
230 330
230 374
230 431
230 441
230 451
230 469
230 472
230 492
231 29
231 50
231 67
231 82
231 128
231 138
231 185
231 207
231 228
231 273
231 332
231 339
231 347
231 372
231 410
231 418
231 427
231 439
231 449
231 467
231 483
232 26
232 102
232 225
232 243
232 287
232 296
232 303
232 306
232 311
232 348
232 355
232 367
232 371
232 388
232 488
233 5
233 24
233 47
233 106
233 135
233 149
233 160
233 178
233 225
233 268
233 271
233 381
233 401
233 412
233 418
233 428
233 432
233 445
233 465
233 478
234 6
234 15
234 18
234 34
234 53
234 66
234 115
234 125
234 127
234 133
234 141
234 192
234 249
234 254
234 266
234 315
234 351
234 357
234 381
234 407
234 415
234 428
234 476
234 481
234 484
234 485
234 493
235 10
235 27
235 201
235 217
235 223
235 225
235 273
235 286
235 288
235 329
235 342
235 366
235 412
235 433
235 448
235 453
235 462
235 464
235 470
235 481
235 489
236 14
236 37
236 38
236 119
236 161
236 167
236 175
236 188
236 209
236 226
236 239
236 257
236 271
236 308
236 324
236 344
236 404
236 457
236 464
237 54
237 59
237 74
237 81
237 90
237 101
237 134
237 144
237 153
237 161
237 170
237 192
237 205
237 207
237 244
237 257
237 262
237 286
237 322
237 340
237 371
237 402
237 406
237 424
237 440
237 467
237 472
237 474
238 21
238 24
238 132
238 141
238 152
238 175
238 185
238 189
238 207
238 226
238 266
238 279
238 316
238 334
238 338
238 430
238 446
238 448
238 453
238 471
238 489
238 492
238 493
239 15
239 29
239 42
239 48
239 76
239 77
239 123
239 142
239 152
239 220
239 228
239 236
239 245
239 255
239 257
239 307
239 317
239 396
239 417
239 433
239 444
239 470
239 472
240 101
240 109
240 129
240 142
240 156
240 160
240 163
240 199
240 223
240 227
240 268
240 275
240 311
240 312
240 321
240 326
240 331
240 337
240 370
240 394
240 428
240 430
240 437
240 445
240 467
240 481
240 495
240 499
241 3
241 34
241 35
241 46
241 90
241 104
241 156
241 165
241 170
241 178
241 210
241 211
241 215
241 228
241 257
241 300
241 319
241 324
241 359
241 383
241 405
241 431
241 434
241 442
241 495
242 1
242 7
242 21
242 37
242 50
242 66
242 70
242 86
242 104
242 107
242 139
242 195
242 202
242 220
242 222
242 248
242 305
242 307
242 310
242 321
242 346
242 355
242 358
242 381
242 386
242 401
242 429
242 431
242 459
242 472
243 1
243 27
243 30
243 35
243 54
243 72
243 118
243 159
243 175
243 209
243 211
243 232
243 246
243 269
243 274
243 288
243 295
243 319
243 333
243 348
243 413
243 415
243 424
243 447
243 448
243 474
243 481
243 496
244 2
244 66
244 89
244 111
244 149
244 175
244 190
244 207
244 208
244 209
244 237
244 251
244 268
244 279
244 338
244 366
244 396
244 397
244 406
244 411
244 444
244 458
244 461
244 483
244 497
244 499
245 21
245 58
245 91
245 94
245 139
245 146
245 172
245 193
245 220
245 239
245 270
245 276
245 313
245 321
245 325
245 356
245 383
245 392
245 410
245 416
245 431
245 441
245 457
245 475
245 478
245 484
246 19
246 47
246 121
246 179
246 201
246 208
246 230
246 243
246 254
246 271
246 273
246 275
246 300
246 314
246 325
246 336
246 351
246 384
246 385
246 403
246 445
246 446
246 461
246 468
247 8
247 34
247 41
247 61
247 64
247 77
247 80
247 87
247 96
247 109
247 110
247 134
247 143
247 144
247 219
247 249
247 255
247 279
247 284
247 307
247 328
247 345
247 353
247 400
247 404
247 419
247 453
247 462
247 469
247 485
247 492
248 7
248 25
248 64
248 110
248 134
248 158
248 171
248 223
248 242
248 256
248 274
248 277
248 291
248 333
248 382
248 441
248 486
249 0
249 3
249 31
249 45
249 46
249 48
249 72
249 146
249 153
249 175
249 234
249 247
249 255
249 257
249 314
249 351
249 407
249 445
249 458
249 466
249 481
249 488
250 0
250 23
250 24
250 60
250 80
250 112
250 126
250 138
250 156
250 159
250 166
250 189
250 205
250 209
250 270
250 277
250 296
250 297
250 309
250 350
250 374
250 386
250 444
250 464
250 472
251 8
251 75
251 76
251 102
251 140
251 179
251 222
251 226
251 230
251 244
251 303
251 306
251 317
251 318
251 328
251 345
251 368
251 402
251 413
251 419
251 453
251 455
251 497
251 499
252 50
252 56
252 92
252 109
252 186
252 187
252 188
252 260
252 282
252 295
252 324
252 342
252 368
252 370
252 394
252 428
252 446
252 460
252 481
253 4
253 66
253 67
253 97
253 131
253 145
253 176
253 326
253 329
253 339
253 346
253 417
253 439
253 464
254 8
254 15
254 28
254 44
254 62
254 78
254 85
254 86
254 151
254 156
254 170
254 194
254 199
254 204
254 213
254 234
254 246
254 264
254 290
254 327
254 352
254 369
254 400
254 445
254 461
254 475
255 2
255 8
255 15
255 57
255 121
255 124
255 150
255 152
255 155
255 176
255 202
255 203
255 220
255 230
255 239
255 247
255 249
255 277
255 290
255 365
255 370
255 382
255 393
255 402
255 418
255 435
255 495
256 0
256 1
256 30
256 43
256 68
256 78
256 84
256 109
256 161
256 172
256 181
256 212
256 221
256 222
256 225
256 248
256 279
256 280
256 294
256 315
256 359
256 386
256 410
256 427
256 462
256 464
256 473
256 479
257 2
257 13
257 19
257 62
257 65
257 77
257 82
257 93
257 99
257 137
257 166
257 197
257 210
257 214
257 225
257 228
257 236
257 237
257 239
257 241
257 249
257 272
257 294
257 324
257 332
257 334
257 335
257 352
257 368
257 389
257 469
257 499
258 21
258 45
258 52
258 62
258 70
258 71
258 77
258 135
258 188
258 210
258 215
258 266
258 268
258 282
258 289
258 290
258 296
258 318
258 355
258 379
258 409
258 412
258 465
259 10
259 13
259 58
259 84
259 86
259 97
259 98
259 100
259 104
259 115
259 163
259 197
259 209
259 268
259 359
259 362
259 381
259 382
259 391
259 401
260 20
260 50
260 56
260 58
260 61
260 87
260 127
260 141
260 190
260 220
260 252
260 304
260 306
260 314
260 362
260 413
260 418
260 437
260 457
260 468
260 476
261 1
261 2
261 10
261 16
261 31
261 35
261 38
261 44
261 55
261 86
261 102
261 106
261 112
261 140
261 150
261 201
261 216
261 221
261 227
261 266
261 289
261 325
261 329
261 365
261 368
261 369
261 385
261 398
261 404
261 413
261 427
261 435
261 439
261 448
261 475
261 479
261 489
261 498
262 3
262 5
262 10
262 31
262 36
262 86
262 108
262 118
262 119
262 120
262 149
262 154
262 155
262 203
262 237
262 270
262 272
262 282
262 288
262 290
262 301
262 336
262 343
262 357
262 434
262 444
262 470
263 41
263 112
263 128
263 160
263 187
263 218
263 268
263 279
263 320
263 334
263 336
263 339
263 347
263 354
263 356
263 360
263 369
263 370
263 383
263 450
263 452
263 473
263 496
264 2
264 8
264 79
264 99
264 148
264 180
264 189
264 209
264 222
264 254
264 271
264 317
264 345
264 351
264 445
264 475
264 490
264 493
265 19
265 37
265 64
265 92
265 122
265 139
265 188
265 200
265 204
265 307
265 311
265 328
265 391
265 415
265 416
265 425
265 448
265 450
265 462
266 26
266 54
266 74
266 90
266 98
266 126
266 190
266 196
266 217
266 218
266 234
266 238
266 258
266 261
266 300
266 301
266 302
266 316
266 347
266 353
266 418
266 427
266 455
267 0
267 22
267 30
267 36
267 43
267 74
267 137
267 153
267 164
267 169
267 182
267 185
267 218
267 225
267 306
267 350
267 355
267 382
267 400
267 407
267 409
267 425
268 7
268 70
268 102
268 114
268 130
268 154
268 211
268 229
268 233
268 240
268 244
268 258
268 259
268 263
268 270
268 287
268 293
268 298
268 350
268 360
268 369
268 381
268 389
268 424
268 446
268 452
268 478
268 481
269 14
269 56
269 61
269 81
269 88
269 129
269 141
269 145
269 153
269 154
269 163
269 167
269 200
269 230
269 243
269 281
269 311
269 338
269 343
269 376
269 381
269 385
269 393
269 396
269 413
269 467
269 492
269 495
270 29
270 30
270 150
270 153
270 186
270 189
270 192
270 245
270 250
270 262
270 268
270 295
270 297
270 311
270 322
270 325
270 340
270 353
270 379
270 432
270 495
271 2
271 13
271 25
271 31
271 60
271 67
271 123
271 138
271 158
271 223
271 233
271 236
271 246
271 264
271 309
271 310
271 390
271 399
271 402
271 406
271 432
271 451
271 460
271 465
271 474
272 8
272 22
272 69
272 75
272 82
272 83
272 91
272 108
272 124
272 142
272 257
272 262
272 275
272 301
272 302
272 312
272 315
272 317
272 343
272 355
272 419
272 425
272 439
272 442
272 465
273 7
273 29
273 53
273 151
273 172
273 179
273 231
273 235
273 246
273 284
273 289
273 332
273 344
273 392
273 444
273 476
274 0
274 33
274 53
274 76
274 81
274 83
274 111
274 143
274 180
274 243
274 248
274 311
274 315
274 345
274 392
274 405
274 488
274 496
275 27
275 33
275 106
275 133
275 142
275 151
275 158
275 163
275 183
275 224
275 240
275 246
275 272
275 324
275 358
275 361
275 402
275 416
275 431
275 451
275 457
275 472
276 1
276 5
276 10
276 14
276 16
276 20
276 37
276 49
276 58
276 90
276 120
276 133
276 149
276 158
276 169
276 174
276 193
276 221
276 245
276 278
276 286
276 306
276 314
276 317
276 323
276 337
276 357
276 374
276 396
276 403
276 416
276 427
276 458
276 470
276 472
276 482
276 489
277 8
277 10
277 47
277 78
277 82
277 89
277 99
277 101
277 156
277 178
277 196
277 201
277 202
277 203
277 248
277 250
277 255
277 310
277 391
277 439
277 474
277 478
277 483
278 20
278 52
278 98
278 138
278 139
278 148
278 164
278 179
278 183
278 276
278 317
278 320
278 335
278 409
278 421
278 424
278 433
278 448
278 467
278 479
278 488
278 496
279 11
279 26
279 55
279 66
279 80
279 90
279 106
279 108
279 116
279 119
279 153
279 165
279 178
279 184
279 189
279 218
279 238
279 244
279 247
279 256
279 263
279 281
279 284
279 343
279 373
279 378
279 383
279 390
279 419
279 491
280 7
280 27
280 63
280 72
280 74
280 106
280 126
280 128
280 155
280 161
280 185
280 192
280 201
280 225
280 256
280 293
280 315
280 397
280 444
280 454
280 455
280 464
280 476
280 479
280 488
280 490
281 16
281 33
281 34
281 48
281 52
281 90
281 119
281 125
281 130
281 151
281 176
281 188
281 208
281 212
281 214
281 229
281 269
281 279
281 313
281 394
281 402
281 411
281 437
281 481
281 484
282 16
282 45
282 49
282 65
282 72
282 75
282 81
282 84
282 117
282 118
282 124
282 138
282 148
282 156
282 157
282 165
282 172
282 177
282 198
282 252
282 258
282 262
282 321
282 328
282 330
282 347
282 353
282 396
282 422
282 480
282 485
282 486
282 488
283 0
283 10
283 13
283 22
283 23
283 44
283 60
283 86
283 90
283 116
283 142
283 160
283 207
283 223
283 230
283 298
283 304
283 305
283 367
283 370
283 376
283 404
283 412
283 416
283 424
283 435
283 443
283 445
283 449
284 12
284 102
284 119
284 123
284 145
284 150
284 159
284 188
284 191
284 247
284 273
284 279
284 290
284 316
284 335
284 339
284 347
284 398
284 404
284 415
284 418
284 432
284 442
284 443
284 454
284 480
284 482
285 53
285 68
285 69
285 82
285 93
285 98
285 101
285 107
285 142
285 167
285 177
285 179
285 185
285 189
285 230
285 288
285 342
285 371
285 374
285 407
285 440
285 444
285 479
286 17
286 19
286 23
286 36
286 37
286 40
286 85
286 121
286 146
286 200
286 209
286 218
286 235
286 237
286 276
286 294
286 305
286 318
286 397
286 400
286 401
286 431
286 461
286 499
287 5
287 37
287 38
287 116
287 150
287 193
287 196
287 230
287 232
287 268
287 288
287 307
287 333
287 353
287 370
287 380
287 410
287 440
287 443
288 12
288 30
288 38
288 43
288 124
288 161
288 184
288 201
288 230
288 235
288 243
288 262
288 285
288 287
288 322
288 358
288 372
288 381
288 385
288 410
288 452
289 6
289 14
289 15
289 49
289 70
289 87
289 103
289 133
289 138
289 139
289 145
289 178
289 205
289 213
289 258
289 261
289 273
289 300
289 326
289 363
289 367
289 392
289 409
289 441
289 442
289 453
289 463
289 466
289 484
289 499
290 14
290 19
290 38
290 66
290 95
290 105
290 119
290 131
290 154
290 171
290 200
290 209
290 254
290 255
290 258
290 262
290 284
290 403
290 418
290 425
290 456
291 10
291 23
291 26
291 42
291 80
291 100
291 111
291 115
291 132
291 161
291 211
291 224
291 248
291 295
291 299
291 304
291 351
291 352
291 365
291 376
291 423
291 433
291 436
291 464
291 495
292 4
292 45
292 50
292 59
292 69
292 72
292 79
292 94
292 110
292 215
292 216
292 301
292 312
292 320
292 324
292 342
292 349
292 356
292 445
292 451
292 476
293 62
293 93
293 95
293 110
293 122
293 150
293 161
293 205
293 217
293 268
293 280
293 296
293 304
293 313
293 315
293 316
293 351
293 361
293 368
293 447
293 464
293 467
293 468
294 14
294 30
294 56
294 67
294 78
294 100
294 118
294 133
294 134
294 136
294 148
294 161
294 172
294 175
294 180
294 188
294 191
294 256
294 257
294 286
294 322
294 327
294 348
294 365
294 371
294 390
294 411
294 430
294 437
294 450
294 499
295 2
295 27
295 69
295 80
295 93
295 190
295 243
295 252
295 270
295 291
295 337
295 350
295 355
295 356
295 357
295 360
295 387
295 396
295 400
295 408
295 437
295 480
295 484
295 496
295 497
296 5
296 80
296 135
296 190
296 208
296 232
296 250
296 258
296 293
296 301
296 317
296 343
296 379
296 412
296 444
296 458
296 487
296 497
296 499
297 30
297 63
297 72
297 102
297 105
297 109
297 140
297 156
297 162
297 175
297 177
297 208
297 222
297 250
297 270
297 361
297 371
297 408
297 439
297 457
297 475
298 11
298 30
298 31
298 36
298 64
298 70
298 79
298 114
298 118
298 156
298 268
298 283
298 305
298 316
298 327
298 328
298 357
298 385
298 393
298 406
298 423
298 442
298 451
299 2
299 28
299 36
299 61
299 81
299 83
299 103
299 112
299 142
299 151
299 187
299 213
299 230
299 291
299 302
299 352
299 355
299 360
299 363
299 396
299 402
299 430
299 441
299 443
299 473
299 492
300 14
300 23
300 48
300 52
300 65
300 67
300 89
300 99
300 150
300 155
300 171
300 241
300 246
300 266
300 289
300 336
300 359
300 367
300 399
300 426
300 473
300 492
301 17
301 32
301 75
301 97
301 103
301 105
301 119
301 126
301 168
301 222
301 262
301 266
301 272
301 292
301 296
301 363
301 400
301 428
301 430
301 454
301 483
301 489
301 497
302 15
302 20
302 81
302 90
302 111
302 113
302 187
302 208
302 266
302 272
302 299
302 363
302 390
302 434
302 455
302 457
302 478
303 20
303 37
303 130
303 131
303 178
303 192
303 232
303 251
303 321
303 330
303 340
303 343
303 362
303 368
303 387
303 416
303 458
303 469
303 471
303 485
303 491
304 3
304 60
304 107
304 109
304 116
304 125
304 145
304 154
304 165
304 195
304 204
304 260
304 283
304 291
304 293
304 307
304 323
304 328
304 336
304 351
304 391
304 404
304 412
304 425
304 429
304 430
304 477
304 485
304 486
305 2
305 9
305 36
305 49
305 109
305 111
305 114
305 135
305 145
305 146
305 163
305 170
305 182
305 204
305 242
305 283
305 286
305 298
305 311
305 324
305 375
305 384
305 396
305 449
305 450
305 487
305 498
306 21
306 39
306 69
306 83
306 117
306 142
306 155
306 164
306 185
306 232
306 251
306 260
306 267
306 276
306 312
306 321
306 331
306 361
306 376
306 414
306 418
306 420
306 439
306 453
306 497
307 2
307 24
307 67
307 95
307 148
307 171
307 179
307 184
307 196
307 239
307 242
307 247
307 265
307 287
307 304
307 349
307 439
308 21
308 40
308 58
308 88
308 126
308 128
308 158
308 193
308 209
308 211
308 221
308 236
308 313
308 326
308 338
308 349
308 364
308 371
308 387
308 396
308 403
308 415
308 448
308 466
309 24
309 42
309 51
309 73
309 79
309 83
309 105
309 116
309 124
309 128
309 161
309 193
309 196
309 206
309 219
309 250
309 271
309 332
309 340
309 358
309 413
309 419
309 425
309 426
309 429
309 440
309 446
309 447
309 452
309 496
310 5
310 24
310 25
310 49
310 55
310 70
310 99
310 113
310 125
310 133
310 155
310 156
310 168
310 174
310 179
310 189
310 242
310 271
310 277
310 314
310 315
310 328
310 359
310 380
310 381
310 402
310 407
310 461
310 463
310 480
311 0
311 8
311 26
311 34
311 49
311 56
311 57
311 70
311 76
311 81
311 91
311 102
311 110
311 119
311 144
311 186
311 208
311 215
311 217
311 232
311 240
311 265
311 269
311 270
311 274
311 305
311 321
311 346
311 405
311 408
311 419
311 422
311 432
311 466
311 475
311 497
312 20
312 79
312 87
312 118
312 135
312 142
312 186
312 205
312 240
312 272
312 292
312 306
312 328
312 332
312 338
312 368
312 457
312 470
312 491
313 15
313 32
313 87
313 92
313 98
313 114
313 159
313 171
313 185
313 186
313 202
313 204
313 208
313 245
313 281
313 293
313 308
313 316
313 341
313 372
313 416
313 425
313 434
313 465
313 470
313 490
313 491
313 496
314 14
314 19
314 40
314 68
314 82
314 96
314 103
314 107
314 114
314 125
314 159
314 191
314 214
314 220
314 246
314 249
314 260
314 276
314 310
314 330
314 335
314 336
314 367
314 373
314 381
314 389
314 408
314 438
314 444
314 471
314 479
315 5
315 30
315 41
315 48
315 88
315 96
315 155
315 185
315 209
315 211
315 234
315 256
315 272
315 274
315 280
315 293
315 310
315 326
315 343
315 406
315 410
315 432
315 460
315 477
315 483
315 484
315 492
315 497
316 5
316 24
316 92
316 109
316 125
316 155
316 156
316 184
316 194
316 213
316 238
316 266
316 284
316 293
316 298
316 313
316 320
316 325
316 353
316 358
316 372
316 382
316 387
316 392
317 59
317 76
317 82
317 85
317 103
317 122
317 126
317 128
317 154
317 155
317 239
317 251
317 264
317 272
317 276
317 278
317 296
317 324
317 343
317 407
317 416
317 442
317 452
317 473
317 489
317 494
318 31
318 45
318 82
318 116
318 138
318 158
318 160
318 177
318 185
318 203
318 219
318 251
318 258
318 286
318 334
318 343
318 369
318 393
318 421
318 436
318 449
318 454
318 468
319 43
319 78
319 80
319 89
319 105
319 117
319 153
319 191
319 195
319 207
319 221
319 224
319 241
319 243
319 335
319 336
319 356
319 360
319 370
319 373
319 403
319 404
319 409
319 410
319 425
319 429
319 440
319 467
319 496
320 7
320 145
320 149
320 155
320 159
320 166
320 263
320 278
320 292
320 316
320 348
320 357
320 358
320 361
320 366
320 389
320 390
320 413
320 444
320 445
321 12
321 13
321 25
321 34
321 37
321 40
321 41
321 59
321 71
321 176
321 184
321 209
321 240
321 242
321 245
321 282
321 303
321 306
321 311
321 334
321 367
321 380
321 385
321 435
321 453
321 461
321 469
321 486
321 497
322 4
322 29
322 31
322 37
322 94
322 128
322 133
322 136
322 138
322 220
322 223
322 228
322 237
322 270
322 288
322 294
322 344
322 348
322 354
322 374
322 381
322 386
322 395
322 402
323 3
323 24
323 46
323 67
323 89
323 103
323 114
323 158
323 184
323 276
323 304
323 333
323 337
323 404
323 445
323 469
323 494
324 12
324 13
324 14
324 32
324 36
324 42
324 93
324 96
324 110
324 121
324 178
324 180
324 216
324 236
324 241
324 252
324 257
324 275
324 292
324 305
324 317
324 338
324 345
324 352
324 363
324 366
324 378
324 382
324 388
324 412
324 419
324 423
324 439
324 451
324 464
325 43
325 80
325 82
325 121
325 139
325 156
325 159
325 196
325 201
325 224
325 245
325 246
325 261
325 270
325 316
325 336
325 338
325 374
325 377
325 401
325 427
325 430
325 460
325 475
325 491
326 1
326 16
326 23
326 43
326 79
326 153
326 155
326 165
326 171
326 240
326 253
326 289
326 308
326 315
326 349
326 365
326 366
326 379
326 405
326 410
326 430
326 443
327 69
327 76
327 78
327 79
327 96
327 106
327 152
327 157
327 200
327 222
327 254
327 294
327 298
327 343
327 360
327 374
327 403
327 449
327 484
327 499
328 37
328 59
328 67
328 71
328 94
328 130
328 140
328 167
328 173
328 178
328 192
328 247
328 251
328 265
328 282
328 298
328 304
328 310
328 312
328 338
328 364
328 370
328 414
328 421
328 432
328 467
329 62
329 67
329 75
329 139
329 178
329 213
329 235
329 253
329 261
329 332
329 410
329 412
329 424
329 425
329 437
329 448
329 475
329 480
329 486
329 494
330 40
330 77
330 88
330 128
330 142
330 176
330 230
330 282
330 303
330 314
330 353
330 370
330 415
330 417
330 432
330 466
330 477
330 493
330 499
331 54
331 90
331 103
331 158
331 159
331 169
331 170
331 178
331 188
331 205
331 209
331 221
331 240
331 306
331 382
331 383
331 385
331 392
331 401
331 404
331 409
331 412
331 424
331 440
331 464
331 471
331 476
331 489
332 3
332 23
332 30
332 31
332 58
332 74
332 93
332 129
332 163
332 184
332 189
332 191
332 211
332 219
332 226
332 231
332 257
332 273
332 309
332 312
332 329
332 367
332 412
332 419
332 424
332 446
332 456
332 468
332 493
333 11
333 28
333 38
333 76
333 79
333 103
333 107
333 111
333 124
333 208
333 225
333 243
333 248
333 287
333 323
333 341
333 363
333 376
333 381
333 396
333 480
333 482
334 0
334 4
334 32
334 79
334 83
334 116
334 148
334 152
334 164
334 192
334 198
334 205
334 238
334 257
334 263
334 318
334 321
334 346
334 350
334 386
334 401
334 419
334 432
334 453
334 487
334 488
335 16
335 57
335 72
335 73
335 81
335 95
335 122
335 126
335 129
335 142
335 177
335 189
335 213
335 220
335 257
335 278
335 284
335 314
335 319
335 349
335 383
335 458
335 474
335 482
336 11
336 75
336 101
336 122
336 165
336 177
336 207
336 214
336 227
336 246
336 262
336 263
336 300
336 304
336 314
336 319
336 325
336 348
336 372
336 380
336 383
336 416
336 420
336 426
336 466
336 478
336 489
337 48
337 53
337 71
337 75
337 95
337 118
337 161
337 215
337 220
337 222
337 240
337 276
337 295
337 323
337 351
337 369
337 394
337 423
337 430
337 431
337 436
337 485
338 4
338 21
338 37
338 76
338 78
338 95
338 120
338 123
338 126
338 146
338 153
338 219
338 238
338 244
338 269
338 308
338 312
338 324
338 325
338 328
338 392
338 432
338 460
338 473
338 492
338 499
339 6
339 33
339 53
339 118
339 138
339 231
339 253
339 263
339 284
339 346
339 395
339 431
339 466
339 486
340 29
340 39
340 63
340 66
340 77
340 78
340 80
340 98
340 103
340 119
340 122
340 160
340 161
340 181
340 184
340 237
340 270
340 303
340 309
340 372
340 397
340 420
340 424
340 458
340 485
341 4
341 37
341 52
341 59
341 68
341 77
341 93
341 101
341 161
341 177
341 185
341 192
341 194
341 197
341 199
341 202
341 206
341 215
341 222
341 225
341 313
341 333
341 386
341 401
341 422
341 449
341 480
342 40
342 46
342 55
342 80
342 89
342 115
342 118
342 138
342 169
342 235
342 252
342 285
342 292
342 376
342 380
342 462
342 468
343 9
343 15
343 50
343 96
343 120
343 122
343 132
343 144
343 192
343 202
343 262
343 269
343 272
343 279
343 296
343 303
343 315
343 317
343 318
343 327
343 360
343 393
343 414
343 431
343 449
343 450
343 467
344 5
344 36
344 63
344 73
344 104
344 116
344 128
344 129
344 139
344 156
344 168
344 185
344 210
344 217
344 236
344 273
344 322
344 432
344 474
344 490
344 491
345 23
345 31
345 35
345 58
345 73
345 99
345 108
345 110
345 163
345 170
345 190
345 197
345 199
345 201
345 247
345 251
345 264
345 274
345 324
345 365
345 372
345 457
345 467
345 474
345 475
345 476
345 490
346 9
346 16
346 47
346 72
346 80
346 90
346 95
346 101
346 135
346 157
346 161
346 171
346 186
346 194
346 242
346 253
346 311
346 334
346 339
346 357
346 378
346 443
346 455
346 491
347 11
347 14
347 19
347 25
347 35
347 64
347 68
347 71
347 105
347 128
347 169
347 187
347 195
347 200
347 208
347 231
347 263
347 266
347 282
347 284
347 384
347 421
347 436
347 444
347 447
347 448
347 449
347 463
347 476
348 13
348 20
348 26
348 34
348 39
348 42
348 43
348 71
348 81
348 93
348 94
348 100
348 113
348 131
348 134
348 135
348 148
348 156
348 171
348 206
348 211
348 227
348 232
348 243
348 294
348 320
348 322
348 336
348 369
348 377
348 381
348 406
348 428
348 435
348 484
348 494
349 32
349 47
349 49
349 55
349 108
349 113
349 133
349 142
349 161
349 172
349 174
349 215
349 292
349 307
349 308
349 326
349 335
349 427
349 469
349 476
349 495
350 1
350 21
350 23
350 56
350 57
350 64
350 88
350 101
350 134
350 151
350 191
350 202
350 250
350 267
350 268
350 295
350 334
350 359
350 360
350 392
350 394
350 425
350 426
350 435
350 442
350 455
350 478
350 498
351 28
351 38
351 39
351 75
351 109
351 134
351 155
351 162
351 163
351 170
351 194
351 218
351 223
351 224
351 234
351 246
351 249
351 264
351 291
351 293
351 304
351 337
351 361
351 372
351 403
351 435
351 443
351 462
351 469
351 472
351 474
351 482
351 484
352 21
352 56
352 61
352 67
352 96
352 108
352 112
352 113
352 121
352 143
352 165
352 172
352 185
352 205
352 209
352 254
352 257
352 291
352 299
352 324
352 367
352 391
352 397
352 418
352 454
353 24
353 68
353 108
353 119
353 140
353 166
353 170
353 176
353 180
353 204
353 213
353 224
353 247
353 266
353 270
353 282
353 287
353 316
353 330
353 356
353 357
353 361
353 375
353 383
353 462
353 463
353 495
354 6
354 28
354 33
354 36
354 45
354 47
354 75
354 105
354 109
354 122
354 145
354 164
354 182
354 193
354 225
354 263
354 322
354 367
354 374
354 376
354 391
354 393
354 433
354 456
354 484
355 17
355 25
355 36
355 102
355 110
355 147
355 157
355 162
355 232
355 242
355 258
355 267
355 272
355 295
355 299
355 374
355 431
355 434
355 469
355 485
356 53
356 56
356 60
356 71
356 80
356 84
356 96
356 110
356 123
356 152
356 159
356 172
356 183
356 193
356 199
356 245
356 263
356 292
356 295
356 319
356 353
356 361
356 369
356 381
356 419
356 431
356 462
356 466
356 468
356 469
356 471
356 476
356 486
356 487
357 3
357 27
357 37
357 46
357 66
357 81
357 94
357 149
357 187
357 200
357 223
357 234
357 262
357 276
357 295
357 298
357 320
357 346
357 353
357 372
357 390
357 421
357 451
357 489
357 495
358 9
358 32
358 33
358 74
358 90
358 166
358 198
358 242
358 275
358 288
358 309
358 316
358 320
358 375
358 379
358 425
358 428
358 430
358 438
358 441
358 496
359 9
359 16
359 27
359 36
359 65
359 90
359 103
359 105
359 117
359 136
359 197
359 199
359 241
359 256
359 259
359 300
359 310
359 350
359 367
359 390
359 410
359 426
359 459
359 496
360 10
360 24
360 38
360 44
360 58
360 127
360 134
360 159
360 161
360 201
360 209
360 210
360 214
360 217
360 223
360 225
360 226
360 227
360 263
360 268
360 295
360 299
360 319
360 327
360 343
360 350
360 393
360 422
360 450
361 0
361 15
361 47
361 56
361 76
361 82
361 83
361 147
361 186
361 191
361 203
361 275
361 293
361 297
361 306
361 320
361 351
361 353
361 356
361 407
361 417
361 425
361 433
361 435
361 438
361 440
361 483
361 498
362 25
362 40
362 49
362 77
362 85
362 125
362 130
362 206
362 259
362 260
362 303
362 397
362 398
362 400
362 415
362 423
362 440
362 442
362 443
362 454
362 457
362 461
362 489
363 8
363 68
363 75
363 76
363 79
363 100
363 104
363 289
363 299
363 301
363 302
363 324
363 333
363 377
363 424
363 428
363 452
363 462
363 466
363 499
364 5
364 10
364 50
364 60
364 77
364 78
364 102
364 180
364 213
364 308
364 328
364 392
364 400
364 414
364 418
364 451
364 472
365 21
365 39
365 102
365 103
365 134
365 140
365 169
365 187
365 199
365 201
365 255
365 261
365 291
365 294
365 326
365 345
365 369
365 411
365 436
365 437
365 469
365 470
365 488
365 490
365 495
366 1
366 6
366 42
366 47
366 76
366 79
366 85
366 93
366 94
366 115
366 145
366 179
366 188
366 195
366 235
366 244
366 320
366 324
366 326
366 381
367 8
367 44
367 48
367 66
367 88
367 104
367 111
367 118
367 151
367 152
367 154
367 165
367 183
367 210
367 221
367 232
367 283
367 289
367 300
367 314
367 321
367 332
367 352
367 354
367 359
367 370
367 379
367 401
367 448
367 462
367 472
367 477
367 480
368 32
368 106
368 120
368 124
368 159
368 164
368 209
368 251
368 252
368 257
368 261
368 293
368 303
368 312
368 370
368 390
368 431
368 466
368 499
369 15
369 24
369 28
369 64
369 160
369 201
369 254
369 261
369 263
369 268
369 318
369 337
369 348
369 356
369 365
369 384
369 426
369 433
370 20
370 36
370 64
370 128
370 153
370 199
370 201
370 215
370 240
370 252
370 255
370 263
370 283
370 287
370 319
370 328
370 330
370 367
370 368
370 383
370 402
370 414
370 441
371 40
371 46
371 75
371 108
371 148
371 154
371 189
371 194
371 232
371 237
371 285
371 294
371 297
371 308
371 376
371 383
371 396
371 417
371 431
371 463
371 481
371 489
372 0
372 29
372 33
372 71
372 107
372 141
372 165
372 226
372 231
372 288
372 313
372 316
372 336
372 340
372 345
372 351
372 357
372 397
372 405
372 409
372 455
372 459
372 461
372 472
372 483
372 489
372 495
373 52
373 99
373 118
373 120
373 137
373 186
373 187
373 190
373 220
373 224
373 279
373 314
373 319
373 401
373 424
373 429
373 442
373 479
373 490
374 0
374 11
374 20
374 23
374 110
374 152
374 168
374 171
374 188
374 201
374 209
374 224
374 230
374 250
374 276
374 285
374 322
374 325
374 327
374 354
374 355
374 387
374 413
374 425
374 482
374 486
374 490
374 493
375 0
375 31
375 41
375 44
375 50
375 56
375 94
375 121
375 209
375 212
375 225
375 305
375 353
375 358
375 385
375 387
375 410
375 414
375 418
375 420
375 439
376 3
376 21
376 23
376 43
376 75
376 92
376 133
376 152
376 159
376 205
376 210
376 269
376 283
376 291
376 306
376 333
376 342
376 354
376 371
376 378
376 381
376 400
376 401
376 410
376 432
376 438
376 445
376 456
376 478
376 488
376 493
377 68
377 73
377 100
377 110
377 118
377 126
377 145
377 161
377 179
377 191
377 325
377 348
377 363
377 379
377 497
378 19
378 20
378 31
378 36
378 40
378 54
378 71
378 122
378 148
378 151
378 162
378 166
378 190
378 214
378 279
378 324
378 346
378 376
378 425
378 445
378 452
378 486
379 73
379 77
379 78
379 97
379 98
379 116
379 135
379 154
379 159
379 162
379 185
379 216
379 219
379 258
379 270
379 296
379 326
379 358
379 367
379 377
379 431
379 463
379 479
380 1
380 7
380 65
380 98
380 134
380 162
380 175
380 184
380 190
380 210
380 287
380 310
380 321
380 336
380 342
380 393
380 401
380 402
380 471
380 480
380 482
380 490
381 9
381 29
381 33
381 59
381 78
381 84
381 89
381 125
381 139
381 147
381 168
381 180
381 184
381 224
381 233
381 234
381 242
381 259
381 268
381 269
381 288
381 310
381 314
381 322
381 333
381 348
381 356
381 366
381 376
381 384
381 393
381 428
381 429
381 450
381 455
381 468
381 481
381 485
381 492
382 1
382 23
382 29
382 53
382 65
382 69
382 80
382 187
382 196
382 215
382 223
382 227
382 248
382 255
382 259
382 267
382 316
382 324
382 331
382 392
382 423
382 463
382 491
382 492
383 1
383 8
383 12
383 18
383 37
383 43
383 81
383 97
383 120
383 125
383 145
383 152
383 191
383 202
383 241
383 245
383 263
383 279
383 331
383 335
383 336
383 353
383 370
383 371
383 403
383 416
383 426
383 437
383 455
383 467
384 2
384 4
384 49
384 179
384 180
384 224
384 246
384 305
384 347
384 369
384 381
384 408
384 412
384 442
384 446
384 469
384 472
384 477
384 490
385 7
385 65
385 69
385 73
385 101
385 114
385 149
385 176
385 184
385 191
385 206
385 217
385 219
385 246
385 261
385 269
385 288
385 298
385 321
385 331
385 375
385 420
385 465
385 477
386 48
386 52
386 87
386 101
386 111
386 117
386 131
386 150
386 163
386 186
386 201
386 224
386 242
386 250
386 256
386 322
386 334
386 341
386 399
386 430
386 434
386 454
386 455
386 456
387 32
387 38
387 42
387 43
387 48
387 85
387 109
387 136
387 169
387 176
387 193
387 199
387 204
387 207
387 295
387 303
387 308
387 316
387 374
387 375
387 400
387 427
387 444
387 449
387 479
387 499
388 27
388 35
388 41
388 43
388 67
388 68
388 144
388 184
388 189
388 193
388 208
388 220
388 232
388 324
388 400
388 405
388 473
388 494
388 497
389 26
389 29
389 86
389 104
389 109
389 112
389 114
389 115
389 151
389 156
389 175
389 205
389 257
389 268
389 314
389 320
389 403
389 405
389 416
389 422
389 434
389 455
389 479
390 10
390 11
390 18
390 20
390 34
390 51
390 68
390 85
390 89
390 145
390 153
390 164
390 206
390 271
390 279
390 294
390 302
390 320
390 357
390 359
390 368
390 391
390 414
390 428
390 432
390 451
390 456
390 462
390 498
391 10
391 18
391 48
391 49
391 79
391 93
391 97
391 108
391 111
391 113
391 192
391 218
391 221
391 226
391 259
391 265
391 277
391 304
391 352
391 354
391 390
391 412
391 427
391 431
391 432
391 439
391 450
391 452
391 460
391 477
391 478
392 8
392 19
392 28
392 33
392 53
392 91
392 122
392 128
392 136
392 159
392 167
392 169
392 174
392 184
392 204
392 245
392 273
392 274
392 289
392 316
392 331
392 338
392 350
392 364
392 382
392 395
392 424
393 69
393 146
393 215
393 229
393 255
393 269
393 298
393 318
393 343
393 354
393 360
393 380
393 381
393 416
393 417
393 450
393 453
393 456
393 496
394 8
394 10
394 20
394 27
394 35
394 52
394 136
394 142
394 154
394 162
394 192
394 206
394 240
394 252
394 281
394 337
394 350
394 404
394 415
394 440
394 459
394 476
394 487
395 9
395 22
395 37
395 45
395 53
395 80
395 83
395 106
395 119
395 130
395 134
395 143
395 146
395 180
395 184
395 197
395 206
395 228
395 322
395 339
395 392
395 404
395 414
395 444
395 447
395 464
395 489
396 5
396 15
396 25
396 45
396 48
396 74
396 75
396 102
396 152
396 164
396 175
396 179
396 183
396 223
396 239
396 244
396 269
396 276
396 282
396 295
396 299
396 305
396 308
396 333
396 371
396 397
396 431
396 436
396 475
396 476
397 39
397 80
397 105
397 124
397 131
397 152
397 178
397 197
397 215
397 224
397 244
397 280
397 286
397 340
397 352
397 362
397 372
397 396
397 404
397 413
397 448
397 464
397 467
397 477
397 482
397 494
398 8
398 23
398 29
398 35
398 111
398 140
398 152
398 178
398 181
398 199
398 224
398 261
398 284
398 362
398 448
398 449
398 470
398 486
398 493
399 2
399 6
399 11
399 43
399 69
399 94
399 102
399 104
399 108
399 179
399 191
399 209
399 219
399 271
399 300
399 386
399 429
399 442
399 450
399 480
400 14
400 28
400 29
400 51
400 96
400 117
400 143
400 151
400 168
400 207
400 209
400 222
400 247
400 254
400 267
400 286
400 295
400 301
400 362
400 364
400 376
400 387
400 388
400 410
400 428
400 446
400 453
400 461
400 470
401 7
401 9
401 11
401 34
401 43
401 50
401 52
401 63
401 69
401 73
401 85
401 86
401 94
401 107
401 112
401 116
401 138
401 158
401 177
401 202
401 205
401 226
401 233
401 242
401 259
401 286
401 325
401 331
401 334
401 341
401 367
401 373
401 376
401 380
401 415
401 439
401 468
401 481
401 484
401 498
402 52
402 56
402 65
402 76
402 106
402 116
402 139
402 226
402 237
402 251
402 255
402 271
402 275
402 281
402 299
402 310
402 322
402 370
402 380
402 409
402 421
402 437
402 449
402 468
403 0
403 10
403 23
403 29
403 34
403 68
403 78
403 80
403 88
403 89
403 109
403 146
403 153
403 166
403 181
403 187
403 246
403 276
403 290
403 308
403 319
403 327
403 351
403 383
403 389
403 436
403 453
403 458
403 465
404 3
404 5
404 14
404 24
404 57
404 62
404 84
404 96
404 110
404 121
404 176
404 204
404 227
404 236
404 247
404 261
404 283
404 284
404 304
404 319
404 323
404 331
404 394
404 395
404 397
404 414
404 426
404 427
404 492
405 1
405 23
405 46
405 60
405 70
405 105
405 150
405 163
405 181
405 194
405 241
405 274
405 311
405 326
405 372
405 388
405 389
405 456
406 34
406 67
406 74
406 133
406 169
406 173
406 176
406 184
406 191
406 193
406 210
406 237
406 244
406 271
406 298
406 315
406 348
406 467
406 468
406 469
407 26
407 28
407 54
407 68
407 76
407 88
407 139
407 140
407 182
407 211
407 234
407 249
407 267
407 285
407 310
407 317
407 361
407 447
407 448
407 455
407 488
408 17
408 44
408 61
408 74
408 131
408 139
408 171
408 173
408 216
408 227
408 295
408 297
408 311
408 314
408 384
408 419
408 441
408 465
408 473
409 1
409 5
409 10
409 34
409 60
409 66
409 87
409 94
409 114
409 117
409 167
409 203
409 220
409 258
409 267
409 278
409 289
409 319
409 331
409 372
409 402
409 412
409 415
409 418
409 420
409 423
409 448
409 476
409 486
409 499
410 7
410 18
410 61
410 126
410 149
410 153
410 164
410 165
410 167
410 202
410 227
410 231
410 245
410 256
410 287
410 288
410 315
410 319
410 326
410 329
410 359
410 375
410 376
410 400
410 419
410 432
410 450
410 472
410 479
411 17
411 54
411 74
411 124
411 136
411 141
411 168
411 176
411 180
411 191
411 197
411 218
411 244
411 281
411 294
411 365
411 418
411 420
411 463
411 470
412 21
412 34
412 41
412 42
412 48
412 61
412 103
412 117
412 119
412 130
412 150
412 158
412 170
412 196
412 218
412 233
412 235
412 258
412 283
412 296
412 304
412 324
412 329
412 331
412 332
412 384
412 391
412 409
412 418
412 431
412 433
412 438
412 445
412 483
413 67
413 87
413 101
413 113
413 119
413 129
413 139
413 192
413 202
413 216
413 243
413 251
413 260
413 261
413 269
413 309
413 320
413 374
413 397
413 428
413 448
413 453
413 485
414 11
414 25
414 37
414 43
414 70
414 73
414 87
414 98
414 150
414 168
414 174
414 183
414 201
414 206
414 306
414 328
414 343
414 364
414 370
414 375
414 390
414 395
414 404
414 417
414 484
414 489
414 499
415 11
415 12
415 122
415 123
415 129
415 135
415 234
415 243
415 265
415 284
415 308
415 330
415 362
415 394
415 401
415 409
415 457
415 476
415 483
415 495
416 7
416 10
416 25
416 45
416 113
416 118
416 147
416 188
416 214
416 227
416 245
416 265
416 275
416 276
416 283
416 303
416 313
416 317
416 336
416 383
416 389
416 393
416 474
416 481
416 488
416 498
417 37
417 61
417 84
417 86
417 98
417 109
417 117
417 145
417 161
417 189
417 193
417 200
417 205
417 220
417 239
417 253
417 330
417 361
417 371
417 393
417 414
417 425
417 444
417 447
417 451
417 469
417 492
418 20
418 25
418 28
418 93
418 101
418 103
418 104
418 152
418 190
418 231
418 233
418 255
418 260
418 266
418 284
418 290
418 306
418 352
418 364
418 375
418 409
418 411
418 412
418 429
418 467
418 490
419 0
419 1
419 4
419 14
419 17
419 72
419 84
419 87
419 101
419 115
419 130
419 183
419 194
419 196
419 204
419 247
419 251
419 272
419 279
419 309
419 311
419 324
419 332
419 334
419 356
419 408
419 410
419 436
419 463
420 3
420 21
420 48
420 52
420 102
420 114
420 124
420 141
420 160
420 166
420 175
420 306
420 336
420 340
420 375
420 385
420 409
420 411
420 435
420 441
420 483
420 497
421 7
421 20
421 36
421 52
421 67
421 74
421 102
421 143
421 154
421 167
421 278
421 318
421 328
421 347
421 357
421 402
421 438
421 447
421 464
422 10
422 12
422 24
422 31
422 32
422 54
422 83
422 99
422 161
422 183
422 192
422 200
422 282
422 311
422 341
422 360
422 389
422 432
422 433
422 438
422 453
422 465
423 15
423 23
423 34
423 65
423 70
423 85
423 112
423 115
423 135
423 217
423 223
423 227
423 291
423 298
423 324
423 337
423 362
423 382
423 409
423 430
423 460
423 462
423 469
423 479
424 2
424 23
424 48
424 50
424 55
424 89
424 104
424 116
424 168
424 172
424 203
424 210
424 237
424 243
424 268
424 278
424 283
424 329
424 331
424 332
424 340
424 363
424 373
424 392
425 19
425 91
425 120
425 141
425 144
425 184
425 199
425 205
425 265
425 267
425 272
425 290
425 304
425 309
425 313
425 319
425 329
425 350
425 358
425 361
425 374
425 378
425 417
425 446
425 487
425 498
426 19
426 31
426 38
426 52
426 59
426 94
426 128
426 130
426 206
426 210
426 222
426 300
426 309
426 336
426 350
426 359
426 369
426 383
426 404
426 450
426 453
426 454
426 471
426 475
426 484
426 493
426 494
427 6
427 17
427 21
427 22
427 32
427 88
427 122
427 133
427 167
427 188
427 200
427 207
427 225
427 231
427 256
427 261
427 266
427 276
427 325
427 349
427 387
427 391
427 404
427 431
427 432
427 434
427 437
427 439
427 447
427 450
427 474
427 476
427 477
427 481
428 4
428 5
428 28
428 62
428 103
428 112
428 116
428 183
428 198
428 199
428 200
428 222
428 224
428 233
428 234
428 240
428 252
428 301
428 348
428 358
428 363
428 381
428 390
428 400
428 413
428 433
428 475
428 481
428 489
428 498
429 8
429 20
429 38
429 40
429 60
429 107
429 130
429 144
429 145
429 152
429 183
429 226
429 242
429 304
429 309
429 319
429 373
429 381
429 399
429 418
429 466
429 474
429 496
430 0
430 16
430 17
430 24
430 60
430 61
430 80
430 85
430 98
430 101
430 142
430 208
430 225
430 227
430 229
430 238
430 240
430 294
430 299
430 301
430 304
430 325
430 326
430 337
430 358
430 386
430 423
430 450
430 464
430 485
431 3
431 18
431 91
431 127
431 133
431 139
431 144
431 160
431 195
431 214
431 230
431 241
431 242
431 245
431 275
431 286
431 337
431 339
431 343
431 355
431 356
431 368
431 371
431 379
431 391
431 396
431 412
431 427
431 469
431 490
432 10
432 13
432 17
432 20
432 21
432 49
432 65
432 84
432 112
432 134
432 175
432 189
432 221
432 233
432 270
432 271
432 284
432 311
432 315
432 328
432 330
432 334
432 338
432 344
432 376
432 390
432 391
432 410
432 422
432 427
432 479
432 480
432 496
433 0
433 58
433 89
433 97
433 112
433 186
433 204
433 209
433 211
433 235
433 239
433 278
433 291
433 354
433 361
433 369
433 412
433 422
433 428
433 443
433 444
433 459
433 468
433 476
433 489
434 29
434 30
434 100
434 110
434 114
434 126
434 153
434 158
434 164
434 167
434 183
434 205
434 225
434 241
434 262
434 302
434 313
434 355
434 386
434 389
434 427
434 462
434 471
434 476
434 494
434 495
435 1
435 34
435 46
435 55
435 63
435 96
435 100
435 105
435 150
435 166
435 190
435 195
435 198
435 202
435 204
435 206
435 255
435 261
435 283
435 321
435 348
435 350
435 351
435 361
435 420
435 460
436 47
436 50
436 51
436 60
436 91
436 123
436 167
436 168
436 227
436 291
436 318
436 337
436 347
436 365
436 396
436 403
436 419
436 462
436 463
436 467
436 471
436 472
436 490
437 1
437 7
437 11
437 15
437 20
437 27
437 97
437 106
437 115
437 121
437 139
437 163
437 224
437 240
437 260
437 281
437 294
437 295
437 329
437 365
437 383
437 402
437 427
437 439
437 445
437 474
438 14
438 38
438 44
438 46
438 96
438 105
438 129
438 135
438 164
438 214
438 219
438 314
438 358
438 361
438 376
438 412
438 421
438 422
438 471
438 497
439 9
439 11
439 19
439 33
439 35
439 50
439 73
439 111
439 119
439 125
439 131
439 150
439 155
439 163
439 166
439 177
439 190
439 209
439 219
439 231
439 253
439 261
439 272
439 277
439 297
439 306
439 307
439 324
439 375
439 391
439 401
439 427
439 437
439 463
440 19
440 57
440 121
440 139
440 148
440 192
440 237
440 285
440 287
440 309
440 319
440 331
440 361
440 362
440 394
440 469
440 474
441 12
441 20
441 50
441 58
441 63
441 97
441 133
441 176
441 200
441 230
441 245
441 248
441 289
441 299
441 358
441 370
441 408
441 420
441 459
441 463
441 465
441 470
442 21
442 22
442 53
442 70
442 85
442 100
442 118
442 120
442 124
442 128
442 140
442 153
442 155
442 163
442 167
442 170
442 191
442 241
442 272
442 284
442 289
442 298
442 317
442 350
442 362
442 373
442 384
442 399
442 470
442 471
442 484
443 9
443 29
443 32
443 87
443 100
443 127
443 158
443 174
443 195
443 196
443 219
443 283
443 284
443 287
443 299
443 326
443 346
443 351
443 362
443 433
443 475
444 11
444 82
444 83
444 95
444 128
444 147
444 149
444 154
444 183
444 187
444 239
444 244
444 250
444 262
444 273
444 280
444 285
444 296
444 314
444 320
444 347
444 387
444 395
444 417
444 433
444 450
444 490
445 7
445 12
445 44
445 66
445 69
445 73
445 78
445 108
445 131
445 190
445 233
445 240
445 246
445 249
445 254
445 264
445 283
445 292
445 320
445 323
445 376
445 378
445 412
445 437
445 463
445 467
445 494
445 495
446 10
446 45
446 47
446 96
446 100
446 181
446 188
446 199
446 222
446 238
446 246
446 252
446 268
446 309
446 332
446 384
446 400
446 425
446 449
446 465
447 5
447 41
447 47
447 51
447 53
447 66
447 75
447 80
447 82
447 84
447 93
447 112
447 167
447 169
447 175
447 177
447 178
447 199
447 210
447 243
447 293
447 309
447 347
447 395
447 407
447 417
447 421
447 427
447 463
447 499
448 4
448 13
448 14
448 25
448 47
448 49
448 53
448 162
448 210
448 219
448 223
448 235
448 238
448 243
448 261
448 265
448 278
448 308
448 329
448 347
448 367
448 397
448 398
448 407
448 409
448 413
448 454
448 494
449 51
449 79
449 116
449 130
449 142
449 175
449 188
449 202
449 203
449 224
449 231
449 283
449 305
449 318
449 327
449 341
449 343
449 347
449 387
449 398
449 402
449 446
450 20
450 49
450 61
450 84
450 100
450 112
450 135
450 144
450 147
450 185
450 228
450 263
450 265
450 294
450 305
450 343
450 360
450 381
450 391
450 393
450 399
450 410
450 426
450 427
450 430
450 444
450 462
450 464
450 469
450 480
450 482
451 6
451 25
451 61
451 93
451 105
451 108
451 110
451 111
451 121
451 127
451 133
451 151
451 175
451 195
451 205
451 208
451 209
451 225
451 230
451 271
451 275
451 292
451 298
451 324
451 357
451 364
451 390
451 417
451 489
451 494
452 6
452 44
452 62
452 126
452 131
452 145
452 153
452 225
452 263
452 268
452 288
452 309
452 317
452 363
452 378
452 391
452 453
452 462
452 468
452 489
453 7
453 27
453 56
453 86
453 91
453 121
453 152
453 170
453 207
453 235
453 238
453 247
453 251
453 289
453 306
453 321
453 334
453 393
453 400
453 403
453 413
453 422
453 426
453 452
454 39
454 40
454 58
454 64
454 76
454 133
454 150
454 162
454 163
454 280
454 284
454 301
454 318
454 352
454 362
454 386
454 426
454 448
454 481
454 485
454 490
455 11
455 43
455 51
455 68
455 74
455 83
455 88
455 130
455 134
455 137
455 159
455 163
455 181
455 207
455 251
455 266
455 280
455 302
455 346
455 350
455 372
455 381
455 383
455 386
455 389
455 407
455 456
455 461
455 487
456 20
456 23
456 48
456 58
456 92
456 119
456 142
456 155
456 202
456 290
456 332
456 354
456 376
456 386
456 390
456 393
456 405
456 455
456 492
456 497
457 17
457 19
457 52
457 93
457 105
457 120
457 127
457 159
457 164
457 195
457 236
457 245
457 260
457 275
457 297
457 302
457 312
457 345
457 362
457 415
457 479
458 39
458 54
458 71
458 85
458 120
458 123
458 125
458 146
458 149
458 156
458 158
458 192
458 227
458 229
458 244
458 249
458 276
458 296
458 303
458 335
458 340
458 403
458 459
458 460
458 478
458 480
458 491
459 5
459 90
459 107
459 124
459 159
459 163
459 165
459 185
459 242
459 359
459 372
459 394
459 433
459 441
459 458
459 490
460 1
460 31
460 33
460 36
460 39
460 54
460 61
460 68
460 71
460 78
460 106
460 110
460 112
460 129
460 156
460 181
460 187
460 217
460 218
460 252
460 271
460 315
460 325
460 338
460 391
460 423
460 435
460 458
460 462
460 477
461 22
461 29
461 87
461 119
461 144
461 146
461 181
461 192
461 196
461 217
461 244
461 246
461 254
461 286
461 310
461 321
461 362
461 372
461 400
461 455
461 462
461 496
462 1
462 14
462 28
462 44
462 54
462 60
462 126
462 137
462 154
462 157
462 172
462 179
462 199
462 221
462 235
462 247
462 256
462 265
462 342
462 351
462 353
462 356
462 363
462 367
462 390
462 423
462 434
462 436
462 450
462 452
462 460
462 461
462 472
463 2
463 21
463 27
463 33
463 59
463 126
463 145
463 151
463 174
463 185
463 289
463 310
463 347
463 353
463 371
463 379
463 382
463 411
463 419
463 436
463 439
463 441
463 445
463 447
463 479
464 18
464 31
464 33
464 69
464 87
464 108
464 155
464 181
464 201
464 235
464 236
464 250
464 253
464 256
464 280
464 291
464 293
464 324
464 331
464 395
464 397
464 421
464 430
464 450
464 488
464 496
464 499
465 4
465 12
465 19
465 27
465 46
465 69
465 155
465 171
465 215
465 220
465 233
465 258
465 271
465 272
465 313
465 385
465 403
465 408
465 422
465 441
465 446
465 482
465 483
465 484
466 21
466 62
466 81
466 84
466 142
466 171
466 249
466 289
466 308
466 311
466 330
466 336
466 339
466 356
466 363
466 368
466 429
466 495
467 0
467 66
467 86
467 131
467 172
467 231
467 237
467 240
467 269
467 278
467 293
467 319
467 328
467 343
467 345
467 383
467 397
467 406
467 418
467 436
467 445
467 479
467 487
468 12
468 29
468 92
468 99
468 160
468 167
468 176
468 177
468 185
468 213
468 246
468 260
468 293
468 318
468 332
468 342
468 356
468 381
468 401
468 402
468 406
468 433
468 452
468 473
469 6
469 12
469 13
469 32
469 44
469 46
469 63
469 70
469 83
469 141
469 172
469 201
469 219
469 230
469 247
469 257
469 303
469 321
469 323
469 349
469 351
469 355
469 356
469 365
469 384
469 406
469 417
469 423
469 431
469 440
469 450
470 17
470 19
470 21
470 27
470 78
470 93
470 133
470 139
470 151
470 179
470 184
470 228
470 235
470 239
470 262
470 276
470 312
470 313
470 365
470 398
470 400
470 411
470 441
470 442
470 474
470 494
470 499
471 9
471 17
471 49
471 58
471 66
471 73
471 85
471 108
471 126
471 146
471 162
471 179
471 192
471 196
471 238
471 303
471 314
471 331
471 356
471 380
471 426
471 434
471 436
471 438
471 442
471 483
471 489
472 12
472 19
472 39
472 68
472 93
472 162
472 167
472 181
472 187
472 209
472 218
472 219
472 230
472 237
472 239
472 242
472 250
472 275
472 276
472 351
472 364
472 367
472 372
472 384
472 410
472 436
472 462
472 476
472 488
472 489
472 496
472 498
473 22
473 33
473 73
473 86
473 98
473 102
473 105
473 112
473 127
473 157
473 167
473 187
473 213
473 219
473 221
473 256
473 263
473 299
473 300
473 317
473 338
473 388
473 408
473 468
473 474
473 499
474 2
474 24
474 30
474 34
474 41
474 64
474 84
474 120
474 237
474 243
474 271
474 277
474 335
474 344
474 345
474 351
474 416
474 427
474 429
474 437
474 440
474 470
474 473
475 5
475 14
475 23
475 62
475 89
475 137
475 138
475 141
475 155
475 173
475 186
475 187
475 221
475 245
475 254
475 261
475 264
475 297
475 311
475 325
475 329
475 345
475 396
475 426
475 428
475 443
475 477
475 481
475 483
475 493
476 32
476 36
476 65
476 94
476 125
476 169
476 188
476 217
476 234
476 260
476 273
476 280
476 292
476 331
476 345
476 347
476 349
476 356
476 394
476 396
476 409
476 415
476 427
476 433
476 434
476 472
476 477
477 71
477 106
477 156
477 171
477 174
477 195
477 212
477 216
477 304
477 315
477 330
477 367
477 384
477 385
477 391
477 397
477 427
477 460
477 475
477 476
478 13
478 46
478 55
478 61
478 74
478 116
478 125
478 160
478 196
478 207
478 212
478 218
478 219
478 226
478 233
478 245
478 268
478 277
478 302
478 336
478 350
478 376
478 391
478 458
479 53
479 82
479 91
479 138
479 151
479 208
479 256
479 261
479 278
479 280
479 285
479 314
479 373
479 379
479 387
479 389
479 410
479 423
479 432
479 457
479 463
479 467
479 483
480 16
480 23
480 27
480 49
480 53
480 68
480 71
480 85
480 94
480 102
480 137
480 148
480 159
480 161
480 182
480 224
480 282
480 284
480 295
480 310
480 329
480 333
480 341
480 367
480 380
480 399
480 432
480 450
480 458
480 494
481 10
481 31
481 36
481 74
481 114
481 134
481 154
481 167
481 205
481 234
481 235
481 240
481 243
481 249
481 252
481 268
481 281
481 371
481 381
481 401
481 416
481 427
481 428
481 454
481 475
482 6
482 20
482 64
482 77
482 135
482 164
482 220
482 226
482 276
482 284
482 333
482 335
482 351
482 374
482 380
482 397
482 450
482 465
483 3
483 25
483 73
483 91
483 157
483 158
483 182
483 200
483 231
483 244
483 277
483 301
483 315
483 361
483 372
483 412
483 415
483 420
483 465
483 471
483 475
483 479
484 11
484 13
484 30
484 33
484 35
484 61
484 92
484 94
484 108
484 115
484 126
484 143
484 154
484 161
484 170
484 208
484 229
484 234
484 245
484 281
484 289
484 295
484 315
484 327
484 348
484 351
484 354
484 401
484 414
484 426
484 442
484 465
484 485
485 14
485 37
485 82
485 85
485 127
485 147
485 198
485 203
485 234
485 247
485 282
485 303
485 304
485 337
485 340
485 355
485 381
485 413
485 430
485 454
485 484
486 1
486 62
486 88
486 118
486 123
486 140
486 153
486 156
486 167
486 184
486 209
486 223
486 227
486 248
486 282
486 304
486 321
486 329
486 339
486 356
486 374
486 378
486 398
486 409
487 49
487 74
487 98
487 145
487 170
487 174
487 213
487 296
487 305
487 334
487 356
487 394
487 425
487 455
487 467
487 492
488 11
488 12
488 15
488 23
488 38
488 52
488 64
488 74
488 77
488 100
488 111
488 167
488 232
488 249
488 274
488 278
488 280
488 282
488 334
488 365
488 376
488 407
488 416
488 464
488 472
489 26
489 63
489 67
489 93
489 94
489 165
489 195
489 225
489 235
489 238
489 261
489 276
489 301
489 317
489 331
489 336
489 357
489 362
489 371
489 372
489 395
489 414
489 428
489 433
489 451
489 452
489 471
489 472
489 495
490 4
490 41
490 45
490 76
490 78
490 84
490 87
490 101
490 110
490 127
490 138
490 140
490 149
490 190
490 192
490 200
490 205
490 209
490 211
490 228
490 264
490 280
490 313
490 344
490 345
490 365
490 373
490 374
490 380
490 384
490 418
490 431
490 436
490 444
490 454
490 459
491 0
491 3
491 6
491 18
491 27
491 48
491 64
491 76
491 79
491 80
491 136
491 139
491 147
491 172
491 209
491 218
491 228
491 279
491 303
491 312
491 313
491 325
491 344
491 346
491 382
491 458
492 5
492 6
492 66
492 103
492 149
492 160
492 230
492 238
492 247
492 269
492 299
492 300
492 315
492 338
492 381
492 382
492 404
492 417
492 456
492 487
492 493
493 3
493 31
493 46
493 80
493 81
493 120
493 132
493 133
493 138
493 164
493 171
493 192
493 228
493 234
493 238
493 264
493 330
493 332
493 374
493 376
493 398
493 426
493 475
493 492
494 0
494 43
494 52
494 53
494 83
494 92
494 180
494 188
494 317
494 323
494 329
494 348
494 388
494 397
494 426
494 434
494 445
494 448
494 451
494 470
494 480
494 499
495 23
495 75
495 80
495 94
495 111
495 133
495 142
495 144
495 173
495 187
495 240
495 241
495 255
495 269
495 270
495 291
495 349
495 353
495 357
495 365
495 372
495 415
495 434
495 445
495 466
495 489
496 1
496 19
496 23
496 89
496 97
496 112
496 120
496 135
496 151
496 204
496 229
496 243
496 263
496 274
496 278
496 295
496 309
496 313
496 319
496 358
496 359
496 393
496 429
496 432
496 461
496 464
496 472
497 9
497 46
497 64
497 138
497 183
497 184
497 214
497 223
497 244
497 251
497 295
497 296
497 301
497 306
497 311
497 315
497 321
497 377
497 388
497 420
497 438
497 456
497 499
498 1
498 18
498 33
498 55
498 63
498 68
498 137
498 159
498 172
498 183
498 186
498 199
498 224
498 261
498 305
498 350
498 361
498 390
498 401
498 416
498 425
498 428
498 472
498 499
499 13
499 26
499 44
499 102
499 122
499 131
499 132
499 140
499 171
499 177
499 197
499 199
499 217
499 240
499 244
499 251
499 257
499 286
499 289
499 294
499 296
499 327
499 330
499 338
499 363
499 368
499 387
499 409
499 414
499 447
499 464
499 470
499 473
499 494
499 497
499 498