500 3130
0 36
0 41
0 126
0 133
0 170
0 187
0 226
0 249
0 267
0 311
0 375
0 403
1 5
1 15
1 17
1 47
1 86
1 89
1 159
1 166
1 226
1 350
1 380
1 382
1 409
1 419
1 460
1 486
1 496
2 48
2 80
2 94
2 100
2 175
2 177
2 208
2 255
2 257
2 261
2 295
2 384
2 399
2 424
2 463
2 474
3 52
3 59
3 108
3 110
3 193
3 200
3 210
3 241
3 262
3 357
3 404
3 431
3 483
3 491
3 493
4 12
4 77
4 115
4 120
4 188
4 292
4 322
4 334
4 338
4 428
4 448
5 1
5 14
5 38
5 77
5 88
5 128
5 161
5 190
5 195
5 209
5 220
5 224
5 364
5 409
5 447
5 459
5 475
5 492
6 24
6 213
6 215
6 339
6 354
6 451
6 469
6 482
6 491
7 176
7 219
7 224
7 227
7 242
7 248
7 280
7 320
7 380
7 401
7 437
7 445
7 453
8 12
8 41
8 57
8 141
8 178
8 247
8 254
8 272
8 367
8 383
8 394
8 429
9 28
9 142
9 181
9 343
9 346
9 358
9 359
9 439
9 443
9 471
10 145
10 200
10 235
10 259
10 276
10 283
10 390
10 391
10 409
10 432
11 45
11 112
11 148
11 298
11 333
11 336
11 347
11 374
11 399
11 401
11 414
11 437
11 439
11 484
11 488
12 4
12 8
12 43
12 92
12 101
12 160
12 172
12 173
12 200
12 321
12 383
12 415
12 441
12 445
12 465
12 469
13 21
13 62
13 64
13 70
13 79
13 257
13 283
13 321
13 324
13 348
13 448
13 478
13 499
14 5
14 25
14 47
14 87
14 103
14 127
14 158
14 218
14 236
14 276
14 290
14 324
14 347
14 419
14 448
14 462
14 485
15 1
15 78
15 122
15 153
15 206
15 234
15 239
15 255
15 302
15 313
15 361
15 369
15 396
15 423
16 65
16 94
16 100
16 113
16 174
16 202
16 219
16 230
16 276
16 282
16 326
16 335
16 430
17 1
17 23
17 195
17 214
17 230
17 355
17 419
17 427
17 471
18 63
18 93
18 119
18 142
18 202
18 234
18 383
18 391
18 431
18 491
18 498
19 25
19 78
19 90
19 103
19 107
19 108
19 123
19 134
19 151
19 192
19 290
19 392
19 425
19 426
19 457
19 470
19 496
20 33
20 65
20 72
20 122
20 132
20 147
20 165
20 180
20 215
20 260
20 276
20 278
20 303
20 312
20 418
20 421
20 429
20 432
20 437
20 441
20 482
21 13
21 41
21 63
21 96
21 170
21 180
21 184
21 238
21 245
21 258
21 306
21 338
21 350
21 352
21 365
21 420
21 432
21 463
21 466
22 84
22 272
22 395
22 427
22 442
23 17
23 106
23 141
23 230
23 286
23 291
23 300
23 326
23 332
23 345
23 398
23 405
23 423
23 475
23 488
23 496
24 6
24 106
24 178
24 186
24 233
24 250
24 307
24 310
24 323
24 353
24 369
24 404
24 422
25 14
25 19
25 94
25 158
25 220
25 248
25 271
25 310
25 362
25 416
25 418
26 58
26 178
26 232
26 279
26 291
26 311
26 489
27 33
27 37
27 58
27 84
27 126
27 145
27 179
27 225
27 235
27 243
27 275
27 280
27 359
27 388
27 394
27 437
27 463
27 465
27 491
28 9
28 36
28 58
28 112
28 128
28 135
28 143
28 191
28 193
28 197
28 369
28 400
28 407
28 418
28 462
29 70
29 83
29 128
29 150
29 153
29 199
29 209
29 215
29 216
29 231
29 270
29 322
29 381
29 400
29 403
30 32
30 45
30 52
30 80
30 105
30 133
30 139
30 158
30 202
30 256
30 288
30 294
30 297
30 298
30 315
30 332
30 434
30 484
31 48
31 249
31 271
31 332
31 345
31 375
31 422
31 426
31 460
31 464
31 493
32 30
32 84
32 109
32 185
32 202
32 301
32 313
32 334
32 358
32 368
32 387
32 443
32 476
33 20
33 27
33 38
33 64
33 76
33 125
33 128
33 165
33 223
33 274
33 281
33 339
33 354
33 358
33 372
33 460
33 463
33 473
33 484
33 498
34 36
34 45
34 63
34 69
34 94
34 172
34 188
34 202
34 247
34 311
34 348
34 390
34 406
34 409
34 474
35 167
35 243
35 261
35 345
35 347
35 388
35 398
35 439
36 0
36 28
36 34
36 75
36 188
36 201
36 267
36 286
36 298
36 305
36 324
36 344
36 354
36 355
36 378
36 460
37 27
37 49
37 73
37 134
37 168
37 242
37 265
37 286
37 287
37 303
37 322
37 341
37 357
37 395
37 414
37 417
38 5
38 33
38 136
38 191
38 261
38 351
38 387
39 48
39 130
39 131
39 140
39 148
39 209
39 220
39 340
39 348
39 454
39 472
40 61
40 71
40 113
40 138
40 140
40 161
40 165
40 175
40 286
40 314
40 342
40 362
41 0
41 8
41 21
41 95
41 194
41 247
41 263
41 447
42 59
42 70
42 107
42 222
42 309
42 348
42 366
43 12
43 52
43 77
43 152
43 200
43 256
43 267
43 288
43 326
43 348
43 376
43 383
43 399
43 401
43 455
43 494
44 81
44 90
44 163
44 192
44 254
44 283
44 367
44 408
44 438
45 11
45 30
45 34
45 109
45 142
45 147
45 226
45 258
45 292
45 395
45 396
45 416
46 56
46 74
46 89
46 110
46 168
46 241
46 342
46 371
46 435
46 438
46 465
46 478
47 1
47 14
47 56
47 102
47 106
47 132
47 135
47 158
47 162
47 163
47 233
47 346
47 349
47 354
47 361
47 366
47 446
48 2
48 31
48 39
48 148
48 191
48 195
48 211
48 239
48 249
48 281
48 300
48 315
48 367
48 387
48 391
48 412
48 420
48 424
48 491
49 37
49 96
49 133
49 145
49 159
49 187
49 224
49 282
49 310
49 311
49 349
49 391
49 480
49 487
50 53
50 68
50 94
50 142
50 163
50 171
50 179
50 211
50 218
50 260
50 292
50 343
50 364
50 436
51 117
51 309
51 400
51 436
51 447
51 449
51 455
52 3
52 30
52 43
52 69
52 102
52 165
52 176
52 214
52 258
52 373
52 386
52 394
52 420
52 421
52 457
52 488
52 494
53 50
53 111
53 112
53 145
53 169
53 177
53 192
53 234
53 337
53 339
53 356
53 382
53 392
53 442
53 494
54 331
54 378
54 407
54 411
54 422
54 460
54 462
55 91
55 110
55 172
55 310
55 342
55 435
55 478
56 46
56 47
56 96
56 104
56 126
56 269
56 294
56 350
56 352
56 356
56 361
56 402
57 8
57 81
57 104
57 121
57 179
57 335
57 350
57 440
58 26
58 27
58 28
58 60
58 114
58 191
58 245
58 259
58 360
58 456
59 3
59 42
59 116
59 117
59 120
59 153
59 237
59 317
59 321
59 341
59 381
59 463
60 58
60 127
60 250
60 283
60 304
60 364
60 430
60 436
60 462
61 40
61 92
61 96
61 198
61 247
61 260
61 269
61 299
61 408
61 430
61 450
61 478
62 13
62 83
62 170
62 173
62 189
62 196
62 212
62 257
62 293
62 452
62 466
62 475
63 18
63 21
63 34
63 69
63 89
63 99
63 123
63 184
63 203
63 280
63 340
63 344
63 441
63 469
63 489
64 13
64 33
64 72
64 154
64 173
64 174
64 203
64 229
64 248
64 347
64 350
64 369
64 370
64 454
64 474
64 488
65 16
65 20
65 100
65 159
65 174
65 182
65 257
65 282
65 300
65 380
65 423
65 432
65 476
66 79
66 100
66 167
66 193
66 201
66 234
66 290
66 340
66 445
66 467
66 492
67 127
67 166
67 208
67 253
67 271
67 294
67 307
67 328
67 329
67 352
67 406
67 413
67 421
68 50
68 121
68 143
68 184
68 223
68 227
68 230
68 341
68 347
68 377
68 403
68 407
68 460
68 498
69 34
69 52
69 63
69 87
69 113
69 153
69 154
69 157
69 272
69 292
69 306
69 327
69 399
69 445
69 464
69 465
70 13
70 29
70 42
70 121
70 192
70 229
70 268
70 289
70 310
70 311
70 405
70 442
70 469
71 40
71 78
71 152
71 183
71 337
71 356
71 372
71 378
71 460
71 480
72 20
72 64
72 114
72 127
72 141
72 189
72 206
72 210
72 220
72 280
72 282
72 335
72 346
72 419
73 37
73 160
73 227
73 345
73 379
73 414
73 439
73 483
74 46
74 97
74 144
74 161
74 202
74 204
74 219
74 237
74 266
74 280
74 332
74 358
74 396
74 406
74 421
74 481
74 487
75 36
75 81
75 86
75 96
75 124
75 336
75 337
75 354
75 363
75 371
75 376
75 447
76 33
76 156
76 163
76 169
76 311
76 327
76 361
76 366
76 402
76 454
76 490
77 4
77 5
77 43
77 85
77 116
77 162
77 211
77 247
77 258
77 330
77 362
77 379
77 488
78 15
78 19
78 71
78 97
78 172
78 175
78 186
78 194
78 227
78 277
78 319
78 340
78 379
78 381
78 445
78 470
78 490
79 13
79 66
79 186
79 207
79 264
79 292
79 309
79 326
79 333
79 334
79 391
79 449
80 2
80 30
80 103
80 163
80 227
80 247
80 250
80 296
80 342
80 346
80 382
80 395
80 397
80 403
80 447
80 493
80 495
81 44
81 57
81 75
81 88
81 106
81 151
81 152
81 215
81 223
81 237
81 282
81 299
81 335
81 383
81 466
81 493
82 100
82 111
82 165
82 175
82 231
82 257
82 317
82 325
83 29
83 62
83 119
83 299
83 306
83 309
83 361
83 395
83 422
83 444
83 455
84 22
84 27
84 32
84 103
84 111
84 112
84 122
84 130
84 165
84 201
84 216
84 256
84 282
84 356
84 432
84 447
84 450
84 466
84 474
84 490
85 77
85 130
85 131
85 161
85 201
85 205
85 362
85 366
85 423
85 430
85 458
85 485
86 1
86 75
86 92
86 134
86 151
86 160
86 214
86 261
86 262
86 283
86 401
86 473
87 14
87 69
87 207
87 230
87 247
87 260
87 312
87 313
87 414
87 419
87 461
88 5
88 81
88 90
88 96
88 179
88 200
88 269
88 315
88 330
88 350
88 367
88 407
88 455
89 1
89 46
89 63
89 116
89 201
89 342
89 390
89 403
90 19
90 44
90 88
90 119
90 237
90 266
90 281
90 283
90 302
90 358
90 359
91 55
91 92
91 106
91 170
91 219
91 245
91 272
91 311
91 392
91 425
91 431
92 12
92 61
92 86
92 91
92 115
92 140
92 156
92 313
92 316
92 376
92 468
92 484
92 494
93 18
93 110
93 137
93 161
93 185
93 213
93 285
93 324
93 348
93 447
93 457
93 472
94 2
94 16
94 25
94 34
94 50
94 105
94 156
94 180
94 193
94 245
94 322
94 357
94 366
94 375
94 401
94 409
94 476
94 495
95 41
95 134
95 176
95 193
95 205
95 290
95 307
95 335
95 338
95 444
96 21
96 49
96 56
96 61
96 75
96 88
96 137
96 145
96 158
96 191
96 324
96 327
96 343
96 352
96 400
96 404
96 435
96 446
97 74
97 78
97 117
97 129
97 130
97 159
97 191
97 379
97 437
98 230
98 278
98 285
98 379
98 380
98 417
98 430
98 487
99 63
99 151
99 159
99 223
99 224
99 257
99 277
99 300
100 2
100 16
100 65
100 66
100 82
100 116
100 185
100 229
100 259
100 294
100 348
100 363
100 435
100 442
100 443
100 450
100 488
101 12
101 142
101 149
101 202
101 216
101 237
101 240
101 285
101 341
101 385
101 413
101 418
102 47
102 52
102 311
102 355
102 396
102 421
102 480
102 499
103 14
103 19
103 80
103 84
103 126
103 161
103 163
103 200
103 219
103 289
103 331
103 333
103 365
103 428
104 56
104 57
104 123
104 139
104 159
104 192
104 363
104 367
104 389
104 418
105 30
105 94
105 141
105 297
105 309
105 354
105 359
105 435
105 473
106 23
106 24
106 47
106 81
106 91
106 129
106 135
106 158
106 191
106 201
106 222
106 327
106 395
106 402
106 437
106 460
106 477
107 19
107 42
107 140
107 174
107 202
107 204
107 207
107 285
107 304
107 333
107 401
107 459
108 3
108 19
108 123
108 155
108 262
108 279
108 353
108 445
108 451
109 32
109 45
109 116
109 169
109 186
109 256
109 297
109 304
109 354
109 387
109 403
109 417
110 3
110 46
110 55
110 93
110 111
110 124
110 167
110 247
110 292
110 293
110 311
110 324
110 355
110 356
110 377
110 404
110 434
110 451
110 460
111 53
111 82
111 84
111 110
111 218
111 274
111 305
111 386
111 391
111 495
112 11
112 28
112 53
112 84
112 157
112 210
112 225
112 263
112 299
112 423
112 432
112 496
113 16
113 40
113 69
113 121
113 166
113 216
113 348
113 349
113 352
113 391
113 416
114 58
114 72
114 210
114 226
114 268
114 298
114 323
114 389
114 420
115 4
115 92
115 142
115 198
115 234
115 291
115 389
116 59
116 77
116 89
116 100
116 109
116 189
116 222
116 318
116 344
116 379
116 402
116 424
116 428
116 478
117 51
117 59
117 97
117 123
117 146
117 187
117 192
117 386
117 409
117 412
118 154
118 185
118 211
118 298
118 337
118 367
118 373
118 377
118 416
118 442
119 18
119 83
119 90
119 129
119 139
119 177
119 188
119 198
119 202
119 236
119 279
119 284
119 290
119 311
119 340
119 353
119 412
119 439
119 456
119 461
120 4
120 59
120 125
120 131
120 174
120 180
120 191
120 262
120 276
120 368
120 373
120 425
121 57
121 68
121 70
121 113
121 169
121 246
121 324
121 352
121 404
121 437
121 440
121 453
122 15
122 20
122 84
122 135
122 160
122 186
122 293
122 335
122 354
122 415
122 427
123 19
123 63
123 104
123 108
123 117
123 152
123 154
123 166
123 171
123 188
123 206
123 271
123 284
123 356
123 486
124 75
124 110
124 126
124 220
124 272
124 282
124 288
124 333
124 368
124 397
124 459
125 33
125 120
125 234
125 281
125 314
125 458
125 476
125 478
126 0
126 27
126 56
126 103
126 124
126 137
126 201
126 202
126 220
126 221
126 250
126 266
126 280
126 301
126 308
126 317
126 434
126 452
126 484
127 14
127 60
127 67
127 72
127 165
127 204
127 234
127 360
127 431
127 443
127 451
128 5
128 28
128 29
128 33
128 169
128 186
128 213
128 231
128 263
128 309
128 344
128 347
128 370
128 392
129 97
129 106
129 119
129 166
129 176
129 269
129 332
129 335
129 413
129 460
130 39
130 84
130 85
130 97
130 141
130 175
130 227
130 303
130 328
130 362
130 395
130 426
130 429
130 449
131 39
131 85
131 120
131 145
131 158
131 173
131 212
131 303
131 348
131 397
131 408
131 452
131 467
132 20
132 47
132 182
132 184
132 198
132 219
132 238
132 493
133 0
133 30
133 49
133 138
133 275
133 322
133 376
133 431
133 451
133 470
134 19
134 37
134 86
134 95
134 162
134 207
134 237
134 248
134 348
134 350
134 351
134 360
134 380
134 481
135 28
135 47
135 106
135 122
135 172
135 222
135 258
135 305
135 312
135 348
135 423
135 438
135 450
135 496
136 38
136 294
136 359
136 387
136 491
137 93
137 96
137 126
137 177
137 222
137 257
137 267
137 373
137 462
137 480
137 498
138 40
138 133
138 219
138 227
138 250
138 282
138 322
138 479
139 30
139 104
139 119
139 177
139 344
139 381
139 407
139 408
139 413
139 437
139 440
139 470
139 491
140 39
140 40
140 92
140 107
140 152
140 160
140 328
140 365
140 398
140 499
141 8
141 23
141 72
141 105
141 130
141 238
141 260
141 411
141 469
141 475
142 9
142 18
142 45
142 50
142 101
142 115
142 147
142 156
142 163
142 189
142 198
142 240
142 275
142 283
142 330
142 349
142 394
142 456
142 466
143 28
143 68
143 150
143 183
143 192
143 193
143 194
143 215
143 247
143 395
143 400
143 421
143 484
144 74
144 161
144 220
144 237
144 247
144 311
144 343
144 388
144 450
145 10
145 27
145 49
145 53
145 96
145 131
145 169
145 197
145 269
145 284
145 320
145 366
145 377
145 383
145 390
145 429
145 452
146 117
146 154
146 196
146 224
146 245
146 403
146 461
147 20
147 45
147 142
147 355
147 361
147 416
147 485
148 11
148 39
148 48
148 185
148 188
148 216
148 222
148 264
148 282
148 334
149 101
149 194
149 206
149 233
149 276
149 320
149 444
149 490
150 29
150 143
150 204
150 215
150 261
150 284
150 293
150 405
150 412
150 414
150 435
151 19
151 81
151 86
151 99
151 254
151 273
151 275
151 281
151 350
151 367
151 378
151 463
151 479
151 496
152 43
152 71
152 81
152 123
152 140
152 170
152 175
152 216
152 238
152 334
152 356
152 376
152 418
152 453
153 15
153 29
153 59
153 69
153 184
153 200
153 204
153 205
153 267
153 279
153 326
153 338
153 370
153 390
153 403
153 442
153 486
154 64
154 69
154 118
154 123
154 146
154 156
154 192
154 262
154 269
154 290
154 304
154 317
154 367
154 379
154 394
154 444
154 462
154 481
154 484
155 108
155 157
155 192
155 195
155 204
155 280
155 300
155 306
155 310
155 315
155 320
155 326
155 351
155 464
155 475
156 76
156 92
156 94
156 142
156 154
156 170
156 178
156 179
156 241
156 250
156 297
156 316
156 325
156 344
156 348
156 486
157 69
157 112
157 155
157 169
157 282
157 327
157 346
158 14
158 25
158 30
158 47
158 96
158 106
158 131
158 181
158 201
158 271
158 308
158 331
158 412
158 443
158 458
159 1
159 49
159 65
159 97
159 99
159 104
159 160
159 166
159 177
159 243
159 250
159 314
159 325
159 376
159 379
159 459
159 480
160 12
160 73
160 86
160 122
160 140
160 159
160 205
160 263
160 369
160 478
160 492
161 5
161 40
161 74
161 85
161 93
161 103
161 144
161 176
161 189
161 190
161 197
161 236
161 237
161 256
161 309
161 360
161 377
161 484
162 47
162 77
162 134
162 173
162 184
162 201
162 217
162 219
162 351
162 378
162 379
162 394
162 454
162 472
163 44
163 47
163 50
163 76
163 80
163 103
163 142
163 200
163 275
163 351
163 386
163 442
163 455
163 459
164 208
164 267
164 278
164 334
164 354
164 368
164 390
164 410
164 438
164 457
164 482
165 20
165 33
165 40
165 52
165 82
165 84
165 127
165 279
165 282
165 304
165 352
165 367
165 372
165 410
166 1
166 67
166 113
166 123
166 129
166 159
166 215
166 257
166 358
166 378
166 403
166 435
167 35
167 66
167 110
167 236
167 328
167 409
167 410
167 421
167 434
167 468
167 473
168 37
168 46
168 374
168 381
168 411
169 53
169 76
169 109
169 121
169 128
169 145
169 157
169 173
169 196
169 217
169 220
169 267
169 331
169 365
169 392
169 406
169 476
170 0
170 21
170 62
170 91
170 152
170 156
170 187
170 190
170 193
170 237
170 305
170 331
170 353
170 412
170 442
170 484
171 50
171 123
171 177
171 210
171 248
171 307
171 346
171 348
171 465
172 12
172 34
172 55
172 78
172 135
172 180
172 200
172 227
172 256
172 273
172 282
172 294
172 356
172 424
172 462
172 467
172 469
172 498
173 12
173 62
173 64
173 131
173 162
173 169
173 185
173 189
173 222
173 229
173 495
174 16
174 64
174 65
174 107
174 120
174 204
174 226
174 310
174 414
174 477
175 2
175 40
175 78
175 82
175 130
175 152
175 189
175 243
175 244
175 249
175 380
175 420
176 7
176 52
176 95
176 129
176 161
176 179
176 185
176 253
176 330
176 353
176 404
176 468
177 2
177 53
177 119
177 137
177 139
177 159
177 171
177 214
177 282
177 285
177 297
177 318
177 335
177 336
177 341
177 439
177 447
177 499
178 8
178 24
178 26
178 156
178 179
178 279
178 303
178 328
178 329
178 447
179 27
179 50
179 57
179 88
179 156
179 176
179 178
179 251
179 273
179 278
179 307
179 310
179 396
179 462
180 20
180 21
180 94
180 120
180 172
180 274
180 294
180 364
180 384
180 395
181 9
181 158
181 200
181 221
181 256
181 398
181 403
181 446
181 455
181 460
181 464
182 65
182 132
182 207
182 214
182 354
182 480
182 483
183 71
183 143
183 184
183 228
183 275
183 278
183 356
183 414
183 419
183 428
183 429
183 434
183 497
183 498
184 21
184 63
184 68
184 132
184 153
184 162
184 183
184 219
184 279
184 316
184 381
184 385
184 388
184 395
184 425
185 32
185 93
185 100
185 118
185 148
185 173
185 176
185 238
185 306
185 313
185 315
185 318
185 341
185 344
185 450
185 459
186 24
186 78
186 79
186 109
186 122
186 128
186 219
186 252
186 270
186 312
186 313
186 475
186 498
187 0
187 49
187 117
187 170
187 222
187 224
187 299
187 365
187 373
187 382
187 460
187 472
187 495
188 4
188 34
188 36
188 119
188 123
188 148
188 195
188 265
188 281
188 331
188 366
188 374
188 427
188 446
188 449
188 476
189 62
189 72
189 116
189 142
189 161
189 173
189 175
189 238
189 270
189 279
189 310
189 332
189 335
189 371
189 388
189 432
190 5
190 161
190 170
190 192
190 206
190 266
190 295
190 345
190 418
190 439
190 490
191 28
191 38
191 48
191 58
191 96
191 97
191 106
191 120
191 229
191 294
191 314
191 350
191 361
191 383
191 385
191 406
191 411
192 19
192 44
192 53
192 70
192 104
192 117
192 143
192 154
192 155
192 190
192 210
192 270
192 303
192 328
192 334
192 341
192 394
192 440
192 471
192 493
193 3
193 28
193 66
193 94
193 95
193 143
193 170
193 198
193 276
193 287
193 308
193 309
193 356
193 387
193 388
193 406
193 417
194 41
194 78
194 143
194 149
194 209
194 254
194 341
194 405
195 5
195 17
195 48
195 155
195 188
195 215
195 242
195 457
196 62
196 146
196 169
196 287
196 307
196 325
196 419
196 443
196 471
196 478
197 28
197 145
197 161
197 204
197 257
197 259
197 341
197 345
197 359
197 411
197 499
198 61
198 115
198 119
198 132
198 142
198 193
198 282
198 358
198 435
199 29
199 229
199 254
199 341
199 345
199 365
199 370
199 387
199 428
199 499
200 3
200 10
200 12
200 43
200 88
200 103
200 153
200 163
200 172
200 181
200 347
200 422
200 441
200 483
200 490
201 36
201 66
201 84
201 85
201 89
201 106
201 126
201 158
201 162
201 277
201 280
201 325
201 360
201 365
201 369
201 374
201 464
202 16
202 18
202 30
202 32
202 34
202 74
202 101
202 107
202 119
202 126
202 212
202 216
202 277
202 313
202 350
202 383
202 401
202 413
203 63
203 64
203 262
203 277
203 318
203 449
203 485
204 74
204 107
204 127
204 150
204 153
204 155
204 174
204 197
204 305
204 387
204 419
204 496
205 85
205 95
205 153
205 160
205 289
205 293
205 312
205 331
205 401
205 425
205 434
205 451
205 481
206 15
206 72
206 123
206 149
206 190
206 228
206 362
206 390
206 394
207 79
207 87
207 107
207 134
207 182
207 237
207 238
207 244
207 336
207 387
207 427
207 453
208 2
208 67
208 164
208 296
208 313
208 333
208 347
208 430
208 451
208 484
209 5
209 29
209 39
209 194
209 236
209 244
209 250
209 264
209 286
209 290
209 308
209 315
209 360
209 368
209 400
209 433
209 439
209 451
209 472
209 486
209 490
210 3
210 72
210 112
210 114
210 171
210 192
210 241
210 376
210 424
210 426
210 447
210 448
211 48
211 50
211 77
211 118
211 230
211 243
211 268
211 291
211 308
211 315
211 332
211 348
211 407
211 433
212 62
212 131
212 202
212 218
213 6
213 93
213 128
213 316
213 335
213 468
213 473
213 487
214 17
214 52
214 86
214 177
214 182
214 257
214 281
214 314
214 336
214 360
214 438
215 6
215 20
215 29
215 81
215 143
215 150
215 166
215 195
215 292
215 311
215 349
215 393
215 465
216 29
216 84
216 101
216 113
216 148
216 152
216 202
216 261
216 292
216 477
217 162
217 169
217 235
217 311
217 360
217 385
217 423
217 460
217 461
217 476
217 499
218 14
218 50
218 111
218 212
218 228
218 266
218 279
218 286
218 351
218 412
218 472
218 478
218 491
219 7
219 16
219 74
219 91
219 103
219 132
219 138
219 162
219 184
219 186
219 309
219 332
219 385
219 399
219 439
219 443
219 469
219 478
220 5
220 25
220 39
220 72
220 124
220 126
220 144
220 169
220 230
220 239
220 314
220 322
220 335
220 373
220 388
221 126
221 181
221 256
221 261
221 276
221 331
221 367
221 432
221 462
221 475
222 42
222 106
222 116
222 135
222 137
222 148
222 173
222 187
222 242
222 251
222 337
222 341
222 400
223 33
223 68
223 81
223 99
223 229
223 240
223 322
223 351
223 360
223 497
224 5
224 7
224 49
224 99
224 146
224 187
224 291
224 319
224 325
224 351
224 353
224 374
224 381
224 386
224 397
224 498
225 27
225 112
225 233
225 235
225 360
225 427
225 430
225 451
225 489
226 0
226 1
226 45
226 114
226 174
226 236
226 251
226 332
226 372
226 391
226 402
226 429
227 7
227 68
227 73
227 78
227 80
227 130
227 138
227 172
227 360
227 382
227 410
227 423
227 486
228 183
228 206
228 218
228 231
228 239
228 241
228 257
228 450
228 470
228 491
229 64
229 70
229 100
229 173
229 191
229 199
229 223
229 268
229 430
229 458
229 484
229 496
230 16
230 17
230 23
230 68
230 87
230 98
230 211
230 220
230 246
230 255
230 269
230 283
230 285
230 431
230 451
230 469
230 472
230 492
231 29
231 82
231 128
231 228
231 273
231 339
231 347
231 372
231 467
232 26
232 243
232 287
232 296
232 355
232 367
232 388
233 24
233 47
233 149
233 225
233 268
233 271
233 381
233 428
233 432
233 445
233 478
234 15
234 18
234 53
234 66
234 115
234 125
234 127
234 381
234 407
234 415
234 428
234 481
234 484
235 10
235 27
235 217
235 225
235 273
235 286
235 288
235 412
235 433
235 448
235 464
235 470
235 481
236 14
236 119
236 161
236 167
236 209
236 226
236 239
236 308
236 324
236 457
236 464
237 59
237 74
237 81
237 90
237 101
237 134
237 144
237 161
237 170
237 207
237 257
237 286
237 322
237 402
237 406
237 424
237 472
238 21
238 132
238 141
238 152
238 185
238 189
238 207
238 266
238 334
238 338
238 453
238 471
238 492
239 15
239 48
239 220
239 228
239 236
239 245
239 255
239 257
239 307
239 396
239 417
239 433
239 444
239 472
240 101
240 142
240 223
240 268
240 311
240 321
240 326
240 331
240 337
240 370
240 430
240 467
240 481
241 3
241 46
241 156
241 210
241 228
241 405
241 431
241 442
241 495
242 7
242 37
242 195
242 222
242 321
242 346
242 381
242 401
242 472
243 27
243 35
243 159
243 175
243 211
243 232
243 246
243 274
243 288
243 413
243 447
243 448
243 474
244 175
244 207
244 209
244 268
244 338
244 396
244 397
244 411
244 444
244 461
245 21
245 58
245 91
245 94
245 146
245 239
245 313
245 356
245 383
245 392
245 410
245 441
245 457
245 484
246 121
246 230
246 243
246 254
246 271
246 273
246 275
246 300
246 314
246 325
246 336
246 385
246 403
246 445
246 446
247 8
247 34
247 41
247 61
247 77
247 80
247 87
247 110
247 143
247 144
247 249
247 255
247 279
247 307
247 328
247 345
247 404
247 419
247 462
247 469
247 492
248 7
248 25
248 64
248 134
248 171
248 256
248 333
248 441
249 0
249 31
249 48
249 175
249 247
249 255
249 257
249 351
249 407
249 488
250 24
250 60
250 80
250 126
250 138
250 156
250 159
250 209
250 270
250 350
250 444
250 472
251 179
251 222
251 226
251 306
251 318
251 328
251 402
251 413
251 419
251 453
251 455
251 499
252 186
252 282
252 295
252 368
252 370
252 394
252 428
253 67
253 176
253 329
253 346
253 439
253 464
254 8
254 44
254 151
254 194
254 199
254 246
254 352
254 369
254 400
254 475
255 2
255 15
255 230
255 239
255 247
255 249
255 365
255 370
255 382
255 393
255 402
255 435
256 30
256 43
256 84
256 109
256 161
256 172
256 181
256 221
256 248
256 280
256 294
256 315
256 359
256 386
256 410
256 462
256 464
256 479
257 2
257 13
257 62
257 65
257 82
257 99
257 137
257 166
257 197
257 214
257 228
257 237
257 239
257 249
257 324
257 335
257 368
257 389
257 499
258 21
258 45
258 52
258 77
258 135
258 266
258 289
258 290
258 296
258 355
258 379
259 10
259 58
259 100
259 197
259 359
259 362
259 391
260 20
260 50
260 61
260 87
260 141
260 314
260 413
260 457
260 476
261 2
261 35
261 38
261 86
261 150
261 216
261 221
261 289
261 325
261 329
261 369
261 385
261 398
261 404
261 435
261 439
261 448
261 489
262 3
262 86
262 108
262 120
262 154
262 203
262 272
262 290
262 301
262 336
262 343
262 357
262 434
263 41
263 112
263 128
263 160
263 268
263 279
263 320
263 336
263 339
263 347
263 354
263 356
263 369
263 496
264 79
264 148
264 209
264 345
264 490
265 37
265 188
265 307
265 328
265 391
265 416
265 448
265 450
265 462
266 74
266 90
266 126
266 190
266 218
266 238
266 258
266 302
266 418
267 0
267 36
267 43
267 137
267 153
267 164
267 169
267 355
267 382
268 70
268 114
268 211
268 229
268 233
268 240
268 244
268 263
268 360
268 389
269 56
269 61
269 88
269 129
269 145
269 154
269 230
269 281
269 311
269 338
269 343
269 376
269 385
269 396
270 29
270 186
270 189
270 192
270 250
270 297
270 340
270 353
270 379
271 25
271 31
271 67
271 123
271 158
271 233
271 246
271 309
271 310
271 390
271 399
271 402
271 406
271 451
271 460
271 465
271 474
272 8
272 22
272 69
272 91
272 124
272 262
272 302
272 312
272 315
272 343
272 355
273 151
273 172
273 179
273 231
273 235
273 246
273 284
273 332
273 344
273 444
274 33
274 111
274 180
274 243
274 392
274 496
275 27
275 133
275 142
275 151
275 163
275 183
275 246
275 358
275 361
275 416
275 457
275 472
276 10
276 14
276 16
276 20
276 120
276 149
276 193
276 221
276 278
276 317
276 357
276 374
276 396
276 403
276 416
276 470
276 472
276 482
277 78
277 99
277 201
277 202
277 203
277 310
278 20
278 98
278 164
278 179
278 183
278 276
278 320
278 409
278 421
278 433
278 448
278 479
279 26
279 108
279 119
279 153
279 165
279 178
279 184
279 189
279 218
279 247
279 263
279 281
279 284
279 343
279 373
279 378
279 383
279 419
279 491
280 7
280 27
280 63
280 72
280 74
280 126
280 155
280 201
280 256
280 293
280 455
280 479
280 490
281 33
281 48
281 90
281 125
281 151
281 188
281 214
281 269
281 279
281 313
281 402
281 411
281 437
281 481
281 484
282 16
282 49
282 65
282 72
282 81
282 84
282 124
282 138
282 148
282 157
282 165
282 172
282 177
282 198
282 252
282 328
282 330
282 353
282 396
282 480
282 485
282 486
283 10
283 13
283 44
283 60
283 86
283 90
283 142
283 230
283 298
283 305
283 376
283 412
283 416
283 424
283 443
284 119
284 123
284 145
284 150
284 273
284 279
284 335
284 339
284 415
284 418
284 432
284 442
284 443
284 480
284 482
285 93
285 98
285 101
285 107
285 177
285 230
285 288
285 440
285 479
286 23
286 36
286 37
286 40
286 209
286 218
286 235
286 237
286 305
286 318
286 400
286 431
286 461
286 499
287 37
287 193
287 196
287 232
287 353
287 380
287 443
288 30
288 43
288 124
288 235
288 243
288 285
288 322
288 358
288 372
288 410
289 70
289 103
289 205
289 258
289 261
289 300
289 326
289 363
289 409
289 463
289 466
290 14
290 19
290 66
290 95
290 119
290 154
290 209
290 258
290 262
290 425
291 23
291 26
291 115
291 211
291 224
291 295
291 304
291 351
291 436
292 4
292 45
292 50
292 69
292 79
292 110
292 215
292 216
292 301
292 312
292 342
292 349
292 356
292 445
293 62
293 110
293 122
293 150
293 205
293 280
293 304
293 313
293 351
293 447
293 468
294 30
294 56
294 67
294 100
294 136
294 172
294 180
294 191
294 256
294 322
294 365
294 371
294 411
294 437
294 450
295 2
295 190
295 252
295 291
295 337
295 350
295 356
295 357
295 360
295 408
295 437
295 497
296 80
296 208
296 232
296 258
296 412
296 458
296 499
297 30
297 105
297 109
297 156
297 177
297 270
297 361
297 439
297 457
297 475
298 11
298 30
298 36
298 114
298 118
298 283
298 328
298 385
298 442
298 451
299 61
299 81
299 83
299 112
299 187
299 302
299 360
299 396
299 430
299 443
299 492
300 23
300 48
300 65
300 99
300 155
300 246
300 289
300 399
300 473
301 32
301 126
301 262
301 292
301 428
302 15
302 90
302 266
302 272
302 299
302 363
302 434
302 455
302 457
302 478
303 20
303 37
303 130
303 131
303 178
303 192
303 321
303 330
303 340
303 343
303 387
303 416
303 458
303 469
303 471
304 60
304 107
304 109
304 154
304 165
304 291
304 293
304 307
304 328
304 336
304 391
304 430
304 486
305 36
305 111
305 135
305 170
305 204
305 283
305 286
305 324
305 449
305 498
306 21
306 69
306 83
306 155
306 185
306 251
306 414
306 418
306 420
306 439
306 453
306 497
307 24
307 67
307 95
307 171
307 179
307 196
307 239
307 247
307 265
307 304
307 349
307 439
308 126
308 158
308 193
308 209
308 211
308 236
308 313
308 326
308 364
308 387
308 415
308 466
309 42
309 51
309 79
309 83
309 105
309 128
309 161
309 193
309 219
309 271
309 340
309 419
309 426
309 429
309 452
310 24
310 25
310 49
310 55
310 70
310 155
310 174
310 179
310 189
310 271
310 277
310 314
310 315
310 328
310 381
310 402
310 407
310 461
310 463
310 480
311 0
311 26
311 34
311 49
311 70
311 76
311 91
311 102
311 110
311 119
311 144
311 215
311 217
311 240
311 269
311 405
311 408
311 497
312 20
312 87
312 135
312 186
312 205
312 272
312 292
312 338
312 368
313 15
313 32
313 87
313 92
313 185
313 186
313 202
313 208
313 245
313 281
313 293
313 308
313 372
313 416
313 470
313 490
313 491
313 496
314 40
314 125
314 159
314 191
314 214
314 220
314 246
314 260
314 310
314 330
314 335
314 336
314 367
314 373
314 381
314 408
314 444
315 30
315 48
315 88
315 155
315 185
315 209
315 211
315 256
315 272
315 310
315 326
315 406
315 410
315 477
315 492
315 497
316 92
316 156
316 184
316 213
316 325
316 353
316 358
316 382
316 387
316 392
317 59
317 82
317 126
317 154
317 276
317 343
317 442
317 473
317 494
318 116
318 177
318 185
318 203
318 251
318 286
318 334
318 343
318 393
318 421
319 78
319 224
319 335
319 336
319 356
319 370
319 403
319 409
319 410
319 425
319 429
319 496
320 7
320 145
320 149
320 155
320 263
320 278
320 389
320 413
320 445
321 12
321 13
321 59
321 240
321 242
321 303
321 385
321 435
321 461
321 469
321 497
322 4
322 29
322 37
322 94
322 133
322 138
322 220
322 223
322 237
322 288
322 294
322 344
322 348
322 354
322 374
322 402
323 24
323 114
323 333
323 404
323 445
324 13
324 14
324 36
324 93
324 96
324 110
324 121
324 236
324 257
324 305
324 338
324 345
324 352
324 366
324 388
324 464
325 82
325 156
325 159
325 196
325 201
325 224
325 246
325 261
325 316
325 336
325 338
325 374
325 427
325 430
325 460
326 16
326 23
326 43
326 79
326 153
326 155
326 240
326 289
326 308
326 315
326 366
326 379
327 69
327 76
327 96
327 106
327 157
327 360
327 374
327 403
327 449
327 484
328 67
328 130
328 140
328 167
328 178
328 192
328 247
328 251
328 265
328 282
328 298
328 304
328 310
328 432
328 467
329 67
329 178
329 253
329 261
329 332
329 437
329 448
329 475
329 494
330 77
330 88
330 142
330 176
330 282
330 303
330 314
331 54
331 103
331 158
331 169
331 170
331 188
331 205
331 221
331 240
331 385
331 401
331 409
331 412
331 464
331 471
331 476
332 23
332 30
332 31
332 74
332 129
332 189
332 211
332 219
332 226
332 273
332 329
332 367
332 412
332 446
332 468
332 493
333 11
333 79
333 103
333 107
333 124
333 208
333 248
333 323
333 341
333 363
333 381
333 396
333 482
334 4
334 32
334 79
334 148
334 152
334 164
334 192
334 238
334 318
334 386
334 419
334 432
334 487
335 16
335 57
335 72
335 81
335 95
335 122
335 129
335 177
335 189
335 213
335 220
335 257
335 284
335 314
335 319
335 383
335 458
335 482
336 11
336 75
336 177
336 207
336 214
336 246
336 262
336 263
336 304
336 314
336 319
336 325
336 348
336 383
336 416
336 489
337 53
337 71
337 75
337 118
337 222
337 240
337 295
337 369
337 394
337 431
337 436
337 485
338 4
338 21
338 95
338 153
338 238
338 244
338 269
338 312
338 324
338 325
338 392
338 432
338 473
338 499
339 6
339 33
339 53
339 231
339 263
339 284
339 395
339 486
340 39
340 63
340 66
340 78
340 119
340 270
340 303
340 309
340 372
340 397
341 37
341 59
341 68
341 101
341 177
341 185
341 192
341 194
341 197
341 199
341 222
341 333
341 422
341 480
342 40
342 46
342 55
342 80
342 89
342 292
342 376
342 380
343 9
343 50
343 96
343 144
343 262
343 269
343 272
343 279
343 303
343 317
343 318
343 360
343 393
343 449
343 450
343 467
344 36
344 63
344 116
344 128
344 139
344 156
344 185
344 273
344 322
344 432
344 491
345 23
345 31
345 35
345 73
345 190
345 197
345 199
345 247
345 264
345 324
345 365
345 457
345 467
345 474
345 476
346 9
346 47
346 72
346 80
346 157
346 171
346 242
346 253
346 378
346 443
347 11
347 14
347 35
347 64
347 68
347 128
347 200
347 208
347 231
347 263
347 384
347 436
347 447
347 449
347 463
347 476
348 13
348 34
348 39
348 42
348 43
348 93
348 100
348 113
348 131
348 134
348 135
348 156
348 171
348 211
348 322
348 336
348 369
348 377
348 484
348 494
349 47
349 49
349 113
349 142
349 215
349 292
349 307
349 427
349 476
350 1
350 21
350 56
350 57
350 64
350 88
350 134
350 151
350 191
350 202
350 250
350 295
350 359
350 392
350 425
350 426
350 442
350 478
350 498
351 38
351 134
351 155
351 162
351 163
351 218
351 223
351 224
351 249
351 291
351 293
351 372
351 435
351 443
351 462
351 472
351 482
351 484
352 21
352 56
352 67
352 96
352 113
352 121
352 165
352 254
352 324
352 367
352 397
352 418
353 24
353 108
353 119
353 170
353 176
353 224
353 270
353 282
353 287
353 316
353 357
353 375
353 495
354 6
354 33
354 36
354 47
354 75
354 105
354 109
354 122
354 164
354 182
354 263
354 322
354 367
354 374
354 376
354 391
354 484
355 17
355 36
355 102
355 110
355 147
355 232
355 258
355 267
355 272
355 434
355 469
356 53
356 56
356 71
356 84
356 110
356 123
356 152
356 172
356 183
356 193
356 245
356 263
356 292
356 295
356 319
356 361
356 381
356 419
356 431
356 466
356 469
356 476
357 3
357 37
357 94
357 262
357 276
357 295
357 353
357 372
357 390
357 421
357 489
357 495
358 9
358 32
358 33
358 74
358 90
358 166
358 198
358 275
358 288
358 316
358 428
358 430
358 496
359 9
359 27
359 90
359 105
359 136
359 197
359 256
359 259
359 350
359 426
359 459
359 496
360 58
360 127
360 134
360 161
360 201
360 209
360 214
360 217
360 223
360 225
360 227
360 268
360 295
360 299
360 327
360 343
360 450
361 15
361 47
361 56
361 76
361 83
361 147
361 191
361 275
361 297
361 356
361 407
361 417
361 433
361 435
361 438
361 440
362 25
362 40
362 77
362 85
362 130
362 206
362 259
362 397
362 398
362 400
362 442
362 443
362 457
362 461
362 489
363 75
363 100
363 104
363 289
363 302
363 333
363 377
363 424
363 452
364 5
364 50
364 60
364 180
364 308
364 400
364 414
364 418
364 451
365 21
365 103
365 140
365 169
365 187
365 199
365 201
365 255
365 294
365 345
365 369
365 469
365 488
365 490
365 495
366 42
366 47
366 76
366 85
366 94
366 145
366 188
366 324
366 326
367 8
367 44
367 48
367 88
367 104
367 118
367 151
367 154
367 165
367 221
367 232
367 314
367 332
367 352
367 354
367 370
367 401
367 448
368 32
368 120
368 124
368 164
368 209
368 252
368 257
368 312
368 370
368 390
369 15
369 24
369 28
369 64
369 160
369 201
369 254
369 261
369 263
369 337
369 348
369 365
370 64
370 128
370 153
370 199
370 240
370 252
370 255
370 319
370 367
370 368
370 441
371 46
371 75
371 189
371 294
371 376
371 396
371 417
371 431
371 463
372 33
372 71
372 165
372 226
372 231
372 288
372 313
372 340
372 351
372 357
372 405
372 409
372 461
372 483
372 489
372 495
373 52
373 118
373 120
373 137
373 187
373 220
373 279
373 314
373 424
373 442
373 479
373 490
374 11
374 168
374 188
374 201
374 224
374 276
374 322
374 325
374 327
374 354
374 425
374 490
375 0
375 31
375 94
375 353
375 385
375 420
375 439
376 43
376 75
376 92
376 133
376 152
376 159
376 210
376 269
376 283
376 342
376 354
376 371
376 381
376 401
376 432
376 488
377 68
377 110
377 118
377 145
377 161
377 348
377 363
377 379
378 36
378 54
378 71
378 151
378 162
378 166
378 279
378 346
378 425
379 73
379 77
379 78
379 97
379 98
379 116
379 154
379 159
379 162
379 258
379 270
379 326
379 377
380 1
380 7
380 65
380 98
380 134
380 175
380 287
380 342
380 401
380 471
381 29
381 59
381 78
381 139
381 168
381 184
381 224
381 233
381 234
381 242
381 310
381 314
381 333
381 356
381 376
381 384
381 393
381 428
381 455
381 481
381 485
381 492
382 1
382 53
382 80
382 187
382 227
382 255
382 267
382 316
382 392
382 423
382 492
383 8
383 12
383 18
383 43
383 81
383 145
383 191
383 202
383 245
383 279
383 335
383 336
383 467
384 2
384 180
384 347
384 381
384 408
384 469
384 472
384 477
384 490
385 101
385 184
385 191
385 217
385 219
385 246
385 261
385 269
385 298
385 321
385 331
385 375
385 420
385 465
386 52
386 111
386 117
386 163
386 224
386 256
386 334
386 399
386 456
387 32
387 38
387 48
387 109
387 136
387 193
387 199
387 204
387 207
387 303
387 308
387 316
387 444
387 449
387 499
388 27
388 35
388 144
388 184
388 189
388 193
388 220
388 232
388 324
388 400
388 473
388 494
389 104
389 114
389 115
389 257
389 268
389 320
389 416
389 422
389 434
390 10
390 34
390 89
390 145
390 153
390 164
390 206
390 271
390 357
390 368
390 414
390 432
390 456
391 10
391 18
391 48
391 49
391 79
391 111
391 113
391 226
391 259
391 265
391 304
391 354
391 427
391 431
391 439
391 452
391 478
392 19
392 53
392 91
392 128
392 169
392 245
392 274
392 316
392 338
392 350
392 382
392 395
393 215
393 255
393 318
393 343
393 381
393 416
393 417
393 450
393 496
394 8
394 27
394 52
394 142
394 154
394 162
394 192
394 206
394 252
394 337
394 404
394 459
395 22
395 37
395 45
395 80
395 83
395 106
395 130
395 143
395 180
395 184
395 339
395 392
395 489
396 15
396 45
396 74
396 102
396 179
396 239
396 244
396 269
396 276
396 282
396 299
396 333
396 371
396 397
396 431
397 80
397 124
397 131
397 224
397 244
397 340
397 352
397 362
397 396
397 413
397 464
397 482
398 23
398 35
398 140
398 181
398 261
398 362
398 449
399 2
399 11
399 43
399 69
399 219
399 271
399 300
399 386
399 429
400 28
400 29
400 51
400 96
400 143
400 209
400 222
400 254
400 286
400 362
400 364
400 388
400 410
400 428
400 461
400 470
401 7
401 11
401 43
401 86
401 94
401 107
401 202
401 205
401 242
401 331
401 367
401 376
401 380
401 415
401 439
401 481
402 56
402 76
402 106
402 116
402 226
402 237
402 251
402 255
402 271
402 281
402 310
402 322
402 409
402 421
402 449
402 468
403 0
403 29
403 68
403 80
403 89
403 109
403 146
403 153
403 166
403 181
403 246
403 276
403 319
403 327
403 436
403 458
403 465
404 3
404 24
404 96
404 110
404 121
404 176
404 247
404 261
404 323
404 394
404 414
405 23
405 70
405 150
405 194
405 241
405 311
405 372
405 456
406 34
406 67
406 74
406 169
406 191
406 193
406 237
406 271
406 315
406 467
406 468
406 469
407 28
407 54
407 68
407 88
407 139
407 211
407 234
407 249
407 310
407 361
407 448
407 455
408 44
408 61
408 131
408 139
408 295
408 311
408 314
408 384
408 441
408 465
409 1
409 5
409 10
409 34
409 94
409 117
409 167
409 278
409 289
409 319
409 331
409 372
409 402
409 412
409 418
409 423
409 476
409 486
409 499
410 164
410 165
410 167
410 227
410 245
410 256
410 288
410 315
410 319
410 400
410 419
410 432
410 450
410 472
411 54
411 141
411 168
411 191
411 197
411 244
411 281
411 294
411 418
411 420
411 470
412 48
412 117
412 119
412 150
412 158
412 170
412 218
412 235
412 283
412 296
412 331
412 332
412 409
412 433
412 438
412 483
413 67
413 101
413 129
413 139
413 202
413 243
413 251
413 260
413 320
413 397
413 448
413 485
414 11
414 37
414 73
414 87
414 150
414 174
414 183
414 306
414 364
414 390
414 404
414 417
414 499
415 12
415 122
415 234
415 284
415 308
415 401
415 457
415 476
416 25
416 45
416 113
416 118
416 147
416 265
416 275
416 276
416 283
416 303
416 313
416 336
416 389
416 393
416 481
417 37
417 98
417 109
417 193
417 239
417 361
417 371
417 393
417 414
417 425
417 444
417 447
417 451
417 469
417 492
418 20
418 25
418 28
418 101
418 104
418 152
418 190
418 266
418 284
418 306
418 352
418 364
418 409
418 411
418 429
418 490
419 1
419 14
419 17
419 72
419 87
419 183
419 196
419 204
419 247
419 251
419 279
419 309
419 334
419 356
419 410
419 436
419 463
420 21
420 48
420 52
420 114
420 175
420 306
420 375
420 385
420 411
420 435
420 483
421 20
421 52
421 67
421 74
421 102
421 143
421 167
421 278
421 318
421 357
421 402
422 24
422 31
422 54
422 83
422 200
422 341
422 389
422 453
423 15
423 23
423 65
423 85
423 112
423 135
423 217
423 227
423 382
423 409
423 462
423 479
424 2
424 48
424 116
424 172
424 210
424 237
424 283
424 363
424 373
425 19
425 91
425 120
425 184
425 205
425 290
425 319
425 350
425 374
425 378
425 417
425 446
425 487
425 498
426 19
426 31
426 130
426 210
426 309
426 350
426 359
426 450
426 453
426 471
426 475
426 494
427 17
427 22
427 122
427 188
427 207
427 225
427 325
427 349
427 391
427 432
427 437
428 4
428 103
428 116
428 183
428 199
428 233
428 234
428 252
428 301
428 358
428 381
428 400
428 475
428 481
428 489
429 8
429 20
429 130
429 145
429 183
429 226
429 309
429 319
429 399
429 418
429 466
430 16
430 60
430 61
430 85
430 98
430 208
430 225
430 229
430 240
430 299
430 304
430 325
430 358
430 464
430 485
431 3
431 18
431 91
431 127
431 133
431 230
431 241
431 286
431 337
431 356
431 371
431 391
431 396
431 469
431 490
432 10
432 20
432 21
432 65
432 84
432 112
432 189
432 221
432 233
432 284
432 328
432 334
432 338
432 344
432 376
432 390
432 410
432 427
432 480
433 209
433 211
433 235
433 239
433 278
433 361
433 412
433 459
433 468
434 30
434 110
434 126
434 167
434 183
434 205
434 262
434 302
434 355
434 389
434 462
434 471
434 476
435 46
435 55
435 96
435 100
435 105
435 150
435 166
435 198
435 255
435 261
435 321
435 351
435 361
435 420
435 460
436 50
436 51
436 60
436 291
436 337
436 347
436 403
436 419
436 463
436 467
436 472
436 490
437 7
437 11
437 20
437 27
437 97
437 106
437 121
437 139
437 281
437 294
437 295
437 329
437 427
437 474
438 44
438 46
438 135
438 164
438 214
438 361
438 412
438 471
439 9
439 11
439 35
439 73
439 119
439 177
439 190
439 209
439 219
439 253
439 261
439 297
439 306
439 307
439 375
439 391
439 401
439 463
440 57
440 121
440 139
440 192
440 285
440 361
440 474
441 12
441 20
441 63
441 200
441 245
441 248
441 370
441 408
441 459
441 463
442 22
442 53
442 70
442 100
442 118
442 153
442 163
442 170
442 241
442 284
442 298
442 317
442 350
442 362
442 373
442 470
442 484
443 9
443 32
443 100
443 127
443 158
443 196
443 219
443 283
443 284
443 287
443 299
443 346
443 351
443 362
443 475
444 83
444 95
444 149
444 154
444 239
444 244
444 250
444 273
444 314
444 387
444 417
444 450
444 490
445 7
445 12
445 66
445 69
445 78
445 108
445 233
445 246
445 292
445 320
445 323
445 494
446 47
446 96
446 181
446 188
446 246
446 332
446 425
446 449
446 465
447 5
447 41
447 51
447 75
447 80
447 84
447 93
447 177
447 178
447 210
447 243
447 293
447 347
447 417
447 499
448 4
448 13
448 14
448 210
448 235
448 243
448 261
448 265
448 278
448 329
448 367
448 407
448 413
448 454
449 51
449 79
449 130
449 188
449 203
449 305
449 327
449 343
449 347
449 387
449 398
449 402
449 446
450 61
450 84
450 100
450 135
450 144
450 185
450 228
450 265
450 294
450 343
450 360
450 393
450 410
450 426
450 444
450 464
450 469
450 480
450 482
451 6
451 108
451 110
451 127
451 133
451 205
451 208
451 209
451 225
451 230
451 271
451 298
451 364
451 417
451 494
452 62
452 126
452 131
452 145
452 309
452 363
452 391
452 453
453 7
453 121
453 152
453 207
453 238
453 251
453 306
453 422
453 426
453 452
454 39
454 64
454 76
454 162
454 448
454 481
455 43
455 51
455 83
455 88
455 163
455 181
455 251
455 280
455 302
455 381
455 407
455 456
455 487
456 58
456 119
456 142
456 386
456 390
456 405
456 455
456 492
457 19
457 52
457 93
457 164
457 195
457 236
457 245
457 260
457 275
457 297
457 302
457 345
457 362
457 415
458 85
458 125
458 158
458 229
458 296
458 303
458 335
458 403
458 459
459 5
459 107
459 124
459 159
459 163
459 185
459 359
459 394
459 433
459 441
459 458
460 1
460 31
460 33
460 36
460 54
460 68
460 71
460 106
460 110
460 129
460 181
460 187
460 217
460 271
460 325
460 435
460 462
460 477
461 87
461 119
461 146
461 217
461 244
461 286
461 310
461 321
461 362
461 372
461 400
462 14
462 28
462 54
462 60
462 137
462 154
462 172
462 179
462 221
462 247
462 256
462 265
462 351
462 423
462 434
462 460
463 2
463 21
463 27
463 33
463 59
463 151
463 289
463 310
463 347
463 371
463 419
463 436
463 439
463 441
464 31
464 69
464 155
464 181
464 201
464 235
464 236
464 253
464 256
464 324
464 331
464 397
464 430
464 450
464 496
464 499
465 12
465 27
465 46
465 69
465 171
465 215
465 271
465 385
465 403
465 408
465 446
465 482
465 483
465 484
466 21
466 62
466 81
466 84
466 142
466 289
466 308
466 356
466 429
466 495
467 66
467 131
467 172
467 231
467 240
467 328
467 343
467 345
467 383
467 406
467 436
468 92
468 167
468 176
468 213
468 293
468 332
468 402
468 406
468 433
468 473
469 6
469 12
469 63
469 70
469 141
469 172
469 219
469 230
469 247
469 303
469 321
469 355
469 356
469 365
469 384
469 406
469 417
469 431
469 450
470 19
470 78
470 133
470 139
470 228
470 235
470 276
470 313
470 400
470 411
470 442
471 9
471 17
471 192
471 196
471 238
471 303
471 331
471 380
471 426
471 434
471 438
472 39
472 93
472 162
472 187
472 209
472 218
472 230
472 237
472 239
472 242
472 250
472 275
472 276
472 351
472 384
472 410
472 436
472 488
472 489
472 496
472 498
473 33
473 86
473 105
473 167
473 213
473 300
473 317
473 338
473 388
473 468
474 2
474 34
474 64
474 84
474 243
474 271
474 345
474 437
474 440
475 5
475 23
475 62
475 141
475 155
475 186
475 221
475 254
475 297
475 329
475 426
475 428
475 443
475 477
475 481
475 483
475 493
476 32
476 65
476 94
476 125
476 169
476 188
476 217
476 260
476 331
476 345
476 347
476 349
476 356
476 409
476 415
476 434
477 106
477 174
477 216
477 315
477 384
477 460
477 475
478 13
478 46
478 55
478 61
478 116
478 125
478 160
478 196
478 218
478 219
478 233
478 302
478 350
478 391
479 138
479 151
479 256
479 278
479 280
479 285
479 373
479 423
480 49
480 71
480 102
480 137
480 159
480 182
480 282
480 284
480 310
480 341
480 432
480 450
481 74
481 134
481 154
481 205
481 234
481 235
481 240
481 281
481 381
481 401
481 416
481 428
481 454
481 475
482 6
482 20
482 164
482 276
482 284
482 333
482 335
482 351
482 397
482 450
482 465
483 3
483 73
483 182
483 200
483 372
483 412
483 420
483 465
483 475
484 11
484 30
484 33
484 92
484 126
484 143
484 154
484 161
484 170
484 208
484 229
484 234
484 245
484 281
484 327
484 348
484 351
484 354
484 442
484 465
485 14
485 85
485 147
485 203
485 282
485 337
485 381
485 413
485 430
486 1
486 123
486 153
486 156
486 209
486 227
486 282
486 304
486 339
486 409
487 49
487 74
487 98
487 213
487 334
487 425
487 455
487 492
488 11
488 23
488 52
488 64
488 77
488 100
488 249
488 365
488 376
488 472
489 26
489 63
489 225
489 261
489 336
489 357
489 362
489 372
489 395
489 428
489 472
489 495
490 76
490 78
490 84
490 149
490 190
490 200
490 209
490 264
490 280
490 313
490 365
490 373
490 374
490 384
490 418
490 431
490 436
490 444
491 3
491 6
491 18
491 27
491 48
491 136
491 139
491 218
491 228
491 279
491 313
491 344
492 5
492 66
492 160
492 230
492 238
492 247
492 299
492 315
492 381
492 382
492 417
492 456
492 487
492 493
493 3
493 31
493 80
493 81
493 132
493 192
493 332
493 475
493 492
494 43
494 52
494 53
494 92
494 317
494 329
494 348
494 388
494 426
494 445
494 451
495 80
495 94
495 111
495 173
495 187
495 241
495 353
495 357
495 365
495 372
495 466
495 489
496 1
496 19
496 23
496 112
496 135
496 151
496 204
496 229
496 263
496 274
496 313
496 319
496 358
496 359
496 393
496 464
496 472
497 183
497 223
497 295
497 306
497 311
497 315
497 321
498 18
498 33
498 68
498 137
498 172
498 183
498 186
498 224
498 305
498 350
498 425
498 472
499 13
499 102
499 140
499 177
499 197
499 199
499 217
499 251
499 257
499 286
499 296
499 338
499 387
499 409
499 414
499 447
499 464