500 3108
0 7
0 114
0 117
0 127
0 185
0 211
0 234
0 244
0 303
0 311
0 376
0 423
1 33
1 95
1 110
1 142
1 188
1 216
1 231
1 328
1 342
1 368
1 436
1 484
2 12
2 105
2 123
2 244
2 346
2 355
2 382
2 414
2 416
2 443
3 30
3 83
3 109
3 159
3 222
3 232
3 250
3 309
3 386
3 416
3 467
4 58
4 106
4 138
4 202
4 256
4 263
4 306
4 313
4 337
4 423
4 473
4 490
5 19
5 45
5 91
5 226
5 428
5 430
5 455
5 456
5 462
6 16
6 21
6 29
6 44
6 88
6 109
6 116
6 176
6 183
6 227
6 228
6 312
6 382
6 401
6 435
6 447
6 472
6 482
7 0
7 42
7 93
7 99
7 131
7 158
7 164
7 193
7 205
7 252
7 253
7 254
7 260
7 261
7 274
7 319
7 342
7 384
7 440
7 464
7 474
7 486
8 68
8 127
8 129
8 173
8 222
8 421
8 430
8 435
8 499
9 128
9 139
9 152
9 165
9 204
9 338
9 386
10 83
10 135
10 138
10 179
10 183
10 229
10 259
10 336
10 341
10 381
10 461
11 58
11 60
11 89
11 93
11 104
11 137
11 158
11 172
11 213
11 224
11 260
11 263
11 281
11 294
11 297
11 494
12 2
12 83
12 121
12 139
12 211
12 278
12 289
12 314
12 316
12 340
12 344
13 65
13 73
13 102
13 156
13 210
13 305
13 330
13 332
13 345
13 414
13 432
13 444
13 492
14 18
14 21
14 41
14 64
14 173
14 198
14 288
14 304
14 328
14 348
14 362
14 388
14 389
14 424
14 495
15 21
15 43
15 55
15 68
15 141
15 156
15 167
15 187
15 208
15 276
15 388
15 449
16 6
16 54
16 61
16 99
16 122
16 131
16 145
16 150
16 175
16 182
16 241
16 249
16 279
16 494
17 48
17 71
17 97
17 217
17 218
17 241
17 351
17 386
18 14
18 127
18 157
18 175
18 176
18 237
18 247
18 248
18 291
18 319
18 345
18 385
18 390
18 444
18 455
18 483
19 5
19 29
19 93
19 96
19 103
19 128
19 130
19 135
19 171
19 226
19 236
19 239
19 297
19 369
19 401
19 413
19 433
19 438
19 492
20 82
20 108
20 147
20 172
20 189
20 193
20 198
20 234
20 239
20 271
20 290
20 303
20 310
20 327
20 353
20 356
20 452
20 456
20 486
20 494
21 6
21 14
21 15
21 65
21 68
21 79
21 96
21 125
21 131
21 174
21 189
21 211
21 239
21 412
21 438
21 482
22 36
22 41
22 59
22 136
22 193
22 202
22 209
22 232
22 241
22 309
22 344
23 97
23 101
23 113
23 176
23 232
23 243
23 277
23 307
23 344
23 348
23 362
23 420
23 492
24 60
24 72
24 174
24 200
24 388
24 456
25 51
25 57
25 60
25 105
25 107
25 302
25 368
25 373
25 438
25 443
25 474
26 67
26 71
26 98
26 172
26 233
26 251
26 264
26 299
26 302
26 307
26 403
26 405
26 409
26 427
27 33
27 55
27 70
27 86
27 128
27 142
27 157
27 175
27 181
27 194
27 219
27 241
27 307
27 373
27 377
27 403
27 433
27 494
28 75
28 82
28 136
28 205
28 247
28 283
28 290
28 313
28 390
28 399
28 403
28 407
28 444
29 6
29 19
29 86
29 139
29 200
29 205
29 261
29 390
29 424
30 3
30 48
30 62
30 80
30 206
30 227
30 230
30 374
30 378
30 385
30 424
30 437
30 480
31 43
31 136
31 228
31 232
31 307
31 341
31 380
31 398
31 407
31 414
31 465
31 467
32 37
32 38
32 53
32 113
32 115
32 172
32 181
32 197
32 229
32 321
32 352
32 364
32 389
32 400
32 493
33 1
33 27
33 38
33 76
33 84
33 106
33 151
33 155
33 157
33 172
33 222
33 258
33 294
33 315
33 381
33 403
33 408
33 434
33 498
34 43
34 81
34 84
34 148
34 199
34 296
34 305
34 350
34 353
34 373
34 415
34 430
34 445
34 451
34 462
35 51
35 128
35 137
35 177
35 191
35 198
35 223
35 287
35 311
35 329
35 343
35 356
35 363
35 374
35 377
35 468
36 22
36 38
36 74
36 183
36 200
36 220
36 336
36 339
36 347
36 493
37 32
37 53
37 79
37 105
37 140
37 184
37 221
37 227
37 272
37 277
37 413
37 431
37 472
38 32
38 33
38 36
38 47
38 51
38 56
38 73
38 81
38 130
38 189
38 243
38 287
38 307
38 323
38 384
38 403
38 411
38 486
39 74
39 188
39 189
39 191
39 204
39 222
39 302
39 314
39 330
39 365
39 453
39 482
39 490
40 59
40 61
40 69
40 159
40 160
40 248
40 287
40 299
40 326
40 339
40 359
40 389
40 458
40 464
41 14
41 22
41 104
41 116
41 139
41 154
41 242
41 344
41 365
41 368
42 7
42 127
42 162
42 163
42 170
42 188
42 279
42 292
42 437
42 464
42 474
43 15
43 31
43 34
43 51
43 53
43 62
43 126
43 159
43 249
43 393
44 6
44 63
44 79
44 135
44 150
44 234
44 268
44 306
44 327
44 345
44 421
44 437
44 467
45 5
45 69
45 71
45 84
45 117
45 141
45 148
45 209
45 237
45 246
45 247
45 253
45 260
45 263
45 282
45 321
45 340
45 369
45 430
45 439
46 59
46 61
46 117
46 174
46 211
46 253
46 288
46 291
46 388
46 391
46 443
46 493
47 38
47 56
47 64
47 91
47 103
47 186
47 192
47 274
47 316
47 361
47 374
47 376
47 407
47 413
47 417
47 433
47 448
47 465
47 487
47 496
48 17
48 30
48 133
48 137
48 211
48 250
48 351
48 352
48 489
49 86
49 87
49 127
49 169
49 203
49 268
49 323
49 390
49 433
49 494
50 82
50 127
50 224
50 234
50 236
50 250
50 262
50 318
50 338
50 407
50 416
50 461
50 469
51 25
51 35
51 38
51 43
51 63
51 147
51 201
51 220
51 275
51 284
51 419
51 432
52 59
52 72
52 82
52 164
52 253
52 294
52 344
52 451
53 32
53 37
53 43
53 105
53 106
53 138
53 150
53 182
53 185
53 187
53 210
53 237
53 289
53 384
53 386
53 433
54 16
54 56
54 100
54 249
54 252
54 304
54 308
54 334
54 386
54 388
54 402
54 449
55 15
55 27
55 94
55 119
55 238
55 351
55 363
55 398
55 413
55 476
56 38
56 47
56 54
56 132
56 148
56 213
56 215
56 287
56 293
56 306
56 490
56 494
57 25
57 113
57 125
57 135
57 430
57 444
57 451
58 4
58 11
58 99
58 122
58 143
58 171
58 179
58 193
58 238
58 299
58 349
58 382
58 437
58 475
58 481
59 22
59 40
59 46
59 52
59 72
59 112
59 140
59 180
59 181
59 237
59 267
59 308
59 325
59 394
59 396
60 11
60 24
60 25
60 162
60 186
60 258
60 278
60 312
60 333
60 346
60 356
60 390
60 399
60 487
61 16
61 40
61 46
61 72
61 90
61 216
61 260
61 296
61 325
61 344
61 367
61 382
61 399
61 417
61 425
61 493
62 30
62 43
62 77
62 79
62 81
62 90
62 319
62 325
62 408
62 427
63 44
63 51
63 92
63 106
63 179
63 217
63 247
63 311
63 375
63 378
63 418
63 440
63 458
64 14
64 47
64 152
64 261
64 286
64 297
64 323
64 360
64 382
64 391
64 437
64 451
64 461
64 486
64 495
65 13
65 21
65 104
65 169
65 217
65 219
65 290
65 327
65 408
65 419
65 454
66 150
66 244
66 312
66 349
66 350
66 390
66 395
66 437
66 446
67 26
67 70
67 77
67 106
67 114
67 194
67 214
67 307
67 359
67 364
67 395
67 435
67 475
68 8
68 15
68 21
68 151
68 165
68 166
68 201
68 263
68 297
68 354
69 40
69 45
69 74
69 113
69 225
69 258
69 271
69 330
69 353
69 389
69 444
69 453
69 484
70 27
70 67
70 81
70 89
70 118
70 175
70 177
70 240
70 298
70 327
70 422
71 17
71 26
71 45
71 167
71 197
71 225
71 237
71 284
71 313
71 330
71 395
71 404
71 492
71 496
72 24
72 52
72 59
72 61
72 148
72 204
72 247
72 253
72 299
72 314
72 322
72 355
72 385
72 434
72 472
72 473
72 496
73 13
73 38
73 91
73 100
73 108
73 151
73 164
73 186
73 206
73 236
73 239
73 266
73 274
73 288
73 362
73 408
73 429
73 434
73 476
74 36
74 39
74 69
74 120
74 151
74 229
74 269
74 273
74 289
74 303
74 336
74 356
74 387
74 448
74 496
75 28
75 154
75 155
75 215
75 236
75 305
75 370
75 385
76 33
76 108
76 122
76 195
76 289
76 316
76 368
76 375
76 386
76 427
77 62
77 67
77 116
77 119
77 129
77 146
77 337
77 421
77 457
77 459
77 469
78 219
78 236
78 240
78 246
78 255
78 274
78 313
78 430
78 475
79 21
79 37
79 44
79 62
79 102
79 154
79 162
79 166
79 176
79 196
79 261
79 267
79 284
79 317
79 318
79 329
79 413
79 438
79 468
79 490
79 497
79 498
80 30
80 86
80 89
80 145
80 159
80 198
80 293
80 374
80 394
80 404
80 445
81 34
81 38
81 62
81 70
81 93
81 100
81 153
81 175
81 188
81 210
81 215
81 336
81 362
81 381
81 396
81 426
81 466
82 20
82 28
82 50
82 52
82 108
82 166
82 181
82 283
82 306
82 308
82 351
82 432
82 449
82 464
83 3
83 10
83 12
83 209
83 246
83 316
83 414
83 451
83 471
84 33
84 34
84 45
84 95
84 196
84 212
84 299
84 311
84 330
84 392
84 397
84 407
84 428
84 486
85 86
85 93
85 128
85 260
85 361
85 398
85 402
85 451
85 474
85 488
85 491
86 27
86 29
86 49
86 80
86 85
86 158
86 213
86 219
86 295
86 345
86 458
86 471
87 49
87 168
87 219
87 299
87 302
87 315
87 326
87 333
87 381
87 399
88 6
88 124
88 226
88 247
88 277
88 407
88 420
88 442
88 444
88 484
89 11
89 70
89 80
89 103
89 153
89 160
89 218
89 273
89 308
89 396
89 402
89 492
89 499
90 61
90 62
90 297
90 450
91 5
91 47
91 73
91 122
91 126
91 182
91 192
91 217
91 275
91 378
91 380
91 425
91 465
92 63
92 107
92 113
92 124
92 162
92 163
92 228
92 241
92 243
92 249
92 258
92 316
92 334
92 346
92 401
92 413
92 429
92 447
92 493
93 7
93 11
93 19
93 81
93 85
93 110
93 279
93 299
93 323
93 398
93 413
93 429
93 446
94 55
94 105
94 109
94 200
94 224
94 233
94 242
94 284
94 356
94 403
94 486
95 1
95 84
95 214
95 220
95 236
95 305
95 403
95 426
95 477
95 479
96 19
96 21
96 98
96 133
96 155
96 200
96 302
96 341
96 414
96 484
97 17
97 23
97 118
97 161
97 179
97 249
97 255
97 290
97 308
97 374
97 486
97 494
98 26
98 96
98 156
98 158
98 200
98 277
98 334
98 363
98 417
98 438
99 7
99 16
99 58
99 112
99 157
99 169
99 181
99 231
99 254
99 384
99 405
99 443
99 472
99 488
100 54
100 73
100 81
100 181
100 201
100 239
100 253
100 256
100 330
100 362
100 459
100 492
101 23
101 149
101 197
101 203
101 205
101 232
101 296
101 341
101 344
101 367
101 372
101 373
101 375
101 430
101 437
101 449
101 453
101 485
101 493
102 13
102 79
102 122
102 147
102 235
102 273
102 323
102 404
102 405
103 19
103 47
103 89
103 139
103 171
103 174
103 190
103 221
103 284
103 291
103 389
103 431
104 11
104 41
104 65
104 108
104 251
104 272
104 295
104 326
104 426
104 473
105 2
105 25
105 37
105 53
105 94
105 146
105 238
105 283
105 332
105 351
105 367
105 443
105 445
105 469
105 486
105 493
105 495
105 499
106 4
106 33
106 53
106 63
106 67
106 111
106 142
106 178
106 219
106 234
106 255
106 335
106 430
106 440
106 468
107 25
107 92
107 167
107 189
107 194
107 274
107 288
107 300
107 302
107 316
107 376
107 383
107 386
107 400
107 408
107 418
108 20
108 73
108 76
108 82
108 104
108 312
108 352
108 354
108 360
108 456
109 3
109 6
109 94
109 145
109 286
109 290
109 494
110 1
110 93
110 125
110 149
110 179
110 240
110 261
110 298
110 317
110 327
110 339
110 401
110 460
110 476
111 106
111 123
111 152
111 182
111 184
111 210
111 211
111 263
111 271
111 272
111 317
111 359
112 59
112 99
112 236
112 341
112 419
113 23
113 32
113 57
113 69
113 92
113 118
113 132
113 162
113 165
113 219
113 252
113 290
113 300
113 335
113 341
113 358
114 0
114 67
114 141
114 145
114 202
114 244
114 246
114 300
114 364
114 414
114 442
114 468
114 471
115 32
115 117
115 130
115 257
115 261
116 6
116 41
116 77
116 151
116 215
116 274
116 295
116 340
116 360
116 376
116 383
116 398
116 437
117 0
117 45
117 46
117 115
117 145
117 148
117 221
117 224
117 263
117 314
117 315
117 359
117 366
117 386
117 481
117 487
118 70
118 97
118 113
118 156
118 214
118 280
118 343
118 489
119 55
119 77
119 149
119 223
119 246
119 425
120 74
120 146
120 168
120 214
120 223
120 259
120 287
120 360
120 494
121 12
121 231
121 304
121 315
121 379
121 403
121 478
122 16
122 58
122 76
122 91
122 102
122 126
122 141
122 149
122 159
122 188
122 274
122 287
122 322
122 353
122 364
122 476
122 478
122 483
122 489
123 2
123 111
123 129
123 205
123 314
123 433
123 479
124 88
124 92
124 157
124 199
124 260
124 298
124 419
124 495
125 21
125 57
125 110
125 131
125 132
125 150
125 162
125 242
125 274
125 285
125 319
125 338
125 386
125 391
125 394
125 413
125 483
126 43
126 91
126 122
126 250
126 266
126 277
126 291
126 335
126 359
126 475
126 497
126 498
127 0
127 8
127 18
127 42
127 49
127 50
127 238
127 280
127 283
127 332
127 365
127 456
127 470
127 480
127 482
128 9
128 19
128 27
128 35
128 85
128 257
128 350
128 390
128 406
128 412
128 443
128 482
129 8
129 77
129 123
129 141
129 212
129 226
129 245
129 297
129 322
129 385
129 435
129 438
129 447
129 460
130 19
130 38
130 115
130 175
130 194
130 198
130 251
130 255
130 292
130 361
130 404
130 416
130 439
130 459
130 480
131 7
131 16
131 21
131 125
131 142
131 171
131 191
131 208
131 240
131 248
131 364
131 388
131 394
131 421
131 483
131 495
132 56
132 113
132 125
132 209
132 232
132 251
132 252
132 302
132 390
132 435
132 461
132 476
133 48
133 96
133 220
133 267
133 329
133 339
133 355
133 397
133 424
133 435
133 452
133 454
134 159
134 163
134 172
134 210
134 301
134 338
134 357
134 404
135 10
135 19
135 44
135 57
135 148
135 182
135 211
135 216
135 303
135 329
135 341
135 368
135 370
135 405
135 423
136 22
136 28
136 31
136 142
136 161
136 377
136 391
136 421
136 443
136 449
136 458
136 462
136 492
137 11
137 35
137 48
137 165
137 191
137 212
137 229
137 259
137 271
137 274
137 276
137 282
137 481
138 4
138 10
138 53
138 174
138 294
138 307
138 318
138 382
138 440
138 461
138 494
139 9
139 12
139 29
139 41
139 103
139 160
139 182
139 191
139 260
139 276
139 284
139 462
139 471
140 37
140 59
140 144
140 176
140 194
140 256
140 282
140 357
140 419
140 448
140 482
140 499
141 15
141 45
141 114
141 122
141 129
141 157
141 165
141 170
141 240
141 250
141 274
141 277
141 319
141 435
141 450
142 1
142 27
142 106
142 131
142 136
142 187
142 214
142 227
142 228
142 229
142 255
142 274
142 276
142 281
142 327
142 360
142 396
142 432
142 452
143 58
143 229
143 236
143 283
143 297
143 324
143 351
144 140
144 172
144 315
144 404
144 437
145 16
145 80
145 109
145 114
145 117
145 166
145 211
145 215
145 217
145 262
145 269
145 395
145 466
145 499
146 77
146 105
146 120
146 154
146 208
146 276
146 282
146 322
146 392
146 402
146 432
146 439
147 20
147 51
147 102
147 151
147 160
147 195
147 213
147 218
147 251
147 266
147 339
147 376
147 449
147 483
148 34
148 45
148 56
148 72
148 117
148 135
148 158
148 194
148 207
148 222
148 248
148 265
148 341
148 345
149 101
149 110
149 119
149 122
149 219
149 222
149 259
149 262
149 292
149 301
149 410
149 419
149 482
150 16
150 44
150 53
150 66
150 125
150 161
150 179
150 202
150 208
150 234
150 277
150 309
150 331
150 370
150 383
150 437
150 445
150 454
150 491
150 496
151 33
151 68
151 73
151 74
151 116
151 147
151 192
151 198
151 280
151 286
151 294
151 300
151 325
151 370
151 379
151 442
151 481
151 490
152 9
152 64
152 111
152 197
152 243
152 248
152 323
152 412
152 465
153 81
153 89
153 167
153 286
153 321
153 334
153 405
153 442
154 41
154 75
154 79
154 146
154 177
154 178
154 180
154 213
154 226
154 261
154 274
154 293
154 319
154 334
154 376
154 390
154 439
154 485
154 487
155 33
155 75
155 96
155 179
155 208
155 226
155 271
155 364
155 389
155 431
155 433
155 448
155 476
156 13
156 15
156 98
156 118
156 189
156 190
156 191
156 228
156 287
156 345
156 444
156 489
157 18
157 27
157 33
157 99
157 124
157 141
157 241
157 255
157 288
157 339
157 350
157 392
157 400
157 413
157 452
157 480
157 494
158 7
158 11
158 86
158 98
158 148
158 170
158 172
158 380
158 415
158 425
158 459
158 487
159 3
159 40
159 43
159 80
159 122
159 134
159 246
159 252
159 262
159 400
159 408
160 40
160 89
160 139
160 147
160 192
160 216
160 231
160 232
160 244
160 302
160 315
160 319
160 331
160 464
160 476
160 482
161 97
161 136
161 150
161 170
161 195
161 222
161 237
161 239
161 254
161 264
161 280
161 308
161 343
161 461
162 42
162 60
162 79
162 92
162 113
162 125
162 163
162 169
162 177
162 193
162 264
162 271
162 352
162 361
162 415
162 451
162 455
162 460
162 480
163 42
163 92
163 134
163 162
163 277
163 304
163 333
163 365
163 454
164 7
164 52
164 73
164 242
164 274
164 405
164 419
164 441
164 464
165 9
165 68
165 113
165 137
165 141
165 191
165 405
166 68
166 79
166 82
166 145
166 241
166 298
166 371
167 15
167 71
167 107
167 153
167 173
167 216
167 344
167 359
167 407
167 461
168 87
168 120
168 223
168 245
168 305
168 314
168 361
168 408
168 489
169 49
169 65
169 99
169 162
169 235
169 290
169 300
169 471
170 42
170 141
170 158
170 161
170 265
170 280
170 297
170 464
170 484
171 19
171 58
171 103
171 131
171 191
171 194
171 223
171 285
171 329
171 343
171 346
171 489
172 11
172 20
172 26
172 32
172 33
172 134
172 144
172 158
172 258
172 285
172 296
172 365
172 394
172 395
172 402
172 403
172 446
172 496
173 8
173 14
173 167
173 181
173 227
173 258
173 295
173 499
174 21
174 24
174 46
174 103
174 138
174 216
174 233
174 234
174 239
174 242
174 288
174 300
174 363
174 418
174 441
175 16
175 18
175 27
175 70
175 81
175 130
175 178
175 323
175 388
175 407
175 417
175 431
176 6
176 18
176 23
176 79
176 140
176 191
176 256
176 290
176 334
176 353
176 359
176 402
176 431
176 494
177 35
177 70
177 154
177 162
177 201
177 223
177 258
177 276
177 353
177 439
177 468
177 474
178 106
178 154
178 175
178 249
178 286
178 296
178 370
178 379
178 395
178 405
178 483
178 499
179 10
179 58
179 63
179 97
179 110
179 150
179 155
179 183
179 189
179 247
179 292
179 332
179 343
179 346
179 451
179 493
180 59
180 154
180 220
180 296
180 351
180 356
180 429
180 463
181 27
181 32
181 59
181 82
181 99
181 100
181 173
181 210
181 217
181 285
181 303
181 314
181 328
181 348
181 442
181 444
182 16
182 53
182 91
182 111
182 135
182 139
182 187
182 214
182 279
182 283
182 287
182 289
182 315
182 387
182 389
182 447
182 448
182 459
182 461
183 6
183 10
183 36
183 179
183 187
183 232
183 260
183 279
183 299
183 331
183 437
183 454
184 37
184 111
184 191
184 234
184 307
184 323
184 332
184 402
184 411
184 449
184 490
185 0
185 53
185 278
185 376
185 409
185 416
185 428
185 440
185 467
185 477
185 484
186 47
186 60
186 73
186 188
186 233
186 272
186 305
186 374
186 418
186 430
186 439
186 453
186 466
187 15
187 53
187 142
187 182
187 183
187 208
187 243
187 283
187 321
187 372
187 402
187 410
187 453
187 477
187 484
187 494
188 1
188 39
188 42
188 81
188 122
188 186
188 191
188 215
188 220
188 243
188 282
188 296
188 361
188 363
188 381
188 387
188 388
188 450
189 20
189 21
189 38
189 39
189 107
189 156
189 179
189 199
189 255
189 261
189 308
189 351
189 356
189 364
189 391
189 398
189 440
189 471
189 473
190 103
190 156
190 191
190 194
190 216
190 245
190 273
190 281
190 298
190 340
190 382
190 419
190 437
190 454
191 35
191 39
191 131
191 137
191 139
191 156
191 165
191 171
191 176
191 184
191 188
191 190
191 193
191 295
191 324
191 440
192 47
192 91
192 151
192 160
192 225
192 329
192 351
192 368
192 394
192 400
192 424
192 431
192 497
193 7
193 20
193 22
193 58
193 162
193 191
193 238
193 302
193 303
193 304
193 337
193 359
193 387
193 436
194 27
194 67
194 107
194 130
194 140
194 148
194 171
194 190
194 224
194 238
194 313
194 390
194 457
194 495
195 76
195 147
195 161
195 233
195 263
195 264
195 372
195 397
195 414
195 423
196 79
196 84
196 240
196 270
196 274
196 331
196 335
196 377
196 403
196 463
196 484
196 487
197 32
197 71
197 101
197 152
197 225
197 239
197 287
197 340
197 346
197 366
197 399
197 418
197 452
198 14
198 20
198 35
198 80
198 130
198 151
198 201
198 206
198 222
198 223
198 256
198 322
198 364
198 378
199 34
199 124
199 189
199 213
199 236
199 310
199 430
199 444
200 24
200 29
200 36
200 94
200 96
200 98
200 215
200 228
200 254
200 268
200 332
200 361
200 366
200 407
200 426
201 51
201 68
201 100
201 177
201 198
201 224
201 269
201 283
201 314
201 334
201 388
201 426
201 431
202 4
202 22
202 114
202 150
202 332
202 369
203 49
203 101
203 221
203 247
203 258
203 313
203 322
203 327
203 332
203 372
203 451
203 454
203 464
204 9
204 39
204 72
204 225
204 287
204 330
204 362
204 390
204 465
205 7
205 28
205 29
205 101
205 123
205 214
205 238
205 310
205 337
205 383
205 468
205 472
205 485
205 489
206 30
206 73
206 198
206 261
206 282
206 325
206 343
206 374
206 452
207 148
207 335
207 345
207 394
207 432
207 467
207 472
208 15
208 131
208 146
208 150
208 155
208 187
208 248
208 290
208 323
208 399
208 482
209 22
209 45
209 83
209 132
209 260
209 321
209 350
209 368
209 376
209 386
209 399
209 410
209 423
209 430
209 481
209 486
210 13
210 53
210 81
210 111
210 134
210 181
210 219
210 268
210 281
210 360
210 453
210 454
210 463
210 464
210 487
211 0
211 12
211 21
211 46
211 48
211 111
211 135
211 145
211 232
211 279
211 290
211 363
211 373
211 380
211 386
211 401
211 446
211 450
212 84
212 129
212 137
212 261
212 329
212 339
212 378
212 424
213 11
213 56
213 86
213 147
213 154
213 199
213 310
213 318
213 336
213 350
213 434
214 67
214 95
214 118
214 120
214 142
214 182
214 205
214 230
214 231
214 263
214 296
214 298
214 314
214 434
214 437
215 56
215 75
215 81
215 116
215 145
215 188
215 200
215 217
215 232
215 274
215 299
215 322
215 435
215 453
215 494
216 1
216 61
216 135
216 160
216 167
216 174
216 190
216 223
216 228
216 257
216 298
216 305
216 335
216 372
216 394
216 455
216 465
216 467
216 485
216 490
217 17
217 63
217 65
217 91
217 145
217 181
217 215
217 225
217 252
217 291
217 379
217 382
217 383
218 17
218 89
218 147
218 245
218 318
218 425
218 487
219 27
219 65
219 78
219 86
219 87
219 106
219 113
219 149
219 210
219 303
219 348
219 393
219 400
219 411
219 432
220 36
220 51
220 95
220 133
220 180
220 188
220 234
220 271
220 272
220 300
220 315
220 320
220 388
220 413
220 428
220 435
220 483
221 37
221 103
221 117
221 203
221 241
221 358
221 376
221 402
221 459
221 491
222 3
222 8
222 33
222 39
222 148
222 149
222 161
222 198
222 225
222 255
222 261
222 466
222 498
223 35
223 119
223 120
223 168
223 171
223 177
223 198
223 216
223 337
223 376
223 388
223 408
223 471
223 491
224 11
224 50
224 94
224 117
224 194
224 201
224 292
224 297
224 311
224 357
224 413
224 466
224 490
225 69
225 71
225 192
225 197
225 204
225 217
225 222
225 296
225 297
225 320
225 328
225 329
225 345
225 396
225 442
225 456
226 5
226 19
226 88
226 129
226 154
226 155
226 232
226 245
226 282
226 306
226 349
226 378
226 401
226 420
227 6
227 30
227 37
227 142
227 173
227 320
227 338
227 434
228 6
228 31
228 92
228 142
228 156
228 200
228 216
228 285
228 391
228 453
229 10
229 32
229 74
229 137
229 142
229 143
229 238
229 280
229 296
229 329
229 389
229 411
229 460
229 495
230 30
230 214
230 238
230 247
230 250
230 278
230 319
230 360
230 391
230 411
230 466
231 1
231 99
231 121
231 160
231 214
231 289
231 312
231 320
231 368
231 419
231 443
231 458
231 473
232 3
232 22
232 23
232 31
232 101
232 132
232 160
232 183
232 211
232 215
232 226
232 272
232 282
232 379
232 389
232 445
232 453
233 26
233 94
233 174
233 186
233 195
233 369
233 428
233 457
234 0
234 20
234 44
234 50
234 106
234 150
234 174
234 184
234 220
234 237
234 279
234 305
234 327
234 331
234 376
234 380
234 400
234 471
235 102
235 169
235 238
235 349
235 370
235 398
236 19
236 50
236 73
236 75
236 78
236 95
236 112
236 143
236 199
236 244
236 276
236 282
236 333
236 357
236 362
236 365
236 385
236 399
236 425
236 459
236 474
236 479
236 480
236 496
237 18
237 45
237 53
237 59
237 71
237 161
237 234
237 287
237 358
237 388
237 412
237 458
237 485
237 489
238 55
238 58
238 105
238 127
238 193
238 194
238 205
238 229
238 230
238 235
238 256
238 311
238 343
238 347
238 392
238 396
238 423
238 433
238 490
238 494
239 19
239 20
239 21
239 73
239 100
239 161
239 174
239 197
239 319
239 340
239 358
239 360
239 372
239 492
240 70
240 78
240 110
240 131
240 141
240 196
240 251
240 315
240 356
240 357
240 358
240 380
240 412
241 16
241 17
241 22
241 27
241 92
241 157
241 166
241 221
241 266
241 293
241 313
241 373
241 386
242 41
242 94
242 125
242 164
242 174
242 269
242 279
242 298
242 327
242 398
242 430
242 477
243 23
243 38
243 92
243 152
243 187
243 188
243 250
243 271
243 333
243 340
243 380
243 401
243 439
243 478
244 0
244 2
244 66
244 114
244 160
244 236
244 251
244 294
244 305
244 344
244 410
244 431
244 448
245 129
245 168
245 190
245 218
245 226
245 261
245 283
245 310
245 339
245 429
246 45
246 78
246 83
246 114
246 119
246 159
246 249
246 263
246 273
246 332
246 405
246 453
246 494
247 18
247 28
247 45
247 63
247 72
247 88
247 179
247 203
247 230
247 334
247 345
247 434
248 18
248 40
248 131
248 148
248 152
248 208
248 283
248 358
248 380
248 399
248 448
248 457
249 16
249 43
249 54
249 92
249 97
249 178
249 246
249 293
249 372
249 390
249 400
249 413
249 421
249 433
249 455
249 470
249 497
250 3
250 48
250 50
250 126
250 141
250 230
250 243
250 322
250 406
251 26
251 104
251 130
251 132
251 147
251 240
251 244
251 267
251 271
251 330
252 7
252 54
252 113
252 132
252 159
252 217
252 359
252 425
252 431
252 439
252 442
252 455
253 7
253 45
253 46
253 52
253 72
253 100
253 299
253 310
253 344
253 364
254 7
254 99
254 161
254 200
254 277
254 357
254 358
254 367
254 404
254 488
255 78
255 97
255 106
255 130
255 142
255 157
255 189
255 222
255 264
255 270
255 314
255 328
255 399
255 404
255 419
255 428
256 4
256 100
256 140
256 176
256 198
256 238
256 290
256 364
256 378
256 414
256 454
256 455
256 458
256 499
257 115
257 128
257 216
257 309
257 320
257 337
257 350
257 377
257 392
257 414
257 479
257 481
258 33
258 60
258 69
258 92
258 172
258 173
258 177
258 203
258 259
258 262
258 319
258 371
258 477
258 484
258 496
259 10
259 120
259 137
259 149
259 258
259 261
259 310
259 349
259 351
259 390
259 417
259 469
259 474
260 7
260 11
260 45
260 61
260 85
260 124
260 139
260 183
260 209
260 308
260 309
260 317
260 353
261 7
261 29
261 64
261 79
261 110
261 115
261 154
261 189
261 206
261 212
261 222
261 245
261 259
261 289
261 382
261 398
262 50
262 145
262 149
262 159
262 258
262 349
262 450
262 478
263 4
263 11
263 45
263 68
263 111
263 117
263 195
263 214
263 246
263 462
264 26
264 161
264 162
264 195
264 255
264 291
264 355
264 388
264 392
264 414
264 416
264 455
264 458
265 148
265 170
265 312
265 401
265 469
265 470
266 73
266 126
266 147
266 241
266 281
266 360
266 384
266 433
266 480
266 492
267 59
267 79
267 133
267 251
267 296
267 311
267 348
268 44
268 49
268 200
268 210
268 278
268 281
268 291
268 299
268 381
268 416
268 421
268 440
268 461
268 474
268 495
269 74
269 145
269 201
269 242
269 332
269 336
269 403
269 439
269 447
270 196
270 255
270 288
270 296
270 322
270 486
271 20
271 69
271 111
271 137
271 155
271 162
271 220
271 243
271 251
271 272
271 299
271 340
271 391
271 466
272 37
272 104
272 111
272 186
272 220
272 232
272 271
272 285
272 341
272 399
272 441
272 448
272 463
273 74
273 89
273 102
273 190
273 246
273 305
273 332
273 349
273 372
273 392
273 401
273 416
273 423
274 7
274 47
274 73
274 78
274 107
274 116
274 122
274 125
274 137
274 141
274 142
274 154
274 164
274 196
274 215
274 302
274 361
274 422
274 463
274 468
275 51
275 91
275 377
275 383
275 439
275 497
276 15
276 137
276 139
276 142
276 146
276 177
276 236
276 350
276 353
276 402
276 426
276 436
276 484
277 23
277 37
277 88
277 98
277 126
277 141
277 150
277 163
277 254
277 286
277 338
278 12
278 60
278 185
278 230
278 268
278 352
278 360
278 400
278 409
279 16
279 42
279 93
279 182
279 183
279 211
279 234
279 242
279 297
279 304
279 311
279 366
279 381
279 482
280 118
280 127
280 151
280 161
280 170
280 229
280 294
280 365
280 367
280 479
281 11
281 142
281 190
281 210
281 266
281 268
281 302
281 398
281 433
282 45
282 137
282 140
282 146
282 188
282 206
282 226
282 232
282 236
282 293
282 350
282 356
282 376
282 377
282 400
282 487
282 496
283 28
283 82
283 105
283 127
283 143
283 182
283 187
283 201
283 245
283 248
283 286
283 468
283 487
284 51
284 71
284 79
284 94
284 103
284 139
285 125
285 171
285 172
285 181
285 228
285 272
285 292
285 317
285 355
285 380
285 385
285 386
285 470
286 64
286 109
286 151
286 153
286 178
286 277
286 283
286 355
286 365
286 389
286 411
286 425
286 451
286 483
286 488
287 35
287 38
287 40
287 56
287 120
287 122
287 156
287 182
287 197
287 204
287 237
287 296
287 315
287 321
287 381
287 447
288 14
288 46
288 73
288 107
288 157
288 174
288 270
288 289
288 316
288 407
288 485
288 494
289 12
289 53
289 74
289 76
289 182
289 231
289 261
289 288
289 360
289 366
289 380
289 394
289 414
289 468
290 20
290 28
290 65
290 97
290 109
290 113
290 169
290 176
290 208
290 211
290 256
290 292
290 315
290 330
290 338
290 485
290 498
291 18
291 46
291 103
291 126
291 217
291 264
291 268
291 324
291 361
291 399
291 499
292 42
292 130
292 149
292 179
292 224
292 285
292 290
292 403
292 474
292 498
293 56
293 80
293 154
293 241
293 249
293 282
293 324
293 391
293 461
293 463
293 491
294 11
294 33
294 52
294 138
294 151
294 244
294 280
294 310
294 385
294 460
294 499
295 86
295 104
295 116
295 173
295 191
295 410
295 454
295 468
296 34
296 61
296 101
296 172
296 178
296 180
296 188
296 214
296 225
296 229
296 267
296 270
296 287
296 310
296 353
296 381
296 432
296 476
296 488
297 11
297 19
297 64
297 68
297 90
297 129
297 143
297 170
297 224
297 225
297 279
297 365
297 378
297 381
297 440
297 470
297 479
297 486
298 70
298 110
298 124
298 166
298 190
298 214
298 216
298 242
298 306
298 369
299 26
299 40
299 58
299 72
299 84
299 87
299 93
299 183
299 215
299 253
299 268
299 271
299 341
299 488
300 107
300 113
300 114
300 151
300 169
300 174
300 220
300 321
300 340
300 371
300 408
300 442
300 453
300 465
301 134
301 149
301 320
301 343
301 366
301 379
301 421
301 472
301 495
302 25
302 26
302 39
302 87
302 96
302 107
302 132
302 160
302 193
302 274
302 281
302 477
303 0
303 20
303 74
303 135
303 181
303 193
303 219
303 311
303 380
303 415
303 425
303 433
303 441
303 444
304 14
304 54
304 121
304 163
304 193
304 279
304 305
304 346
304 363
304 423
304 442
304 484
304 492
304 497
305 13
305 34
305 75
305 95
305 168
305 186
305 216
305 234
305 244
305 273
305 304
305 364
305 370
305 387
305 436
305 438
305 470
305 485
305 497
306 4
306 44
306 56
306 82
306 226
306 298
306 312
306 323
306 389
306 433
306 439
306 449
306 492
307 23
307 26
307 27
307 31
307 38
307 67
307 138
307 184
307 406
307 416
307 437
308 54
308 59
308 82
308 89
308 97
308 161
308 189
308 260
308 386
308 389
308 392
308 484
309 3
309 22
309 150
309 257
309 260
309 416
309 471
309 481
310 20
310 199
310 205
310 213
310 245
310 253
310 259
310 294
310 296
310 350
310 361
310 373
310 401
310 476
311 0
311 35
311 63
311 84
311 224
311 238
311 267
311 279
311 303
311 319
311 380
311 390
311 432
311 458
311 464
312 6
312 60
312 66
312 108
312 231
312 265
312 306
312 355
312 375
312 427
313 4
313 28
313 71
313 78
313 194
313 203
313 241
313 315
313 342
313 348
313 368
313 473
313 494
313 496
314 12
314 39
314 72
314 117
314 123
314 168
314 181
314 201
314 214
314 255
314 324
314 419
314 453
314 463
315 33
315 87
315 117
315 121
315 144
315 160
315 182
315 220
315 240
315 287
315 290
315 313
315 346
315 457
316 12
316 47
316 76
316 83
316 92
316 107
316 288
316 431
316 483
316 486
317 79
317 110
317 111
317 260
317 285
317 387
317 388
317 477
318 50
318 79
318 138
318 213
318 218
318 423
318 440
318 463
318 494
319 7
319 18
319 62
319 125
319 141
319 154
319 160
319 230
319 239
319 258
319 311
319 442
319 457
319 480
320 220
320 225
320 227
320 231
320 257
320 301
320 334
320 375
320 395
320 427
320 428
321 32
321 45
321 153
321 187
321 209
321 287
321 300
321 324
321 344
321 345
321 373
321 465
321 466
321 498
322 72
322 122
322 129
322 146
322 198
322 203
322 215
322 250
322 270
322 375
322 439
322 471
323 38
323 49
323 64
323 93
323 102
323 152
323 175
323 184
323 208
323 306
323 324
323 345
323 363
323 423
323 426
323 480
323 497
324 143
324 191
324 291
324 293
324 314
324 321
324 323
324 349
324 360
324 445
324 451
325 59
325 61
325 62
325 151
325 206
325 341
325 360
325 369
325 374
325 401
325 405
325 438
325 451
326 40
326 87
326 104
326 344
326 432
327 20
327 44
327 65
327 70
327 110
327 142
327 203
327 234
327 242
327 329
327 359
327 378
327 393
327 401
327 422
328 1
328 14
328 181
328 225
328 255
328 349
328 393
328 474
328 484
329 35
329 79
329 133
329 135
329 171
329 192
329 212
329 225
329 229
329 327
329 348
329 359
329 436
329 438
330 13
330 39
330 69
330 71
330 84
330 100
330 204
330 251
330 290
330 363
330 414
330 454
331 150
331 160
331 183
331 196
331 234
331 349
331 376
331 413
331 473
331 487
331 492
331 499
332 13
332 105
332 127
332 179
332 184
332 200
332 202
332 203
332 246
332 269
332 273
332 337
332 407
332 413
332 416
332 423
332 433
332 495
333 60
333 87
333 163
333 236
333 243
333 340
333 379
333 395
333 423
333 479
334 54
334 92
334 98
334 153
334 154
334 176
334 201
334 247
334 320
334 352
334 353
334 398
334 425
334 444
334 445
334 458
334 488
335 106
335 113
335 126
335 196
335 207
335 216
335 344
335 350
335 359
335 409
335 469
335 475
336 10
336 36
336 74
336 81
336 213
336 269
336 355
336 374
336 408
336 430
336 448
336 463
336 466
337 4
337 77
337 193
337 205
337 223
337 257
337 332
337 353
337 492
337 499
338 9
338 50
338 125
338 134
338 227
338 277
338 290
338 355
338 376
338 386
338 422
338 431
339 36
339 40
339 110
339 133
339 147
339 157
339 212
339 245
339 355
339 461
340 12
340 45
340 116
340 190
340 197
340 239
340 243
340 271
340 300
340 333
340 354
340 378
340 424
340 446
341 10
341 31
341 96
341 101
341 112
341 113
341 135
341 148
341 272
341 299
341 325
341 376
341 391
341 393
341 467
341 469
342 1
342 7
342 313
342 370
342 397
342 459
342 461
342 491
343 35
343 118
343 161
343 171
343 179
343 206
343 238
343 301
343 360
343 363
343 378
343 380
343 435
343 470
343 473
343 494
344 12
344 22
344 23
344 41
344 52
344 61
344 101
344 167
344 244
344 253
344 321
344 326
344 335
344 354
344 399
344 409
344 414
344 426
344 438
345 13
345 18
345 44
345 86
345 148
345 156
345 207
345 225
345 247
345 321
345 323
345 368
345 388
345 415
345 451
345 467
345 489
345 497
346 2
346 60
346 92
346 171
346 179
346 197
346 304
346 315
346 352
346 394
346 405
346 492
347 36
347 238
347 459
348 14
348 23
348 181
348 219
348 267
348 313
348 329
348 364
348 372
348 428
348 442
348 458
348 490
349 58
349 66
349 226
349 235
349 259
349 262
349 273
349 324
349 328
349 331
349 412
350 34
350 66
350 128
350 157
350 209
350 213
350 257
350 276
350 282
350 310
350 335
350 482
351 17
351 48
351 55
351 82
351 105
351 143
351 180
351 189
351 192
351 259
351 429
351 466
351 479
352 32
352 48
352 108
352 162
352 278
352 334
352 346
352 431
352 442
352 447
352 456
352 472
352 483
353 20
353 34
353 69
353 122
353 176
353 177
353 260
353 276
353 296
353 334
353 337
353 359
353 401
353 414
353 417
353 477
354 68
354 108
354 340
354 344
354 444
354 493
355 2
355 72
355 133
355 264
355 285
355 286
355 312
355 336
355 338
355 339
355 361
355 417
355 456
356 20
356 35
356 60
356 74
356 94
356 180
356 189
356 240
356 282
356 363
356 477
357 134
357 140
357 224
357 236
357 240
357 254
357 469
358 113
358 221
358 237
358 239
358 240
358 248
358 254
358 359
358 366
358 414
358 489
359 40
359 67
359 111
359 117
359 126
359 167
359 176
359 193
359 252
359 327
359 329
359 335
359 353
359 358
359 405
359 409
359 448
359 450
360 64
360 108
360 116
360 120
360 142
360 210
360 230
360 239
360 266
360 278
360 289
360 324
360 325
360 343
360 459
360 481
360 486
361 47
361 85
361 130
361 162
361 168
361 188
361 200
361 274
361 291
361 310
361 355
361 406
361 424
361 434
361 439
362 14
362 23
362 73
362 81
362 100
362 204
362 236
362 388
362 432
363 35
363 55
363 98
363 174
363 188
363 211
363 304
363 323
363 330
363 343
363 356
363 456
363 487
364 32
364 67
364 114
364 122
364 131
364 155
364 189
364 198
364 253
364 256
364 305
364 348
364 365
364 375
364 382
364 498
364 499
365 39
365 41
365 127
365 163
365 172
365 236
365 280
365 286
365 297
365 364
365 369
365 371
365 397
365 418
365 469
365 470
365 493
366 117
366 197
366 200
366 279
366 289
366 301
366 358
366 379
366 382
366 384
366 432
366 446
366 454
367 61
367 101
367 105
367 254
367 280
367 380
367 384
367 472
368 1
368 25
368 41
368 76
368 135
368 192
368 209
368 231
368 313
368 345
368 386
368 397
368 412
368 413
368 436
368 458
369 19
369 45
369 202
369 233
369 298
369 325
369 365
369 379
369 382
369 397
369 437
369 458
370 75
370 135
370 150
370 151
370 178
370 235
370 305
370 342
370 386
370 429
370 437
371 166
371 258
371 300
371 365
371 392
372 101
372 187
372 195
372 203
372 216
372 239
372 249
372 273
372 348
372 484
372 489
372 492
373 25
373 27
373 34
373 101
373 211
373 241
373 310
373 321
373 380
373 403
374 30
374 35
374 47
374 80
374 97
374 186
374 206
374 325
374 336
374 447
375 63
375 76
375 101
375 312
375 320
375 322
375 364
375 460
375 466
375 488
376 0
376 47
376 107
376 116
376 147
376 154
376 185
376 209
376 221
376 223
376 234
376 282
376 331
376 338
376 341
376 404
376 415
376 418
376 436
376 440
377 27
377 35
377 136
377 196
377 257
377 275
377 282
377 489
378 30
378 63
378 91
378 198
378 212
378 226
378 256
378 297
378 327
378 340
378 343
378 409
379 121
379 151
379 178
379 217
379 232
379 301
379 333
379 366
379 369
380 31
380 91
380 158
380 211
380 234
380 240
380 243
380 248
380 285
380 289
380 303
380 311
380 343
380 367
380 373
380 442
380 459
380 475
381 10
381 33
381 81
381 87
381 188
381 268
381 279
381 287
381 296
381 297
381 466
381 468
382 2
382 6
382 58
382 61
382 64
382 138
382 190
382 217
382 261
382 364
382 366
382 369
382 432
382 441
382 488
383 107
383 116
383 150
383 205
383 217
383 275
383 468
383 473
384 7
384 38
384 53
384 99
384 266
384 366
384 367
384 493
385 18
385 30
385 72
385 75
385 129
385 236
385 285
385 294
385 410
385 458
386 3
386 9
386 17
386 53
386 54
386 76
386 107
386 117
386 125
386 209
386 211
386 241
386 285
386 308
386 338
386 368
386 370
386 404
386 407
386 436
386 441
386 479
387 74
387 182
387 188
387 193
387 305
387 317
387 408
387 447
387 489
387 496
388 14
388 15
388 24
388 46
388 54
388 131
388 175
388 188
388 201
388 220
388 223
388 237
388 264
388 317
388 345
388 362
388 404
388 454
388 482
388 484
388 497
389 14
389 32
389 40
389 69
389 103
389 155
389 182
389 229
389 232
389 286
389 306
389 308
389 424
390 18
390 28
390 29
390 49
390 60
390 66
390 128
390 132
390 154
390 194
390 204
390 249
390 259
390 311
390 411
390 485
391 46
391 64
391 125
391 136
391 189
391 228
391 230
391 271
391 293
391 341
391 478
392 84
392 146
392 157
392 238
392 257
392 264
392 273
392 308
392 371
392 474
393 43
393 219
393 327
393 328
393 341
393 400
393 480
393 490
394 59
394 80
394 125
394 131
394 172
394 192
394 207
394 216
394 289
394 346
394 398
394 464
395 66
395 67
395 71
395 145
395 172
395 178
395 320
395 333
395 439
395 460
395 493
396 59
396 81
396 89
396 142
396 225
396 238
396 454
397 84
397 133
397 195
397 342
397 365
397 368
397 369
397 460
397 472
398 31
398 55
398 85
398 93
398 116
398 189
398 235
398 242
398 261
398 281
398 334
398 394
398 415
398 452
398 480
399 28
399 60
399 61
399 87
399 197
399 208
399 209
399 236
399 248
399 255
399 272
399 291
399 344
399 402
399 427
399 440
399 460
399 472
400 32
400 107
400 157
400 159
400 192
400 219
400 234
400 249
400 278
400 282
400 393
400 473
400 495
401 6
401 19
401 92
401 110
401 211
401 226
401 243
401 265
401 273
401 310
401 325
401 327
401 353
401 440
401 457
401 464
402 54
402 85
402 89
402 146
402 172
402 176
402 184
402 187
402 221
402 276
402 399
402 411
402 464
402 496
403 26
403 27
403 28
403 33
403 38
403 94
403 95
403 121
403 172
403 196
403 269
403 292
403 373
403 447
403 460
403 468
404 71
404 80
404 102
404 130
404 134
404 144
404 254
404 255
404 376
404 386
404 388
404 408
404 472
404 474
404 478
405 26
405 99
405 102
405 135
405 153
405 164
405 165
405 178
405 246
405 325
405 346
405 359
405 406
406 128
406 250
406 307
406 361
406 405
406 499
407 28
407 31
407 47
407 50
407 84
407 88
407 167
407 175
407 200
407 288
407 332
407 386
407 438
407 458
407 498
408 33
408 62
408 65
408 73
408 107
408 159
408 168
408 223
408 300
408 336
408 387
408 404
408 433
408 460
409 26
409 185
409 278
409 335
409 344
409 359
409 378
409 422
409 439
409 447
409 471
410 149
410 187
410 209
410 244
410 295
410 385
410 426
411 38
411 184
411 219
411 229
411 230
411 286
411 390
411 402
412 21
412 128
412 152
412 237
412 240
412 349
412 368
412 449
412 492
412 498
413 19
413 37
413 47
413 55
413 79
413 92
413 93
413 125
413 157
413 220
413 224
413 249
413 331
413 332
413 368
414 2
414 13
414 31
414 83
414 96
414 114
414 195
414 256
414 257
414 264
414 289
414 330
414 344
414 353
414 358
414 495
414 496
415 34
415 158
415 162
415 303
415 345
415 376
415 398
415 430
416 2
416 3
416 50
416 130
416 185
416 264
416 268
416 273
416 307
416 309
416 332
417 47
417 61
417 98
417 175
417 259
417 353
417 355
417 474
418 63
418 107
418 174
418 186
418 197
418 365
418 376
418 423
419 51
419 65
419 112
419 124
419 140
419 149
419 164
419 190
419 231
419 255
419 314
419 425
420 23
420 88
420 226
420 451
421 8
421 44
421 77
421 131
421 136
421 249
421 268
421 301
422 70
422 274
422 327
422 338
422 409
422 474
423 0
423 4
423 135
423 195
423 209
423 238
423 273
423 304
423 318
423 323
423 332
423 333
423 418
423 472
424 14
424 29
424 30
424 133
424 192
424 212
424 340
424 361
424 389
424 462
425 61
425 91
425 119
425 158
425 218
425 236
425 252
425 286
425 303
425 334
425 419
425 487
426 81
426 95
426 104
426 200
426 201
426 276
426 323
426 344
426 410
426 436
427 26
427 62
427 76
427 312
427 320
427 399
427 458
428 5
428 84
428 185
428 220
428 233
428 255
428 320
428 348
428 436
429 73
429 92
429 93
429 180
429 245
429 351
429 370
429 498
430 5
430 8
430 34
430 45
430 57
430 78
430 101
430 106
430 186
430 199
430 209
430 242
430 336
430 415
430 441
430 487
431 37
431 103
431 155
431 175
431 176
431 192
431 201
431 244
431 252
431 316
431 338
431 352
432 13
432 51
432 82
432 142
432 146
432 207
432 219
432 296
432 311
432 326
432 362
432 366
432 382
432 459
433 19
433 27
433 47
433 49
433 53
433 123
433 155
433 238
433 249
433 266
433 281
433 303
433 306
433 332
433 408
433 439
433 479
434 33
434 72
434 73
434 213
434 214
434 227
434 247
434 361
435 6
435 8
435 67
435 129
435 132
435 133
435 141
435 215
435 220
435 343
435 449
435 464
436 1
436 193
436 276
436 305
436 329
436 368
436 376
436 386
436 426
436 428
436 439
436 453
437 30
437 42
437 44
437 58
437 64
437 66
437 101
437 116
437 144
437 150
437 183
437 190
437 214
437 307
437 369
437 370
437 449
438 19
438 21
438 25
438 79
438 98
438 129
438 305
438 325
438 329
438 344
438 407
438 485
439 45
439 130
439 146
439 154
439 177
439 186
439 243
439 252
439 269
439 275
439 306
439 322
439 361
439 395
439 409
439 433
439 436
439 440
440 7
440 63
440 106
440 138
440 185
440 189
440 191
440 268
440 297
440 318
440 376
440 399
440 401
440 439
440 465
440 473
440 496
441 164
441 174
441 272
441 303
441 382
441 386
441 430
442 88
442 114
442 151
442 153
442 181
442 225
442 252
442 300
442 304
442 319
442 348
442 352
442 380
442 468
442 477
443 2
443 25
443 46
443 99
443 105
443 128
443 136
443 231
443 453
444 13
444 18
444 28
444 57
444 69
444 88
444 156
444 181
444 199
444 303
444 334
444 354
444 459
444 493
445 34
445 80
445 105
445 150
445 232
445 324
445 334
445 490
445 494
446 66
446 93
446 172
446 211
446 340
446 366
446 472
446 487
446 499
447 6
447 92
447 129
447 182
447 269
447 287
447 352
447 374
447 387
447 403
447 409
448 47
448 74
448 140
448 155
448 182
448 244
448 248
448 272
448 336
448 359
448 471
448 483
449 15
449 54
449 82
449 101
449 136
449 147
449 184
449 306
449 412
449 435
449 437
449 466
450 90
450 141
450 188
450 211
450 262
450 359
451 34
451 52
451 57
451 64
451 83
451 85
451 162
451 179
451 203
451 286
451 324
451 325
451 345
451 420
451 466
451 478
452 20
452 133
452 142
452 157
452 197
452 206
452 398
452 457
453 39
453 69
453 101
453 186
453 187
453 210
453 215
453 228
453 232
453 246
453 300
453 314
453 436
453 443
454 65
454 133
454 150
454 163
454 183
454 190
454 203
454 210
454 256
454 295
454 330
454 366
454 388
454 396
454 455
454 493
455 5
455 18
455 162
455 216
455 249
455 252
455 256
455 264
455 454
455 456
455 469
455 490
456 5
456 20
456 24
456 108
456 127
456 225
456 352
456 355
456 363
456 455
456 469
456 498
457 77
457 194
457 233
457 248
457 315
457 319
457 401
457 452
458 40
458 63
458 86
458 136
458 231
458 237
458 256
458 264
458 311
458 334
458 348
458 368
458 369
458 385
458 407
458 427
458 481
459 77
459 100
459 130
459 158
459 182
459 221
459 236
459 342
459 347
459 360
459 380
459 432
459 444
459 461
460 110
460 129
460 162
460 229
460 294
460 375
460 395
460 397
460 399
460 403
460 408
461 10
461 50
461 64
461 132
461 138
461 161
461 167
461 182
461 268
461 293
461 339
461 342
461 459
461 492
462 5
462 34
462 136
462 139
462 263
462 424
463 180
463 196
463 210
463 272
463 274
463 293
463 314
463 318
463 336
464 7
464 40
464 42
464 82
464 160
464 164
464 170
464 203
464 210
464 311
464 394
464 401
464 402
464 435
464 482
465 31
465 47
465 91
465 152
465 204
465 216
465 300
465 321
465 440
466 81
466 145
466 186
466 222
466 224
466 230
466 271
466 321
466 336
466 351
466 375
466 381
466 449
466 451
467 3
467 31
467 44
467 185
467 207
467 216
467 341
467 345
468 35
468 79
468 106
468 114
468 177
468 205
468 274
468 283
468 289
468 295
468 381
468 383
468 403
468 442
469 50
469 77
469 105
469 259
469 265
469 335
469 341
469 357
469 365
469 455
469 456
470 127
470 249
470 265
470 285
470 297
470 305
470 343
470 365
471 83
471 86
471 114
471 139
471 169
471 189
471 223
471 234
471 309
471 322
471 409
471 448
472 6
472 37
472 72
472 99
472 205
472 207
472 301
472 352
472 367
472 397
472 399
472 404
472 423
472 446
473 4
473 72
473 104
473 189
473 231
473 313
473 331
473 343
473 383
473 400
473 440
473 495
474 7
474 25
474 42
474 85
474 177
474 236
474 259
474 268
474 292
474 328
474 392
474 404
474 417
474 422
474 475
474 477
475 58
475 67
475 78
475 126
475 335
475 380
475 474
475 482
475 499
476 55
476 73
476 110
476 122
476 132
476 155
476 160
476 296
476 310
476 494
477 95
477 185
477 187
477 242
477 258
477 302
477 317
477 353
477 356
477 442
477 474
477 492
478 121
478 122
478 243
478 262
478 391
478 404
478 451
479 95
479 123
479 236
479 257
479 280
479 297
479 333
479 351
479 386
479 433
480 30
480 127
480 130
480 157
480 162
480 236
480 266
480 319
480 323
480 393
480 398
481 58
481 117
481 137
481 151
481 209
481 257
481 309
481 360
481 458
481 485
482 6
482 21
482 39
482 127
482 128
482 140
482 149
482 160
482 208
482 279
482 350
482 388
482 464
482 475
483 18
483 122
483 125
483 131
483 147
483 178
483 220
483 286
483 316
483 352
483 448
484 1
484 69
484 88
484 96
484 170
484 185
484 187
484 196
484 258
484 276
484 304
484 308
484 328
484 372
484 388
485 101
485 154
485 205
485 216
485 237
485 288
485 290
485 305
485 390
485 438
485 481
486 7
486 20
486 38
486 64
486 84
486 94
486 97
486 105
486 209
486 270
486 297
486 316
486 360
486 488
487 47
487 60
487 117
487 154
487 158
487 196
487 210
487 218
487 282
487 283
487 331
487 363
487 425
487 430
487 446
487 489
488 85
488 99
488 254
488 286
488 296
488 299
488 334
488 375
488 382
488 486
489 48
489 118
489 122
489 156
489 168
489 171
489 205
489 237
489 345
489 358
489 372
489 377
489 387
489 487
490 4
490 39
490 56
490 79
490 151
490 184
490 216
490 224
490 238
490 348
490 393
490 445
490 455
491 85
491 150
491 221
491 223
491 293
491 342
492 13
492 19
492 23
492 71
492 89
492 100
492 136
492 239
492 266
492 304
492 306
492 331
492 337
492 346
492 372
492 412
492 461
492 477
493 32
493 36
493 46
493 61
493 92
493 101
493 105
493 179
493 354
493 365
493 384
493 395
493 444
493 454
494 11
494 16
494 20
494 27
494 49
494 56
494 97
494 109
494 120
494 138
494 157
494 176
494 187
494 215
494 238
494 246
494 288
494 313
494 318
494 343
494 445
494 476
495 14
495 64
495 105
495 124
495 131
495 194
495 229
495 268
495 301
495 332
495 400
495 414
495 473
496 47
496 71
496 72
496 74
496 150
496 172
496 236
496 258
496 282
496 313
496 387
496 402
496 414
496 440
497 79
497 126
497 192
497 249
497 275
497 304
497 305
497 323
497 345
497 388
498 33
498 79
498 126
498 222
498 290
498 292
498 321
498 364
498 407
498 412
498 429
498 456
499 8
499 89
499 105
499 140
499 145
499 173
499 178
499 256
499 291
499 294
499 331
499 337
499 364
499 406
499 446
499 475