500 3089
0 81
0 96
0 178
0 180
0 205
0 240
0 285
0 286
0 322
0 389
0 450
0 454
0 477
1 102
1 153
1 170
1 171
1 237
1 239
1 254
1 263
1 315
1 345
1 367
1 371
1 415
1 448
2 54
2 74
2 220
2 310
2 402
2 426
3 32
3 64
3 108
3 167
3 233
3 269
3 324
3 393
3 399
3 435
3 452
4 33
4 80
4 125
4 200
4 220
4 229
4 306
4 336
4 379
4 403
4 460
4 492
5 25
5 26
5 63
5 68
5 121
5 269
5 272
5 326
5 330
5 393
5 431
5 436
6 35
6 127
6 152
6 222
6 281
6 297
6 386
6 472
7 11
7 32
7 64
7 143
7 145
7 286
7 287
7 341
7 395
7 397
7 453
7 462
7 477
8 33
8 109
8 192
8 238
8 312
8 321
8 378
8 382
8 408
8 488
9 39
9 59
9 71
9 74
9 97
9 192
9 240
9 261
9 289
9 316
9 332
9 385
9 427
9 435
9 460
9 475
10 79
10 113
10 156
10 160
10 262
10 279
10 283
10 361
10 443
10 493
11 7
11 38
11 45
11 96
11 223
11 254
11 335
11 370
12 19
12 67
12 78
12 105
12 128
12 193
12 234
12 291
12 329
12 360
12 401
12 404
12 433
12 459
12 479
13 67
13 96
13 162
13 169
13 174
13 330
13 373
13 487
14 45
14 65
14 104
14 144
14 175
14 220
14 223
14 371
15 44
15 79
15 101
15 128
15 248
15 284
15 293
15 440
15 441
15 461
15 463
15 471
15 489
16 18
16 58
16 74
16 129
16 198
16 254
16 258
16 266
16 294
16 296
16 461
16 469
16 498
17 75
17 97
17 114
17 124
17 217
17 347
17 369
17 422
17 435
17 464
17 468
18 16
18 82
18 111
18 114
18 138
18 147
18 176
18 209
18 316
18 391
18 446
19 12
19 57
19 69
19 104
19 130
19 156
19 269
19 282
19 341
19 419
19 430
19 465
20 60
20 97
20 244
20 271
20 339
20 347
20 370
20 387
20 447
20 449
20 467
20 485
21 75
21 115
21 134
21 172
21 180
21 200
21 201
21 202
21 206
21 237
21 248
21 262
21 268
21 323
21 385
21 414
21 428
21 434
21 493
22 125
22 235
22 246
22 274
22 320
22 351
22 367
22 372
22 381
22 478
22 498
23 37
23 46
23 83
23 130
23 198
23 203
23 205
23 233
23 271
23 282
23 366
23 456
23 474
23 475
23 496
24 44
24 110
24 167
24 194
24 205
24 212
24 219
24 242
24 385
24 420
24 480
24 496
25 5
25 27
25 28
25 56
25 82
25 113
25 135
25 178
25 186
25 216
25 276
25 296
25 298
25 343
25 355
25 376
25 378
25 446
25 468
26 5
26 37
26 174
26 181
26 197
26 237
26 291
26 348
26 349
26 417
26 463
26 492
27 25
27 50
27 79
27 115
27 186
27 239
27 257
27 267
27 293
27 299
27 313
27 315
27 361
27 391
27 397
27 464
27 473
28 25
28 45
28 130
28 137
28 151
28 166
28 172
28 251
28 276
28 282
28 294
28 299
28 303
28 318
28 333
28 345
28 402
28 474
28 492
29 44
29 68
29 106
29 133
29 184
29 204
29 212
29 335
30 131
30 178
30 217
30 224
30 260
30 312
30 355
30 376
30 466
30 494
30 495
31 45
31 55
31 137
31 207
31 256
31 345
31 352
31 367
31 383
31 407
31 442
31 486
32 3
32 7
32 53
32 139
32 147
32 164
32 226
32 304
32 325
32 380
32 408
32 418
32 448
33 4
33 8
33 74
33 94
33 122
33 173
33 221
33 232
33 310
33 322
33 386
33 387
33 414
33 448
34 37
34 67
34 98
34 109
34 185
34 194
34 211
34 218
34 230
34 268
34 274
34 277
34 336
34 365
34 375
34 392
34 397
34 404
34 411
34 443
34 464
34 482
35 6
35 55
35 66
35 102
35 120
35 125
35 128
35 151
35 232
35 249
35 284
35 364
35 428
36 45
36 58
36 60
36 82
36 174
36 185
36 233
36 246
36 275
36 290
36 371
36 376
36 380
36 487
37 23
37 26
37 34
37 51
37 81
37 104
37 155
37 158
37 224
37 236
37 322
37 351
37 407
38 11
38 61
38 65
38 111
38 170
38 212
38 348
38 409
38 421
38 465
38 484
39 9
39 53
39 164
39 206
39 208
39 232
39 240
39 287
39 329
39 333
39 372
39 391
39 405
39 418
39 419
40 79
40 85
40 133
40 154
40 168
40 238
40 422
40 467
41 50
41 84
41 108
41 180
41 183
41 262
41 322
41 343
41 388
41 391
41 456
42 54
42 72
42 102
42 111
42 116
42 142
42 206
42 298
42 308
42 477
42 499
43 172
43 192
43 207
43 236
43 240
43 321
43 366
43 398
43 409
43 411
43 426
43 430
44 15
44 24
44 29
44 154
44 181
44 214
44 227
44 235
44 330
44 336
44 356
44 371
44 408
44 462
44 499
45 11
45 14
45 28
45 31
45 36
45 130
45 140
45 169
45 219
45 301
45 317
45 329
45 337
45 347
45 349
45 356
45 402
46 23
46 52
46 131
46 139
46 147
46 323
46 330
46 356
46 384
46 415
47 69
47 93
47 119
47 124
47 144
47 172
47 185
47 198
47 205
47 240
47 294
47 312
47 421
47 475
47 493
48 87
48 129
48 148
48 161
48 207
48 217
48 268
48 350
48 361
48 402
48 443
48 472
48 477
48 481
49 70
49 115
49 168
49 206
49 264
49 271
49 311
49 314
49 318
49 348
49 363
49 408
49 491
50 27
50 41
50 59
50 87
50 110
50 135
50 145
50 199
50 243
50 247
50 288
50 329
50 479
51 37
51 194
51 202
51 214
51 337
51 414
51 432
52 46
52 129
52 136
52 245
52 308
52 325
52 337
52 347
52 358
52 462
52 480
52 481
52 487
52 498
53 32
53 39
53 65
53 92
53 120
53 184
53 209
53 213
53 246
53 254
53 276
53 307
53 395
53 470
53 478
53 485
54 2
54 42
54 146
54 156
54 162
54 173
54 235
54 296
54 326
54 355
54 362
54 387
54 420
54 475
54 495
55 31
55 35
55 84
55 108
55 113
55 134
55 135
55 207
55 237
55 307
55 362
55 366
55 382
55 386
55 435
55 439
55 441
56 25
56 87
56 154
56 157
56 228
56 319
56 347
56 398
56 475
57 19
57 104
57 193
57 206
57 277
57 282
57 425
57 443
57 446
57 449
57 457
57 465
57 479
58 16
58 36
58 96
58 115
58 125
58 221
58 235
58 291
58 388
58 392
58 401
58 429
58 447
59 9
59 50
59 161
59 205
59 224
59 260
59 300
59 417
59 419
59 458
59 460
60 20
60 36
60 91
60 118
60 186
60 190
60 266
60 329
60 340
60 354
60 373
60 456
61 38
61 71
61 74
61 171
61 197
61 211
61 273
61 404
61 471
62 65
62 69
62 75
62 88
62 116
62 128
62 211
62 278
62 347
62 448
62 455
62 470
63 5
63 238
63 241
63 273
63 328
63 338
63 358
63 403
63 438
63 469
64 3
64 7
64 300
64 334
64 345
64 380
64 382
64 424
64 429
64 474
65 14
65 38
65 53
65 62
65 125
65 141
65 192
65 206
65 285
65 316
65 350
65 370
65 373
65 383
65 394
65 401
65 449
65 498
66 35
66 74
66 119
66 227
66 228
66 326
66 355
66 387
66 397
66 431
66 436
66 445
67 12
67 13
67 34
67 68
67 107
67 154
67 170
67 188
67 195
67 221
67 227
67 394
67 434
68 5
68 29
68 67
68 102
68 304
68 335
68 337
68 345
68 446
68 448
68 463
68 470
68 496
68 497
69 19
69 47
69 62
69 78
69 89
69 119
69 129
69 217
69 230
69 344
69 364
69 390
69 428
70 49
70 134
70 189
70 267
70 311
70 327
70 355
70 378
70 432
71 9
71 61
71 72
71 73
71 83
71 150
71 175
71 182
71 185
71 188
71 229
71 257
71 332
71 410
72 42
72 71
72 75
72 89
72 119
72 122
72 130
72 236
72 255
72 271
72 287
72 289
72 354
72 436
72 473
72 494
73 71
73 102
73 219
73 220
73 273
73 339
73 389
73 391
73 438
74 2
74 9
74 16
74 33
74 61
74 66
74 104
74 113
74 353
74 411
74 424
74 475
74 477
75 17
75 21
75 62
75 72
75 125
75 143
75 173
75 177
75 216
75 236
75 308
75 365
75 407
75 417
76 87
76 102
76 126
76 142
76 143
76 227
76 348
76 365
76 430
76 460
76 467
77 102
77 233
77 479
77 483
78 12
78 69
78 157
78 159
78 206
78 297
78 363
78 490
79 10
79 15
79 27
79 40
79 105
79 119
79 138
79 189
79 204
79 217
79 253
79 311
79 316
79 351
79 367
80 4
80 151
80 174
80 187
80 241
80 268
80 270
80 299
80 354
80 363
80 414
80 419
80 461
81 0
81 37
81 120
81 138
81 143
81 149
81 157
81 178
81 180
81 215
81 298
81 300
81 343
81 361
81 377
81 388
81 456
81 489
82 18
82 25
82 36
82 198
82 199
82 258
82 281
82 325
82 335
82 373
82 377
82 429
83 23
83 71
83 84
83 116
83 126
83 147
83 183
83 229
83 283
83 286
83 316
83 327
83 395
83 411
83 453
83 459
83 465
83 483
83 489
84 41
84 55
84 83
84 178
84 190
84 196
84 204
84 232
84 265
84 320
84 336
84 348
84 357
84 377
85 40
85 140
85 214
85 227
85 282
85 289
85 333
85 354
85 378
85 391
85 408
85 421
85 425
85 433
86 98
86 131
86 159
86 173
86 208
86 268
86 281
86 283
86 337
86 375
86 394
86 445
86 464
86 496
87 48
87 50
87 56
87 76
87 92
87 120
87 121
87 125
87 185
87 225
87 303
87 352
87 353
87 386
87 473
87 488
88 62
88 94
88 114
88 118
88 225
88 363
88 381
88 435
88 456
88 460
88 482
89 69
89 72
89 107
89 142
89 148
89 224
89 274
89 296
89 304
89 308
89 336
89 370
89 454
89 461
89 477
89 480
90 183
90 202
90 212
90 288
90 353
90 406
90 443
90 457
90 474
91 60
91 97
91 106
91 110
91 138
91 139
91 153
91 293
91 307
91 376
91 380
91 396
92 53
92 87
92 134
92 161
92 171
92 269
92 280
92 297
92 359
92 391
92 410
93 47
93 101
93 163
93 246
93 309
93 311
93 381
93 397
93 434
93 435
93 440
93 443
93 445
93 495
94 33
94 88
94 96
94 163
94 204
94 207
94 216
94 282
94 334
94 425
95 105
95 107
95 128
95 212
95 257
95 386
95 398
95 417
95 435
96 0
96 11
96 13
96 58
96 94
96 102
96 134
96 144
96 154
96 160
96 222
96 278
96 289
96 321
96 322
96 364
96 413
96 419
96 474
96 492
97 9
97 17
97 20
97 91
97 143
97 162
97 178
97 191
97 255
97 379
97 497
98 34
98 86
98 151
98 234
98 244
98 268
98 270
98 281
98 308
98 316
99 106
99 111
99 146
99 147
99 151
99 199
99 220
99 245
99 256
99 314
99 385
99 392
99 422
99 434
99 453
100 133
100 305
100 343
100 347
100 353
100 370
100 406
100 462
101 15
101 93
101 153
101 207
101 263
101 295
101 311
101 334
101 343
101 344
101 497
102 1
102 35
102 42
102 68
102 73
102 76
102 77
102 96
102 161
102 277
102 377
102 395
102 426
102 457
102 484
103 106
103 109
103 120
103 229
103 250
103 293
103 336
103 355
103 432
103 434
103 439
103 494
103 498
104 14
104 19
104 37
104 57
104 74
104 110
104 131
104 158
104 174
104 175
104 201
104 257
104 298
104 300
104 310
104 331
104 460
104 483
104 498
105 12
105 79
105 95
105 117
105 180
105 208
105 274
105 301
105 323
105 332
105 353
105 391
105 415
105 423
105 426
105 429
106 29
106 91
106 99
106 103
106 113
106 208
106 226
106 249
106 289
106 305
106 307
106 431
106 448
106 470
107 67
107 89
107 95
107 144
107 173
107 184
107 290
107 307
107 330
107 351
107 361
107 392
108 3
108 41
108 55
108 123
108 165
108 185
108 195
108 212
108 252
108 254
108 274
108 343
108 350
108 411
108 434
108 444
108 481
109 8
109 34
109 103
109 114
109 120
109 175
109 178
109 199
109 268
109 311
109 360
109 380
109 391
109 427
109 457
110 24
110 50
110 91
110 104
110 119
110 121
110 235
110 245
110 336
111 18
111 38
111 42
111 99
111 292
111 346
111 390
111 394
111 396
111 433
111 463
112 116
112 160
112 192
112 244
112 249
112 253
112 284
112 312
112 460
113 10
113 25
113 55
113 74
113 106
113 119
113 172
113 269
113 277
113 363
113 371
113 458
113 472
114 17
114 18
114 88
114 109
114 116
114 131
114 146
114 214
114 225
114 249
114 343
114 353
114 364
115 21
115 27
115 49
115 58
115 149
115 174
115 180
115 202
115 350
115 379
115 403
115 429
115 442
115 449
115 453
116 42
116 62
116 83
116 112
116 114
116 122
116 148
116 244
116 323
116 373
116 436
116 453
116 457
116 498
117 105
117 149
117 160
117 221
117 249
117 351
117 380
117 398
117 499
118 60
118 88
118 141
118 176
118 207
118 214
118 314
118 318
118 326
118 499
119 47
119 66
119 69
119 72
119 79
119 110
119 113
119 138
119 257
119 277
119 295
119 345
119 366
119 423
119 453
119 488
120 35
120 53
120 81
120 87
120 103
120 109
120 159
120 184
120 189
120 195
120 252
120 308
120 415
120 457
121 5
121 87
121 110
121 168
121 188
121 215
121 217
121 227
121 293
121 307
121 406
121 492
122 33
122 72
122 116
122 149
122 193
122 194
122 256
122 295
122 359
122 384
122 388
122 400
122 427
122 489
123 108
123 153
123 160
123 166
123 214
123 289
123 297
123 409
124 17
124 47
124 176
124 203
124 288
124 345
124 361
124 375
124 445
124 484
124 494
125 4
125 22
125 35
125 58
125 65
125 75
125 87
125 151
125 194
125 231
125 254
125 277
125 278
125 279
125 330
125 331
125 427
125 479
126 76
126 83
126 142
126 149
126 215
126 274
126 292
126 315
126 376
126 471
126 482
126 491
127 6
127 129
127 191
127 244
127 305
127 308
127 409
127 439
127 452
127 493
128 12
128 15
128 35
128 62
128 95
128 130
128 185
128 188
128 203
128 211
128 238
128 265
128 270
128 384
128 421
128 453
128 486
128 497
128 499
129 16
129 48
129 52
129 69
129 127
129 149
129 232
129 382
129 421
130 19
130 23
130 28
130 45
130 72
130 128
130 309
130 314
130 342
130 349
130 357
130 416
131 30
131 46
131 86
131 104
131 114
131 229
131 244
131 283
131 290
131 332
131 374
132 149
132 179
132 230
132 301
132 331
132 333
132 345
132 367
132 378
132 382
132 419
132 423
132 443
132 453
133 29
133 40
133 100
133 138
133 151
133 157
133 212
133 244
133 247
133 268
133 292
133 316
133 346
133 407
133 427
133 442
133 477
133 499
134 21
134 55
134 70
134 92
134 96
134 166
134 183
134 219
134 227
134 298
134 315
134 442
134 495
135 25
135 50
135 55
135 166
135 191
135 196
135 292
135 419
135 465
135 484
136 52
136 194
136 263
136 306
136 310
136 347
136 368
136 391
136 416
136 423
136 444
136 450
136 456
136 495
137 28
137 31
137 180
137 246
137 298
137 303
137 366
137 396
137 480
138 18
138 79
138 81
138 91
138 119
138 133
138 143
138 162
138 177
138 178
138 245
138 256
138 328
138 335
138 385
138 390
138 400
138 440
139 32
139 46
139 91
139 161
139 234
139 246
139 372
139 381
139 396
139 451
139 466
139 493
139 497
140 45
140 85
140 192
140 196
140 201
140 216
140 265
140 340
140 412
140 420
141 65
141 118
141 255
141 324
141 360
141 449
141 457
142 42
142 76
142 89
142 126
142 354
142 395
142 409
142 416
142 433
142 442
143 7
143 75
143 76
143 81
143 97
143 138
143 155
143 174
143 218
143 244
143 260
143 270
143 330
143 341
143 357
143 443
144 14
144 47
144 96
144 107
144 156
144 234
144 273
144 300
144 327
145 7
145 50
145 214
145 245
145 264
145 269
145 286
145 309
145 331
145 350
145 351
145 402
145 459
146 54
146 99
146 114
146 192
146 221
146 225
146 235
146 347
146 387
146 425
146 447
146 497
147 18
147 32
147 46
147 83
147 99
147 212
147 222
147 229
147 281
147 289
147 389
147 410
147 421
147 426
147 466
148 48
148 89
148 116
148 172
148 184
148 187
148 239
148 246
148 265
148 357
148 361
149 81
149 115
149 117
149 122
149 126
149 129
149 132
149 161
149 166
149 196
149 214
149 239
149 247
149 282
149 363
149 374
149 382
149 407
149 480
149 481
150 71
150 180
150 219
150 245
150 272
150 292
150 373
150 393
150 459
150 485
151 28
151 35
151 80
151 98
151 99
151 125
151 133
151 230
151 234
151 241
151 277
151 332
151 388
151 390
152 6
152 154
152 236
152 237
152 242
152 301
152 393
152 401
152 447
152 468
152 481
153 1
153 91
153 101
153 123
153 198
153 203
153 204
153 218
153 247
153 250
153 282
153 292
153 295
153 340
153 382
153 392
153 404
153 429
153 459
154 40
154 44
154 56
154 67
154 96
154 152
154 207
154 259
154 370
154 399
154 403
154 410
154 412
155 37
155 143
155 172
155 182
155 330
155 382
155 426
155 462
155 466
155 470
156 10
156 19
156 54
156 144
156 176
156 275
156 337
156 365
156 366
156 376
156 423
156 492
157 56
157 78
157 81
157 133
157 203
157 234
157 341
157 385
157 393
157 443
157 455
157 467
157 496
158 37
158 104
158 159
158 218
158 231
158 234
158 346
158 364
158 371
158 386
159 78
159 86
159 120
159 158
159 226
159 234
159 273
159 280
159 332
159 350
159 454
160 10
160 96
160 112
160 117
160 123
160 233
160 268
160 310
160 315
161 48
161 59
161 92
161 102
161 139
161 149
161 218
161 283
161 320
161 349
161 415
161 460
161 490
162 13
162 54
162 97
162 138
162 242
162 250
162 252
162 315
162 448
162 476
162 492
163 93
163 94
163 178
163 193
163 200
163 205
163 251
163 316
163 412
163 426
163 473
164 32
164 39
164 213
164 224
164 290
164 330
164 420
164 490
164 496
165 108
165 182
165 246
165 265
165 290
165 291
165 322
165 498
166 28
166 123
166 134
166 135
166 149
166 171
166 371
166 377
166 390
166 415
166 430
166 435
166 475
167 3
167 24
167 193
167 199
167 226
167 329
167 364
167 414
167 444
167 481
167 497
168 40
168 49
168 121
168 272
168 290
168 314
168 323
168 325
168 377
168 383
168 388
168 460
168 462
168 476
169 13
169 45
169 240
169 340
169 452
169 458
169 475
170 1
170 38
170 67
170 200
170 252
170 299
170 309
170 349
170 403
170 409
170 410
170 433
170 437
171 1
171 61
171 92
171 166
171 184
171 225
171 227
171 228
171 283
171 292
171 327
171 334
171 405
171 438
171 445
171 482
172 21
172 28
172 43
172 47
172 113
172 148
172 155
172 352
172 361
172 408
172 459
173 33
173 54
173 75
173 86
173 107
173 188
173 193
173 208
173 252
173 347
173 371
173 374
173 385
173 423
173 489
174 13
174 26
174 36
174 80
174 104
174 115
174 143
174 200
174 246
174 308
174 329
174 347
174 355
174 416
174 424
174 440
175 14
175 71
175 104
175 109
175 197
175 219
175 242
175 309
175 313
175 332
175 421
175 433
175 484
176 18
176 118
176 124
176 156
176 177
176 230
176 241
176 314
176 350
176 361
176 420
176 452
176 469
177 75
177 138
177 176
177 197
177 324
177 338
177 404
177 432
177 464
177 492
178 0
178 25
178 30
178 81
178 84
178 97
178 109
178 138
178 163
178 187
178 285
178 286
178 331
178 413
178 415
178 416
178 472
179 132
179 312
179 420
179 490
180 0
180 21
180 41
180 81
180 105
180 115
180 137
180 150
180 184
180 196
180 206
180 219
180 264
180 311
181 26
181 44
181 229
181 261
181 283
181 304
181 386
181 409
181 413
181 472
182 71
182 155
182 165
182 289
182 313
182 322
182 352
182 355
182 447
182 450
182 470
182 479
183 41
183 83
183 90
183 134
183 197
183 299
183 344
184 29
184 53
184 107
184 120
184 148
184 171
184 180
184 185
184 212
184 244
184 394
184 434
185 34
185 36
185 47
185 71
185 87
185 108
185 128
185 184
185 201
185 271
185 278
185 319
185 350
186 25
186 27
186 60
186 325
186 359
186 436
186 448
186 482
186 489
187 80
187 148
187 178
187 196
187 233
187 266
187 329
187 379
187 419
187 454
188 67
188 71
188 121
188 128
188 173
188 189
188 248
188 281
188 359
188 445
189 70
189 79
189 120
189 188
189 198
189 210
189 217
189 223
189 271
189 339
189 364
189 487
189 499
190 60
190 84
190 309
190 323
190 348
190 361
190 362
190 390
190 413
190 428
190 437
191 97
191 127
191 135
191 208
191 240
191 257
191 263
191 476
191 499
192 8
192 9
192 43
192 65
192 112
192 140
192 146
192 214
192 253
192 270
192 304
192 362
192 476
193 12
193 57
193 122
193 163
193 167
193 173
193 218
193 317
193 402
193 404
193 484
194 24
194 34
194 51
194 122
194 125
194 136
194 212
194 250
194 280
194 299
194 347
194 380
194 392
194 447
194 490
194 492
195 67
195 108
195 120
195 235
195 303
195 363
195 364
196 84
196 135
196 140
196 149
196 180
196 187
196 290
196 292
196 315
196 323
196 327
196 337
196 372
196 399
196 445
197 26
197 61
197 175
197 177
197 183
197 219
197 292
197 301
197 305
197 332
197 353
197 363
197 494
198 16
198 23
198 47
198 82
198 153
198 189
198 288
198 295
198 327
198 406
198 427
199 50
199 82
199 99
199 109
199 167
199 239
199 281
199 381
199 434
200 4
200 21
200 163
200 170
200 174
200 266
200 320
200 417
200 468
200 474
200 490
201 21
201 104
201 140
201 185
201 220
201 298
201 335
201 434
201 468
201 490
202 21
202 51
202 90
202 115
202 239
202 300
202 378
202 439
202 446
202 448
203 23
203 124
203 128
203 153
203 157
203 250
203 278
203 280
203 304
203 313
203 327
203 388
204 29
204 79
204 84
204 94
204 153
204 206
204 238
204 365
204 441
204 452
204 490
205 0
205 23
205 24
205 47
205 59
205 163
205 272
205 290
205 309
205 322
205 360
205 366
205 378
205 380
205 443
205 447
205 478
205 491
206 21
206 39
206 42
206 49
206 57
206 65
206 78
206 180
206 204
206 219
206 284
206 366
206 427
206 447
207 31
207 43
207 48
207 55
207 94
207 101
207 118
207 154
207 264
207 271
207 310
207 362
207 386
207 396
207 408
207 465
207 467
208 39
208 86
208 105
208 106
208 173
208 191
208 217
208 240
208 256
208 257
208 272
208 465
209 18
209 53
209 250
209 262
209 391
209 423
210 189
210 242
210 303
210 371
210 446
210 496
211 34
211 61
211 62
211 128
211 241
212 24
212 29
212 38
212 90
212 95
212 108
212 133
212 147
212 184
212 194
212 236
212 259
212 282
212 354
212 487
212 488
213 53
213 164
213 278
213 305
213 422
213 428
213 431
213 483
213 498
214 44
214 51
214 85
214 114
214 118
214 123
214 145
214 149
214 192
214 219
214 293
214 364
215 81
215 121
215 126
215 222
215 240
215 257
215 267
215 314
215 437
216 25
216 75
216 94
216 140
216 239
216 252
216 253
216 299
216 324
216 325
216 350
217 17
217 30
217 48
217 69
217 79
217 121
217 189
217 208
217 235
217 260
217 278
217 406
217 447
217 453
217 461
217 482
217 494
217 495
218 34
218 143
218 153
218 158
218 161
218 193
218 344
218 393
219 24
219 45
219 73
219 134
219 150
219 175
219 180
219 197
219 206
219 214
219 234
219 275
219 298
219 345
219 360
219 370
219 414
220 2
220 4
220 14
220 73
220 99
220 201
220 233
220 285
220 319
220 369
220 391
220 397
220 491
221 33
221 58
221 67
221 117
221 146
221 234
221 235
221 246
221 249
221 256
221 313
221 333
221 390
221 429
221 446
222 6
222 96
222 147
222 215
222 234
222 238
222 240
222 311
222 330
222 350
222 355
222 375
222 389
222 396
222 411
222 414
222 480
222 491
223 11
223 14
223 189
223 267
223 370
223 414
223 440
223 441
223 470
223 492
224 30
224 37
224 59
224 89
224 164
224 291
224 317
224 346
224 393
225 87
225 88
225 114
225 146
225 171
225 247
225 277
225 318
225 344
225 400
225 457
225 468
226 32
226 106
226 159
226 167
226 310
226 366
226 476
226 495
227 44
227 66
227 67
227 76
227 85
227 121
227 134
227 171
227 231
227 362
227 479
227 486
227 488
228 56
228 66
228 171
228 266
228 287
228 322
228 395
228 434
228 447
228 449
228 464
229 4
229 71
229 83
229 103
229 131
229 147
229 181
229 249
229 282
229 301
229 315
229 346
229 403
229 404
229 428
229 445
230 34
230 69
230 132
230 151
230 176
230 241
230 248
230 252
230 280
230 290
230 302
230 320
230 331
230 336
230 349
230 375
231 125
231 158
231 227
231 276
231 279
231 427
231 459
231 496
232 33
232 35
232 39
232 84
232 129
232 251
232 299
232 335
232 356
232 397
232 423
232 435
232 454
232 469
233 3
233 23
233 36
233 77
233 160
233 187
233 220
233 236
233 246
233 317
233 388
233 416
233 429
233 476
234 12
234 98
234 139
234 144
234 151
234 157
234 158
234 159
234 219
234 221
234 222
234 289
234 315
234 350
234 401
234 425
234 447
235 22
235 44
235 54
235 58
235 110
235 146
235 195
235 217
235 221
235 269
235 282
235 345
235 393
235 425
235 492
236 37
236 43
236 72
236 75
236 152
236 212
236 233
236 290
236 293
236 308
236 310
236 317
236 380
236 444
236 450
237 1
237 21
237 26
237 55
237 152
237 248
237 292
237 331
237 348
237 382
237 394
237 403
237 497
238 8
238 40
238 63
238 128
238 204
238 222
238 257
238 277
238 352
238 369
238 389
238 469
239 1
239 27
239 148
239 149
239 199
239 202
239 216
239 241
239 324
239 358
239 422
239 442
239 470
240 0
240 9
240 39
240 43
240 47
240 169
240 191
240 208
240 215
240 222
240 293
240 356
240 367
240 427
240 472
241 63
241 80
241 151
241 176
241 211
241 230
241 239
241 276
241 334
241 385
241 393
241 407
241 417
241 421
241 445
241 484
242 24
242 152
242 162
242 175
242 210
242 254
242 468
242 494
243 50
243 294
243 324
243 346
243 402
243 411
243 419
243 458
244 20
244 98
244 112
244 116
244 127
244 131
244 133
244 143
244 184
244 248
244 284
244 339
244 361
244 381
244 395
244 398
244 429
244 444
245 52
245 99
245 110
245 138
245 145
245 150
245 262
245 295
245 319
245 369
245 419
245 451
246 22
246 36
246 53
246 93
246 137
246 139
246 148
246 165
246 174
246 221
246 233
246 320
246 339
246 393
246 402
246 412
246 467
247 50
247 133
247 149
247 153
247 225
247 272
247 310
247 322
247 336
247 351
247 381
247 390
247 424
247 440
247 441
247 451
247 459
247 478
247 497
248 15
248 21
248 188
248 230
248 237
248 244
248 363
248 414
248 497
249 35
249 106
249 112
249 114
249 117
249 221
249 229
249 303
249 323
249 326
249 343
249 413
249 449
249 485
250 103
250 153
250 162
250 194
250 203
250 209
250 302
250 445
250 487
251 28
251 163
251 232
251 288
251 353
251 390
251 391
251 408
251 455
251 469
251 471
252 108
252 120
252 162
252 170
252 173
252 216
252 230
252 283
252 305
252 474
253 79
253 112
253 192
253 216
253 280
253 283
253 287
253 303
253 347
253 368
253 397
253 424
253 435
254 1
254 11
254 16
254 53
254 108
254 125
254 242
254 256
254 261
254 277
254 341
254 406
254 442
254 444
255 72
255 97
255 141
255 285
255 334
255 375
256 31
256 99
256 122
256 138
256 208
256 221
256 254
256 259
256 315
256 333
256 381
256 382
256 398
256 445
256 468
256 497
257 27
257 71
257 95
257 104
257 119
257 191
257 208
257 215
257 238
257 263
257 309
257 352
257 415
257 483
258 16
258 82
258 313
258 371
258 382
258 388
258 450
258 451
258 483
259 154
259 212
259 256
259 272
259 301
259 343
259 415
259 423
260 30
260 59
260 143
260 217
260 284
260 420
260 448
260 472
261 9
261 181
261 254
261 343
261 445
261 457
261 469
262 10
262 21
262 41
262 209
262 245
262 274
262 279
262 289
262 324
262 328
262 353
262 392
262 408
262 430
262 456
262 480
263 1
263 101
263 136
263 191
263 257
263 269
263 292
263 353
263 354
263 417
264 49
264 145
264 180
264 207
264 265
264 272
264 300
264 323
264 344
264 351
264 355
264 389
264 486
265 84
265 128
265 140
265 148
265 165
265 264
265 285
265 310
265 337
265 429
265 444
265 478
265 492
266 16
266 60
266 187
266 200
266 228
266 319
266 325
266 327
266 343
266 346
266 392
266 404
266 422
267 27
267 70
267 215
267 223
267 270
267 284
267 298
267 321
267 346
267 431
267 453
267 468
268 21
268 34
268 48
268 80
268 86
268 98
268 109
268 133
268 160
268 292
268 293
268 397
268 428
268 438
268 479
268 483
269 3
269 5
269 19
269 92
269 113
269 145
269 235
269 263
269 318
269 452
269 463
269 478
270 80
270 98
270 128
270 143
270 192
270 267
270 331
270 335
270 338
270 341
270 433
270 494
271 20
271 23
271 49
271 72
271 185
271 189
271 207
271 285
271 320
271 440
271 465
271 481
272 5
272 150
272 168
272 205
272 208
272 247
272 259
272 264
272 308
272 357
272 363
272 396
272 440
272 452
273 61
273 63
273 73
273 144
273 159
273 312
273 386
273 393
273 430
273 472
274 22
274 34
274 89
274 105
274 108
274 126
274 262
274 293
274 332
274 349
274 386
274 390
275 36
275 156
275 219
275 357
275 388
275 449
275 495
276 25
276 28
276 53
276 231
276 241
276 351
276 409
276 489
277 34
277 57
277 102
277 113
277 119
277 125
277 151
277 225
277 238
277 254
277 281
277 293
277 331
277 372
277 382
277 438
278 62
278 96
278 125
278 185
278 203
278 213
278 217
278 290
278 332
278 369
278 378
278 440
279 10
279 125
279 231
279 262
279 305
279 314
279 345
279 369
279 371
279 378
279 402
279 479
280 92
280 159
280 194
280 203
280 230
280 253
280 282
280 491
281 6
281 82
281 86
281 98
281 147
281 188
281 199
281 277
281 317
281 326
281 394
281 420
281 440
281 462
281 483
282 19
282 23
282 28
282 57
282 85
282 94
282 149
282 153
282 212
282 229
282 235
282 280
282 309
282 324
282 350
282 394
282 461
282 490
283 10
283 83
283 86
283 131
283 161
283 171
283 181
283 252
283 253
283 284
283 344
283 392
283 423
283 467
283 496
284 15
284 35
284 112
284 206
284 244
284 260
284 267
284 283
284 293
284 296
284 327
284 330
284 438
284 453
284 481
285 0
285 65
285 178
285 220
285 255
285 265
285 271
285 306
285 336
285 353
285 384
285 410
285 491
285 495
286 0
286 7
286 83
286 145
286 178
286 316
286 365
286 373
286 381
286 436
286 461
286 475
287 7
287 39
287 72
287 228
287 253
287 290
287 307
287 319
287 361
287 436
287 453
288 50
288 90
288 124
288 198
288 251
288 378
288 399
288 440
289 9
289 72
289 85
289 96
289 106
289 123
289 147
289 182
289 234
289 262
289 310
289 409
289 446
290 36
290 107
290 131
290 164
290 165
290 168
290 196
290 205
290 230
290 236
290 278
290 287
290 291
290 305
291 12
291 26
291 58
291 165
291 224
291 290
291 383
291 423
291 431
291 479
291 483
291 484
292 111
292 126
292 133
292 135
292 150
292 153
292 171
292 196
292 197
292 237
292 263
292 268
292 369
292 400
292 416
292 463
293 15
293 27
293 91
293 103
293 121
293 214
293 236
293 240
293 268
293 274
293 277
293 284
293 424
293 425
293 439
294 16
294 28
294 47
294 243
294 308
294 318
294 329
294 482
295 101
295 119
295 122
295 153
295 198
295 245
295 309
296 16
296 25
296 54
296 89
296 284
296 379
296 398
296 439
296 444
296 454
296 466
297 6
297 78
297 92
297 123
297 313
297 357
297 359
297 373
297 382
297 419
298 25
298 42
298 81
298 104
298 134
298 137
298 201
298 219
298 267
298 301
298 308
298 344
298 393
298 398
298 400
298 408
298 450
298 494
299 27
299 28
299 80
299 170
299 183
299 194
299 216
299 232
299 310
299 326
299 336
299 392
299 458
300 59
300 64
300 81
300 104
300 144
300 202
300 264
300 322
300 383
300 448
300 485
300 489
300 498
301 45
301 105
301 132
301 152
301 197
301 229
301 259
301 298
301 348
301 369
301 431
301 448
301 449
302 230
302 250
302 321
302 447
302 458
302 468
302 488
302 496
303 28
303 87
303 137
303 195
303 210
303 249
303 253
303 370
303 388
303 394
303 460
303 495
304 32
304 68
304 89
304 181
304 192
304 203
304 309
304 330
304 332
304 341
305 100
305 106
305 127
305 197
305 213
305 252
305 279
305 290
305 366
305 398
305 427
305 442
306 4
306 136
306 285
306 347
306 356
306 370
306 378
306 386
306 403
306 413
306 452
307 53
307 55
307 91
307 106
307 107
307 121
307 287
307 344
307 431
307 474
307 480
307 484
307 487
307 488
307 495
308 42
308 52
308 75
308 89
308 98
308 120
308 127
308 174
308 236
308 272
308 294
308 298
308 335
308 357
308 360
308 379
308 403
308 461
309 93
309 130
309 145
309 170
309 175
309 190
309 205
309 257
309 282
309 295
309 304
309 311
309 329
309 343
309 373
309 406
309 421
309 475
309 487
310 2
310 33
310 104
310 136
310 160
310 207
310 226
310 236
310 247
310 265
310 289
310 299
310 355
310 412
310 467
310 487
310 488
311 49
311 70
311 79
311 93
311 101
311 109
311 180
311 222
311 309
311 333
311 405
311 483
312 8
312 30
312 47
312 112
312 179
312 273
312 358
313 27
313 175
313 182
313 203
313 221
313 258
313 297
313 317
313 318
313 322
313 343
313 357
313 433
314 49
314 99
314 118
314 130
314 168
314 176
314 215
314 279
314 363
314 436
314 475
315 1
315 27
315 126
315 134
315 160
315 162
315 196
315 229
315 234
315 256
315 387
315 421
315 435
315 442
316 9
316 18
316 65
316 79
316 83
316 98
316 133
316 163
316 286
316 324
316 373
316 429
316 430
316 431
316 483
316 487
317 45
317 193
317 224
317 233
317 236
317 281
317 313
317 349
317 353
317 368
317 410
318 28
318 49
318 118
318 225
318 269
318 294
318 313
318 349
318 455
319 56
319 185
319 220
319 245
319 266
319 287
319 348
319 375
319 384
319 433
319 450
320 22
320 84
320 161
320 200
320 230
320 246
320 271
320 462
321 8
321 43
321 96
321 267
321 302
321 337
321 353
321 413
321 454
322 0
322 33
322 37
322 41
322 96
322 165
322 182
322 205
322 228
322 247
322 300
322 313
322 420
322 444
323 21
323 46
323 105
323 116
323 168
323 190
323 196
323 249
323 264
323 333
323 349
323 353
323 381
323 445
323 484
324 3
324 141
324 177
324 216
324 239
324 243
324 262
324 282
324 316
324 348
324 418
324 433
324 476
324 481
324 482
325 32
325 52
325 82
325 168
325 186
325 216
325 266
325 339
325 346
325 429
325 450
325 465
326 5
326 54
326 66
326 118
326 249
326 281
326 299
326 335
326 358
326 360
326 438
326 479
326 494
327 70
327 83
327 144
327 171
327 196
327 198
327 203
327 266
327 284
327 329
327 339
327 393
327 469
328 63
328 138
328 262
328 372
328 387
328 452
328 490
329 12
329 39
329 45
329 50
329 60
329 167
329 174
329 187
329 294
329 309
329 327
329 396
329 405
329 414
329 422
330 5
330 13
330 44
330 46
330 107
330 125
330 143
330 155
330 164
330 222
330 284
330 304
330 370
330 386
330 391
330 410
330 448
331 104
331 125
331 132
331 145
331 178
331 230
331 237
331 270
331 277
331 392
331 479
331 482
332 9
332 71
332 105
332 131
332 151
332 159
332 175
332 197
332 274
332 278
332 304
332 365
332 413
332 493
333 28
333 39
333 85
333 132
333 221
333 256
333 311
333 323
333 350
333 353
333 417
333 470
333 477
333 486
334 64
334 94
334 101
334 171
334 241
334 255
334 360
334 384
334 397
334 469
335 11
335 29
335 68
335 82
335 138
335 201
335 232
335 270
335 308
335 326
335 382
335 420
335 490
335 493
336 4
336 34
336 44
336 84
336 89
336 103
336 110
336 230
336 247
336 285
336 299
336 426
336 438
336 457
336 480
337 45
337 51
337 52
337 68
337 86
337 156
337 196
337 265
337 321
337 346
337 403
337 423
337 441
337 484
338 63
338 177
338 270
338 386
338 408
338 424
339 20
339 73
339 189
339 244
339 246
339 325
339 327
339 381
340 60
340 140
340 153
340 169
340 345
340 361
340 363
340 411
340 452
340 480
341 7
341 19
341 143
341 157
341 254
341 270
341 304
341 369
342 130
342 442
342 451
343 25
343 41
343 81
343 100
343 101
343 108
343 114
343 249
343 259
343 261
343 266
343 309
343 313
343 354
343 357
343 372
343 409
343 428
343 430
343 472
344 69
344 101
344 183
344 218
344 225
344 264
344 283
344 298
344 307
344 371
344 462
345 1
345 28
345 31
345 64
345 68
345 119
345 124
345 132
345 219
345 235
345 279
345 340
345 388
345 413
345 431
346 111
346 133
346 158
346 224
346 229
346 243
346 266
346 267
346 325
346 337
346 484
346 487
347 17
347 20
347 45
347 52
347 56
347 62
347 100
347 136
347 146
347 173
347 174
347 194
347 253
347 306
347 362
347 496
348 26
348 38
348 49
348 76
348 84
348 190
348 237
348 301
348 319
348 324
348 413
348 423
348 451
349 26
349 45
349 130
349 161
349 170
349 230
349 274
349 317
349 318
349 323
349 387
349 427
349 484
350 48
350 65
350 108
350 115
350 145
350 159
350 176
350 185
350 216
350 222
350 234
350 282
350 333
350 364
350 373
350 444
350 456
351 22
351 37
351 79
351 107
351 117
351 145
351 247
351 264
351 276
351 427
351 434
351 475
352 31
352 87
352 172
352 182
352 238
352 257
352 359
352 467
352 493
353 74
353 87
353 90
353 100
353 105
353 114
353 197
353 251
353 262
353 263
353 285
353 317
353 321
353 323
353 333
353 382
353 446
353 471
353 477
353 489
354 60
354 72
354 80
354 85
354 142
354 212
354 263
354 343
354 388
355 25
355 30
355 54
355 66
355 70
355 103
355 174
355 182
355 222
355 264
355 310
355 475
356 44
356 45
356 46
356 232
356 240
356 306
356 358
356 360
356 370
356 412
356 450
356 467
356 491
357 84
357 130
357 143
357 148
357 272
357 275
357 297
357 308
357 313
357 343
357 489
358 52
358 63
358 239
358 312
358 326
358 356
358 401
359 92
359 122
359 186
359 188
359 297
359 352
359 395
359 411
359 459
359 468
359 473
359 496
360 12
360 109
360 141
360 205
360 219
360 308
360 326
360 334
360 356
360 365
360 382
360 416
360 419
360 474
361 10
361 27
361 48
361 81
361 107
361 124
361 148
361 172
361 176
361 190
361 244
361 287
361 340
361 379
361 384
361 436
361 499
362 54
362 55
362 190
362 192
362 207
362 227
362 347
362 450
362 469
363 49
363 78
363 80
363 88
363 113
363 149
363 195
363 197
363 248
363 272
363 314
363 340
363 384
364 35
364 69
364 96
364 114
364 158
364 167
364 189
364 195
364 214
364 350
364 451
365 34
365 75
365 76
365 156
365 204
365 286
365 332
365 360
366 23
366 43
366 55
366 119
366 137
366 156
366 205
366 206
366 226
366 305
366 431
366 448
366 489
367 1
367 22
367 31
367 79
367 132
367 240
367 423
367 446
367 451
368 136
368 253
368 317
368 376
368 476
369 17
369 220
369 238
369 245
369 278
369 279
369 292
369 301
369 341
369 384
369 453
369 496
370 11
370 20
370 65
370 89
370 100
370 154
370 219
370 223
370 303
370 306
370 330
370 356
370 373
370 404
370 425
370 481
371 1
371 14
371 36
371 44
371 113
371 158
371 166
371 173
371 210
371 258
371 279
371 344
371 374
371 431
371 452
371 455
372 22
372 39
372 139
372 196
372 277
372 328
372 343
372 374
372 390
372 402
372 442
373 13
373 60
373 65
373 82
373 116
373 150
373 286
373 297
373 309
373 316
373 350
373 370
373 381
373 385
373 405
373 432
373 472
373 477
374 131
374 149
374 173
374 371
374 372
374 375
374 426
374 472
375 34
375 86
375 124
375 222
375 230
375 255
375 319
375 374
375 376
375 384
375 392
375 438
375 491
375 497
376 25
376 30
376 36
376 91
376 126
376 156
376 368
376 375
376 392
377 81
377 82
377 84
377 102
377 166
377 168
377 425
377 491
378 8
378 25
378 70
378 85
378 132
378 202
378 205
378 278
378 279
378 288
378 306
378 383
378 490
379 4
379 97
379 115
379 187
379 296
379 308
379 361
379 428
379 481
379 492
380 32
380 36
380 64
380 91
380 109
380 117
380 194
380 205
380 236
380 401
380 435
380 468
380 494
381 22
381 88
381 93
381 139
381 199
381 244
381 247
381 256
381 286
381 323
381 339
381 373
381 415
381 429
381 435
381 445
382 8
382 55
382 64
382 129
382 132
382 149
382 153
382 155
382 237
382 256
382 258
382 277
382 297
382 335
382 353
382 360
382 463
382 484
383 31
383 65
383 168
383 291
383 300
383 378
383 414
383 419
383 475
384 46
384 122
384 128
384 285
384 319
384 334
384 361
384 363
384 369
384 375
384 387
384 394
384 412
384 414
384 453
385 9
385 21
385 24
385 99
385 138
385 157
385 173
385 241
385 373
385 433
385 454
385 472
385 483
386 6
386 33
386 55
386 87
386 95
386 158
386 181
386 207
386 273
386 274
386 306
386 330
386 338
386 454
387 20
387 33
387 54
387 66
387 146
387 315
387 328
387 349
387 384
387 399
387 409
387 426
387 451
387 462
387 477
388 41
388 58
388 81
388 122
388 151
388 168
388 203
388 233
388 258
388 275
388 303
388 345
388 354
388 435
388 478
389 0
389 73
389 147
389 222
389 238
389 264
389 428
389 463
389 473
390 69
390 111
390 138
390 151
390 166
390 190
390 221
390 247
390 251
390 274
390 372
390 445
390 455
390 461
391 18
391 27
391 39
391 41
391 73
391 85
391 92
391 105
391 109
391 136
391 209
391 220
391 251
391 330
391 405
391 422
391 445
391 456
391 464
391 488
392 34
392 58
392 99
392 107
392 153
392 194
392 262
392 266
392 283
392 299
392 331
392 375
392 376
392 436
392 454
393 3
393 5
393 150
393 152
393 157
393 218
393 224
393 235
393 241
393 246
393 273
393 298
393 327
394 65
394 67
394 86
394 111
394 184
394 237
394 281
394 282
394 303
394 384
394 426
394 470
395 7
395 53
395 83
395 102
395 142
395 228
395 244
395 359
395 452
395 478
395 498
396 91
396 111
396 137
396 139
396 207
396 222
396 272
396 329
396 489
397 7
397 27
397 34
397 66
397 93
397 220
397 232
397 253
397 268
397 334
397 492
398 43
398 56
398 95
398 117
398 244
398 256
398 296
398 298
398 305
398 405
398 427
398 477
398 480
398 481
399 3
399 154
399 196
399 288
399 387
399 438
400 122
400 138
400 225
400 292
400 298
400 420
400 428
400 449
401 12
401 58
401 65
401 152
401 234
401 358
401 380
401 488
402 2
402 28
402 45
402 48
402 145
402 193
402 243
402 246
402 279
402 372
402 464
403 4
403 63
403 115
403 154
403 170
403 229
403 237
403 306
403 308
403 337
403 447
403 478
404 12
404 34
404 61
404 153
404 177
404 193
404 229
404 266
404 370
405 39
405 171
405 311
405 329
405 373
405 391
405 398
405 455
405 479
405 498
406 90
406 100
406 121
406 198
406 217
406 254
406 309
406 435
406 446
406 470
406 472
406 498
407 31
407 37
407 75
407 133
407 149
407 241
408 8
408 32
408 44
408 49
408 85
408 172
408 207
408 251
408 262
408 298
408 338
408 459
408 487
409 38
409 43
409 123
409 127
409 142
409 170
409 181
409 276
409 289
409 343
409 387
409 417
409 424
409 428
410 71
410 92
410 147
410 154
410 170
410 285
410 317
410 330
410 413
411 34
411 43
411 74
411 83
411 108
411 222
411 243
411 340
411 359
411 462
412 140
412 154
412 163
412 246
412 310
412 356
412 384
412 462
412 480
413 96
413 178
413 181
413 190
413 249
413 306
413 321
413 332
413 345
413 348
413 410
413 444
413 485
414 21
414 33
414 51
414 80
414 167
414 219
414 222
414 223
414 248
414 329
414 383
414 384
414 420
414 438
414 481
414 484
415 1
415 46
415 105
415 120
415 161
415 166
415 178
415 257
415 259
415 381
415 456
415 463
416 130
416 136
416 142
416 174
416 178
416 233
416 292
416 360
416 454
416 458
416 466
417 26
417 59
417 75
417 95
417 200
417 241
417 263
417 333
417 409
417 440
417 474
418 32
418 39
418 324
418 457
419 19
419 39
419 59
419 80
419 96
419 132
419 135
419 187
419 243
419 245
419 297
419 360
419 383
419 427
419 444
419 464
419 465
419 466
419 479
419 498
420 24
420 54
420 140
420 164
420 176
420 179
420 260
420 281
420 322
420 335
420 400
420 414
420 427
420 439
420 443
420 446
420 460
421 38
421 47
421 85
421 128
421 129
421 147
421 175
421 241
421 309
421 315
421 470
421 476
422 17
422 40
422 99
422 213
422 239
422 266
422 329
422 391
422 465
423 105
423 119
423 132
423 136
423 156
423 173
423 209
423 232
423 259
423 283
423 291
423 337
423 348
423 367
423 481
424 64
424 74
424 174
424 247
424 253
424 293
424 338
424 409
424 437
425 57
425 85
425 94
425 146
425 234
425 235
425 293
425 370
425 377
425 440
425 448
425 480
425 484
426 2
426 43
426 102
426 105
426 147
426 155
426 163
426 336
426 374
426 387
426 394
427 9
427 109
427 122
427 125
427 133
427 198
427 206
427 231
427 240
427 305
427 349
427 351
427 398
427 419
427 420
427 431
427 489
428 21
428 35
428 69
428 190
428 213
428 229
428 268
428 343
428 379
428 389
428 400
428 409
428 432
428 436
428 464
428 490
429 58
429 64
429 82
429 105
429 115
429 153
429 221
429 233
429 244
429 265
429 316
429 325
429 381
429 476
430 19
430 43
430 76
430 166
430 262
430 273
430 316
430 343
430 452
430 457
430 462
430 479
431 5
431 66
431 106
431 213
431 267
431 291
431 301
431 307
431 316
431 345
431 366
431 371
431 427
431 487
432 51
432 70
432 103
432 177
432 373
432 428
432 476
432 490
433 12
433 85
433 111
433 142
433 170
433 175
433 270
433 313
433 319
433 324
433 385
433 436
433 493
434 21
434 67
434 93
434 99
434 103
434 108
434 184
434 199
434 201
434 228
434 351
434 452
434 460
435 3
435 9
435 17
435 55
435 88
435 93
435 95
435 166
435 232
435 253
435 315
435 380
435 381
435 388
435 406
435 456
435 478
435 480
436 5
436 66
436 72
436 116
436 186
436 286
436 287
436 314
436 361
436 392
436 428
436 433
436 442
436 483
436 490
437 170
437 190
437 215
437 424
437 497
438 63
438 73
438 171
438 268
438 277
438 284
438 326
438 336
438 375
438 399
438 414
438 498
439 55
439 103
439 127
439 202
439 293
439 296
439 420
439 451
440 15
440 93
440 138
440 174
440 223
440 247
440 271
440 272
440 278
440 281
440 288
440 417
440 425
440 454
440 457
440 465
440 473
440 479
440 483
441 15
441 55
441 204
441 223
441 247
441 337
441 464
441 499
442 31
442 115
442 133
442 134
442 142
442 239
442 254
442 305
442 315
442 342
442 372
442 436
442 463
442 477
443 10
443 34
443 48
443 57
443 90
443 93
443 132
443 143
443 157
443 205
443 420
443 445
443 456
443 461
444 108
444 136
444 167
444 236
444 244
444 254
444 265
444 296
444 322
444 350
444 413
444 419
445 66
445 86
445 93
445 124
445 171
445 188
445 196
445 229
445 241
445 250
445 256
445 261
445 323
445 381
445 390
445 391
445 443
445 478
445 492
446 18
446 25
446 57
446 68
446 202
446 210
446 221
446 289
446 353
446 367
446 406
446 420
447 20
447 58
447 146
447 152
447 182
447 194
447 205
447 206
447 217
447 228
447 234
447 302
447 403
447 454
448 1
448 32
448 33
448 62
448 68
448 106
448 162
448 186
448 202
448 260
448 300
448 301
448 330
448 366
448 425
448 466
448 482
448 486
449 20
449 57
449 65
449 115
449 141
449 228
449 249
449 275
449 301
449 400
449 456
449 458
449 460
449 490
450 0
450 136
450 182
450 236
450 258
450 298
450 319
450 325
450 356
450 362
450 490
451 139
451 245
451 247
451 258
451 342
451 348
451 364
451 367
451 387
451 439
451 476
452 3
452 127
452 169
452 176
452 204
452 269
452 272
452 306
452 328
452 340
452 371
452 395
452 430
452 434
453 7
453 83
453 99
453 115
453 116
453 119
453 128
453 132
453 217
453 267
453 284
453 287
453 369
453 384
453 462
454 0
454 89
454 159
454 187
454 232
454 296
454 321
454 385
454 386
454 392
454 416
454 440
454 447
454 499
455 62
455 157
455 251
455 318
455 371
455 390
455 405
456 23
456 41
456 60
456 81
456 88
456 136
456 262
456 350
456 391
456 415
456 435
456 443
456 449
456 489
457 57
457 90
457 102
457 109
457 116
457 120
457 141
457 225
457 261
457 336
457 418
457 430
457 440
457 459
457 486
458 59
458 113
458 169
458 243
458 299
458 302
458 416
458 449
459 12
459 83
459 145
459 150
459 153
459 172
459 231
459 247
459 359
459 408
459 457
459 488
460 4
460 9
460 59
460 76
460 88
460 104
460 112
460 161
460 168
460 303
460 420
460 434
460 449
461 15
461 16
461 80
461 89
461 217
461 282
461 286
461 308
461 390
461 443
461 470
461 477
462 7
462 44
462 52
462 100
462 155
462 168
462 281
462 320
462 344
462 387
462 411
462 412
462 430
462 453
463 15
463 26
463 68
463 111
463 269
463 292
463 382
463 389
463 415
463 442
463 470
464 17
464 27
464 34
464 86
464 177
464 228
464 391
464 402
464 419
464 428
464 441
465 19
465 38
465 57
465 83
465 135
465 207
465 208
465 271
465 325
465 419
465 422
465 440
466 30
466 139
466 147
466 155
466 296
466 416
466 419
466 448
466 476
466 483
467 20
467 40
467 76
467 157
467 207
467 246
467 283
467 310
467 352
467 356
467 486
468 17
468 25
468 152
468 200
468 201
468 225
468 242
468 256
468 267
468 302
468 359
468 380
468 475
468 490
469 16
469 63
469 176
469 232
469 238
469 251
469 261
469 327
469 334
469 362
469 487
470 53
470 62
470 68
470 106
470 155
470 182
470 223
470 239
470 333
470 394
470 406
470 421
470 461
470 463
471 15
471 61
471 126
471 251
471 353
472 6
472 48
472 113
472 178
472 181
472 240
472 260
472 273
472 343
472 373
472 374
472 385
472 406
473 27
473 72
473 87
473 163
473 359
473 389
473 440
474 23
474 28
474 64
474 90
474 96
474 200
474 252
474 307
474 360
474 417
475 9
475 23
475 47
475 54
475 56
475 74
475 166
475 169
475 286
475 309
475 314
475 351
475 355
475 383
475 468
476 162
476 168
476 191
476 192
476 226
476 233
476 324
476 368
476 421
476 429
476 432
476 451
476 466
476 480
477 0
477 7
477 42
477 48
477 74
477 89
477 133
477 333
477 353
477 373
477 387
477 398
477 442
477 461
478 22
478 53
478 205
478 247
478 265
478 269
478 388
478 395
478 403
478 435
478 445
479 12
479 50
479 57
479 77
479 125
479 182
479 227
479 268
479 279
479 291
479 326
479 331
479 405
479 419
479 430
479 440
480 24
480 52
480 89
480 137
480 149
480 222
480 262
480 307
480 336
480 340
480 398
480 412
480 425
480 435
480 476
481 48
481 52
481 108
481 149
481 152
481 167
481 271
481 284
481 324
481 370
481 379
481 398
481 414
481 423
482 34
482 88
482 126
482 171
482 186
482 217
482 294
482 324
482 331
482 448
482 484
483 77
483 83
483 104
483 213
483 257
483 258
483 268
483 281
483 291
483 311
483 316
483 385
483 436
483 440
483 466
484 38
484 102
484 124
484 135
484 175
484 193
484 241
484 291
484 307
484 323
484 337
484 346
484 349
484 382
484 414
484 425
484 482
485 20
485 53
485 150
485 249
485 300
485 413
485 495
486 31
486 128
486 227
486 264
486 333
486 448
486 457
486 467
487 13
487 36
487 52
487 189
487 212
487 250
487 307
487 309
487 310
487 316
487 346
487 408
487 431
487 469
488 8
488 87
488 119
488 212
488 227
488 302
488 307
488 310
488 391
488 401
488 459
489 15
489 81
489 83
489 122
489 173
489 186
489 276
489 300
489 353
489 357
489 366
489 396
489 427
489 456
489 497
490 78
490 161
490 164
490 179
490 194
490 200
490 201
490 204
490 282
490 328
490 335
490 378
490 428
490 432
490 436
490 449
490 450
490 468
491 49
491 126
491 205
491 220
491 222
491 280
491 285
491 356
491 375
491 377
492 4
492 26
492 28
492 96
492 121
492 156
492 162
492 177
492 194
492 223
492 235
492 265
492 379
492 397
492 445
493 10
493 21
493 47
493 127
493 139
493 332
493 335
493 352
493 433
494 30
494 72
494 103
494 124
494 197
494 217
494 242
494 270
494 298
494 326
494 380
495 30
495 54
495 93
495 134
495 136
495 217
495 226
495 275
495 285
495 303
495 307
495 485
496 23
496 24
496 68
496 86
496 157
496 164
496 210
496 231
496 283
496 302
496 347
496 359
496 369
497 68
497 97
497 101
497 128
497 139
497 146
497 167
497 237
497 247
497 248
497 256
497 375
497 437
497 489
498 16
498 22
498 52
498 65
498 103
498 104
498 116
498 165
498 213
498 300
498 395
498 405
498 406
498 419
498 438
499 42
499 44
499 117
499 118
499 128
499 133
499 189
499 191
499 361
499 441
499 454