NEW-V2000-P0.025-G0.txt, 94.0, 41, 0, 1801.55
NEW-V2000-P0.05-G0.txt, 57.0, 20, 0, 1802.29
NEW-V2000-P0.1-G0.txt, 33.0, 10, 0, 1806.23
NEW-V2000-P0.2-G0.txt, 19.0, 5, 0, 1812.02
NEW-V2000-P0.5-G0.txt, 7.0, 2, 0, 1826.53
NEW-V2000-P0.8-G0.txt, 4.0, 2, 0, 1845.94
NEW-V2000-P0.025-G1.txt, 92.0, 40, 0, 1801.48
NEW-V2000-P0.05-G1.txt, 56.0, 20, 0, 1803.44
NEW-V2000-P0.1-G1.txt, 29.0, 10, 0, 1805.27
NEW-V2000-P0.2-G1.txt, 20.0, 5, 0, 1810.96
NEW-V2000-P0.5-G1.txt, 8.0, 3, 0, 1826.50
NEW-V2000-P0.8-G1.txt, 4.0, 2, 0, 1847.29
NEW-V2000-P0.025-G2.txt, 94.0, 41, 0, 1801.24
NEW-V2000-P0.05-G2.txt, 57.0, 20, 0, 1806.41
NEW-V2000-P0.1-G2.txt, 29.0, 11, 0, 1807.23
NEW-V2000-P0.2-G2.txt, 19.0, 5, 0, 1810.95
NEW-V2000-P0.5-G2.txt, 8.0, 2, 0, 1828.37
NEW-V2000-P0.8-G2.txt, 4.0, 2, 0, 1846.59
NEW-V2000-P0.025-G3.txt, 92.0, 40, 0, 1801.48
NEW-V2000-P0.05-G3.txt, 49.0, 20, 0, 1802.72
NEW-V2000-P0.1-G3.txt, 32.0, 11, 0, 1805.51
NEW-V2000-P0.2-G3.txt, 18.0, 6, 0, 1810.97
NEW-V2000-P0.5-G3.txt, 8.0, 3, 0, 1826.93
NEW-V2000-P0.8-G3.txt, 4.0, 2, 0, 1841.26
NEW-V2000-P0.025-G4.txt, 91.0, 40, 0, 1801.43
NEW-V2000-P0.05-G4.txt, 49.0, 20, 0, 1802.12
NEW-V2000-P0.1-G4.txt, 33.0, 10, 0, 1805.38
NEW-V2000-P0.2-G4.txt, 20.0, 5, 0, 1810.93
NEW-V2000-P0.5-G4.txt, 7.0, 2, 0, 1830.15
NEW-V2000-P0.8-G4.txt, 4.0, 2, 0, 1847.73
NEW-V2000-P0.025-G5.txt, 83.0, 40, 0, 1801.32
NEW-V2000-P0.05-G5.txt, 49.0, 21, 0, 1802.94
NEW-V2000-P0.1-G5.txt, 35.0, 10, 0, 1805.72
NEW-V2000-P0.2-G5.txt, 19.0, 6, 0, 1811.12
NEW-V2000-P0.5-G5.txt, 8.0, 2, 0, 1826.20
NEW-V2000-P0.8-G5.txt, 4.0, 2, 0, 1846.66
NEW-V2000-P0.025-G6.txt, 95.0, 40, 0, 1801.15
NEW-V2000-P0.05-G6.txt, 59.0, 21, 0, 1803.13
NEW-V2000-P0.1-G6.txt, 33.0, 11, 0, 1805.22
NEW-V2000-P0.2-G6.txt, 19.0, 6, 0, 1811.40
NEW-V2000-P0.5-G6.txt, 8.0, 3, 0, 1830.57
NEW-V2000-P0.8-G6.txt, 4.0, 2, 0, 1845.58
NEW-V2000-P0.025-G7.txt, 83.0, 41, 0, 1801.53
NEW-V2000-P0.05-G7.txt, 50.0, 21, 0, 1806.21
NEW-V2000-P0.1-G7.txt, 29.0, 11, 0, 1806.78
NEW-V2000-P0.2-G7.txt, 19.0, 5, 0, 1810.38
NEW-V2000-P0.5-G7.txt, 7.0, 3, 0, 1825.95
NEW-V2000-P0.8-G7.txt, 4.0, 2, 0, 1847.79
NEW-V2000-P0.025-G8.txt, 84.0, 41, 0, 1801.41
NEW-V2000-P0.05-G8.txt, 56.0, 21, 0, 1802.55
NEW-V2000-P0.1-G8.txt, 29.0, 11, 0, 1807.82
NEW-V2000-P0.2-G8.txt, 17.0, 6, 0, 1812.35
NEW-V2000-P0.5-G8.txt, 8.0, 3, 0, 1828.18
NEW-V2000-P0.8-G8.txt, 4.0, 2, 0, 1846.43
NEW-V2000-P0.025-G9.txt, 92.0, 41, 0, 1801.28
NEW-V2000-P0.05-G9.txt, 50.0, 21, 0, 1802.94
NEW-V2000-P0.1-G9.txt, 34.0, 11, 0, 1805.59
NEW-V2000-P0.2-G9.txt, 17.0, 6, 0, 1811.75
NEW-V2000-P0.5-G9.txt, 7.0, 3, 0, 1827.27
NEW-V2000-P0.8-G9.txt, 4.0, 2, 0, 1842.23
NEW-V1000-P0.025-G0.txt, 70.0, 42, 0, 1800.56
NEW-V1000-P0.05-G0.txt, 41.0, 21, 0, 1803.97
NEW-V1000-P0.1-G0.txt, 25.0, 11, 0, 1803.68
NEW-V1000-P0.2-G0.txt, 14.0, 5, 0, 1803.32
NEW-V1000-P0.5-G0.txt, 6.0, 2, 0, 1804.88
NEW-V1000-P0.8-G0.txt, 3.0, 2, 0, 1809.46
NEW-V1000-P0.025-G1.txt, 67.0, 41, 0, 1800.54
NEW-V1000-P0.05-G1.txt, 42.0, 21, 0, 1800.98
NEW-V1000-P0.1-G1.txt, 24.0, 11, 0, 1801.31
NEW-V1000-P0.2-G1.txt, 14.0, 5, 0, 1802.90
NEW-V1000-P0.5-G1.txt, 6.0, 3, 0, 1805.91
NEW-V1000-P0.8-G1.txt, 3.0, 2, 0, 1810.48
NEW-V1000-P0.025-G2.txt, 69.0, 42, 0, 1800.60
NEW-V1000-P0.05-G2.txt, 41.0, 21, 0, 1800.98
NEW-V1000-P0.1-G2.txt, 25.0, 11, 0, 1801.18
NEW-V1000-P0.2-G2.txt, 14.0, 6, 0, 1802.33
NEW-V1000-P0.5-G2.txt, 6.0, 3, 0, 1806.80
NEW-V1000-P0.8-G2.txt, 3.0, 2, 0, 1809.46
NEW-V1000-P0.025-G3.txt, 68.0, 42, 0, 1800.43
NEW-V1000-P0.05-G3.txt, 41.0, 21, 0, 1800.71
NEW-V1000-P0.1-G3.txt, 24.0, 11, 0, 1801.17
NEW-V1000-P0.2-G3.txt, 14.0, 6, 0, 1802.04
NEW-V1000-P0.5-G3.txt, 6.0, 3, 0, 1806.53
NEW-V1000-P0.8-G3.txt, 3.0, 2, 0, 1810.60
NEW-V1000-P0.025-G4.txt, 67.0, 42, 0, 1800.54
NEW-V1000-P0.05-G4.txt, 41.0, 21, 0, 1800.57
NEW-V1000-P0.1-G4.txt, 25.0, 11, 0, 1801.13
NEW-V1000-P0.2-G4.txt, 14.0, 6, 0, 1802.60
NEW-V1000-P0.5-G4.txt, 6.0, 2, 0, 1806.23
NEW-V1000-P0.8-G4.txt, 3.0, 2, 0, 1810.06
NEW-V1000-P0.025-G5.txt, 68.0, 42, 0, 1800.53
NEW-V1000-P0.05-G5.txt, 41.0, 21, 0, 1800.59
NEW-V1000-P0.1-G5.txt, 24.0, 10, 0, 1801.25
NEW-V1000-P0.2-G5.txt, 14.0, 6, 0, 1802.45
NEW-V1000-P0.5-G5.txt, 6.0, 2, 0, 1806.11
NEW-V1000-P0.8-G5.txt, 3.0, 2, 0, 1810.43
NEW-V1000-P0.025-G6.txt, 68.0, 42, 0, 1800.52
NEW-V1000-P0.05-G6.txt, 42.0, 21, 0, 1804.11
NEW-V1000-P0.1-G6.txt, 24.0, 11, 0, 1803.60
NEW-V1000-P0.2-G6.txt, 14.0, 6, 0, 1803.27
NEW-V1000-P0.5-G6.txt, 6.0, 2, 0, 1805.17
NEW-V1000-P0.8-G6.txt, 3.0, 2, 0, 1810.10
NEW-V1000-P0.025-G7.txt, 70.0, 42, 0, 1800.56
NEW-V1000-P0.05-G7.txt, 41.0, 21, 0, 1801.07
NEW-V1000-P0.1-G7.txt, 25.0, 11, 0, 1801.21
NEW-V1000-P0.2-G7.txt, 14.0, 6, 0, 1802.06
NEW-V1000-P0.5-G7.txt, 6.0, 2, 0, 1805.79
NEW-V1000-P0.8-G7.txt, 3.0, 2, 0, 1811.84
NEW-V1000-P0.025-G8.txt, 68.0, 42, 0, 1800.48
NEW-V1000-P0.05-G8.txt, 42.0, 21, 0, 1801.26
NEW-V1000-P0.1-G8.txt, 25.0, 11, 0, 1801.07
NEW-V1000-P0.2-G8.txt, 14.0, 5, 0, 1802.43
NEW-V1000-P0.5-G8.txt, 6.0, 2, 0, 1806.51
NEW-V1000-P0.8-G8.txt, 3.0, 2, 0, 1810.82
NEW-V1000-P0.025-G9.txt, 67.0, 42, 0, 1800.48
NEW-V1000-P0.05-G9.txt, 41.0, 21, 0, 1800.98
NEW-V1000-P0.1-G9.txt, 25.0, 10, 0, 1801.29
NEW-V1000-P0.2-G9.txt, 14.0, 5, 0, 1802.72
NEW-V1000-P0.5-G9.txt, 6.0, 3, 0, 1807.40
NEW-V1000-P0.8-G9.txt, 3.0, 2, 0, 1811.24
NEW-V500-P0.025-G0.txt, 54.0, 43, 0, 1800.48
NEW-V500-P0.05-G0.txt, 32.0, 23, 0, 1803.88
NEW-V500-P0.1-G0.txt, 20.0, 12, 0, 1803.07
NEW-V500-P0.2-G0.txt, 12.0, 6, 0, 1802.49
NEW-V500-P0.5-G0.txt, 5.0, 3, 0, 1802.24
NEW-V500-P0.8-G0.txt, 3.0, 3, 1, 176.34
NEW-V500-P0.025-G1.txt, 57.0, 45, 0, 1800.52
NEW-V500-P0.05-G1.txt, 34.0, 23, 0, 1803.90
NEW-V500-P0.1-G1.txt, 20.0, 12, 0, 1803.11
NEW-V500-P0.2-G1.txt, 12.0, 6, 0, 1802.56
NEW-V500-P0.5-G1.txt, 5.0, 3, 0, 1802.18
NEW-V500-P0.8-G1.txt, 3.0, 3, 1, 116.10
NEW-V500-P0.025-G2.txt, 54.0, 42, 0, 1800.41
NEW-V500-P0.05-G2.txt, 34.0, 23, 0, 1801.38
NEW-V500-P0.1-G2.txt, 20.0, 12, 0, 1800.66
NEW-V500-P0.2-G2.txt, 12.0, 7, 0, 1800.77
NEW-V500-P0.5-G2.txt, 5.0, 3, 0, 1801.77
NEW-V500-P0.8-G2.txt, 3.0, 3, 1, 121.57
NEW-V500-P0.025-G3.txt, 55.0, 44, 0, 1800.45
NEW-V500-P0.05-G3.txt, 33.0, 23, 0, 1800.76
NEW-V500-P0.1-G3.txt, 20.0, 12, 0, 1800.45
NEW-V500-P0.2-G3.txt, 12.0, 7, 0, 1800.89
NEW-V500-P0.5-G3.txt, 5.0, 3, 0, 1801.53
NEW-V500-P0.8-G3.txt, 3.0, 3, 1, 112.83
NEW-V500-P0.025-G4.txt, 55.0, 43, 0, 1800.45
NEW-V500-P0.05-G4.txt, 34.0, 22, 0, 1800.96
NEW-V500-P0.1-G4.txt, 20.0, 12, 0, 1800.45
NEW-V500-P0.2-G4.txt, 12.0, 6, 0, 1800.76
NEW-V500-P0.5-G4.txt, 5.0, 3, 0, 1801.34
NEW-V500-P0.8-G4.txt, 3.0, 3, 1, 70.75
NEW-V500-P0.025-G5.txt, 56.0, 46, 0, 1800.50
NEW-V500-P0.05-G5.txt, 34.0, 23, 0, 1800.76
NEW-V500-P0.1-G5.txt, 20.0, 12, 0, 1800.47
NEW-V500-P0.2-G5.txt, 12.0, 7, 0, 1800.64
NEW-V500-P0.5-G5.txt, 5.0, 3, 0, 1801.57
NEW-V500-P0.8-G5.txt, 3.0, 3, 1, 74.43
NEW-V500-P0.025-G6.txt, 55.0, 43, 0, 1800.54
NEW-V500-P0.05-G6.txt, 33.0, 23, 0, 1800.96
NEW-V500-P0.1-G6.txt, 20.0, 12, 0, 1800.48
NEW-V500-P0.2-G6.txt, 12.0, 7, 0, 1800.91
NEW-V500-P0.5-G6.txt, 5.0, 3, 0, 1801.71
NEW-V500-P0.8-G6.txt, 3.0, 3, 1, 126.55
NEW-V500-P0.025-G7.txt, 53.0, 43, 0, 1800.52
NEW-V500-P0.05-G7.txt, 33.0, 22, 0, 1803.87
NEW-V500-P0.1-G7.txt, 20.0, 12, 0, 1803.14
NEW-V500-P0.2-G7.txt, 12.0, 7, 0, 1802.47
NEW-V500-P0.5-G7.txt, 5.0, 3, 0, 1802.19
NEW-V500-P0.8-G7.txt, 3.0, 3, 1, 114.29
NEW-V500-P0.025-G8.txt, 54.0, 43, 0, 1800.51
NEW-V500-P0.05-G8.txt, 33.0, 22, 0, 1803.82
NEW-V500-P0.1-G8.txt, 20.0, 12, 0, 1803.08
NEW-V500-P0.2-G8.txt, 12.0, 6, 0, 1802.66
NEW-V500-P0.5-G8.txt, 5.0, 3, 0, 1802.21
NEW-V500-P0.8-G8.txt, 3.0, 3, 1, 194.80
NEW-V500-P0.025-G9.txt, 54.0, 43, 0, 1800.45
NEW-V500-P0.05-G9.txt, 33.0, 22, 0, 1800.82
NEW-V500-P0.1-G9.txt, 20.0, 12, 0, 1800.45
NEW-V500-P0.2-G9.txt, 12.0, 6, 0, 1800.71
NEW-V500-P0.5-G9.txt, 5.0, 3, 0, 1801.44
NEW-V500-P0.8-G9.txt, 3.0, 3, 1, 155.84
NEW-V200-P0.025-G0.txt, 40.0, 40, 1, 0.28
NEW-V200-P0.05-G0.txt, 23.0, 23, 1, 42.07
NEW-V200-P0.1-G0.txt, 15.0, 14, 0, 1802.13
NEW-V200-P0.2-G0.txt, 9.0, 9, 1, 443.82
NEW-V200-P0.5-G0.txt, 4.0, 4, 1, 5.40
NEW-V200-P0.8-G0.txt, 2.0, 2, 1, 0.51
NEW-V200-P0.025-G1.txt, 39.0, 39, 1, 0.19
NEW-V200-P0.05-G1.txt, 24.0, 24, 1, 20.14
NEW-V200-P0.1-G1.txt, 15.0, 15, 1, 1300.61
NEW-V200-P0.2-G1.txt, 9.0, 9, 1, 690.55
NEW-V200-P0.5-G1.txt, 4.0, 4, 1, 5.79
NEW-V200-P0.8-G1.txt, 2.0, 2, 1, 0.53
NEW-V200-P0.025-G2.txt, 42.0, 42, 1, 0.30
NEW-V200-P0.05-G2.txt, 24.0, 24, 1, 12.20
NEW-V200-P0.1-G2.txt, 16.0, 14, 0, 1805.33
NEW-V200-P0.2-G2.txt, 9.0, 9, 1, 454.68
NEW-V200-P0.5-G2.txt, 4.0, 4, 1, 5.05
NEW-V200-P0.8-G2.txt, 2.0, 2, 1, 1.83
NEW-V200-P0.025-G3.txt, 38.0, 38, 1, 0.25
NEW-V200-P0.05-G3.txt, 24.0, 24, 1, 33.52
NEW-V200-P0.1-G3.txt, 15.0, 15, 1, 1400.10
NEW-V200-P0.2-G3.txt, 9.0, 9, 1, 466.30
NEW-V200-P0.5-G3.txt, 4.0, 4, 1, 3.26
NEW-V200-P0.8-G3.txt, 2.0, 2, 1, 0.50
NEW-V200-P0.025-G4.txt, 42.0, 42, 1, 0.28
NEW-V200-P0.05-G4.txt, 26.0, 26, 1, 472.71
NEW-V200-P0.1-G4.txt, 15.0, 15, 1, 1465.05
NEW-V200-P0.2-G4.txt, 9.0, 9, 1, 571.62
NEW-V200-P0.5-G4.txt, 4.0, 4, 1, 6.82
NEW-V200-P0.8-G4.txt, 2.0, 2, 1, 0.81
NEW-V200-P0.025-G5.txt, 46.0, 46, 1, 0.11
NEW-V200-P0.05-G5.txt, 24.0, 24, 1, 95.83
NEW-V200-P0.1-G5.txt, 15.0, 15, 1, 786.38
NEW-V200-P0.2-G5.txt, 9.0, 9, 1, 401.81
NEW-V200-P0.5-G5.txt, 4.0, 4, 1, 5.57
NEW-V200-P0.8-G5.txt, 2.0, 2, 1, 1.48
NEW-V200-P0.025-G6.txt, 41.0, 41, 1, 0.23
NEW-V200-P0.05-G6.txt, 24.0, 24, 1, 43.65
NEW-V200-P0.1-G6.txt, 15.0, 14, 0, 1800.73
NEW-V200-P0.2-G6.txt, 9.0, 9, 1, 763.58
NEW-V200-P0.5-G6.txt, 4.0, 4, 1, 5.76
NEW-V200-P0.8-G6.txt, 2.0, 2, 1, 0.62
NEW-V200-P0.025-G7.txt, 41.0, 41, 1, 0.27
NEW-V200-P0.05-G7.txt, 25.0, 25, 1, 237.07
NEW-V200-P0.1-G7.txt, 15.0, 15, 1, 1033.03
NEW-V200-P0.2-G7.txt, 9.0, 9, 1, 740.80
NEW-V200-P0.5-G7.txt, 4.0, 4, 1, 6.71
NEW-V200-P0.8-G7.txt, 2.0, 2, 1, 0.76
NEW-V200-P0.025-G8.txt, 43.0, 43, 1, 0.37
NEW-V200-P0.05-G8.txt, 24.0, 24, 1, 35.79
NEW-V200-P0.1-G8.txt, 15.0, 15, 1, 1185.56
NEW-V200-P0.2-G8.txt, 9.0, 9, 1, 892.13
NEW-V200-P0.5-G8.txt, 4.0, 4, 1, 9.30
NEW-V200-P0.8-G8.txt, 2.0, 2, 1, 1.68
NEW-V200-P0.025-G9.txt, 41.0, 41, 1, 0.37
NEW-V200-P0.05-G9.txt, 24.0, 24, 1, 23.54
NEW-V200-P0.1-G9.txt, 15.0, 13, 0, 1802.16
NEW-V200-P0.2-G9.txt, 9.0, 9, 1, 878.14
NEW-V200-P0.5-G9.txt, 4.0, 4, 1, 6.71
NEW-V200-P0.8-G9.txt, 3.0, 3, 1, 1.20
