200 496
0 5
0 41
0 50
0 53
0 90
0 125
0 157
1 13
1 41
1 93
1 105
1 127
1 129
2 28
2 35
2 52
2 96
2 106
2 148
2 156
3 23
3 79
3 89
3 92
3 94
4 9
4 23
4 69
4 89
4 93
4 132
4 144
4 151
4 167
4 189
5 0
5 47
5 72
5 176
6 149
6 177
7 19
7 44
7 83
7 93
7 180
7 189
8 26
8 58
8 110
8 129
9 4
9 67
9 94
9 100
9 182
10 87
10 99
10 106
10 178
11 17
11 55
12 16
12 41
12 54
12 69
12 86
12 98
12 100
12 116
12 151
12 152
12 170
12 188
12 190
12 191
13 1
13 56
13 81
13 113
13 147
13 180
13 196
14 40
14 128
15 81
15 111
15 129
16 12
16 25
16 80
16 120
16 175
17 11
17 20
17 95
17 99
17 101
17 195
18 30
18 39
18 49
18 87
18 151
18 158
18 192
19 7
19 91
19 106
19 147
20 17
20 24
20 47
20 61
20 63
20 88
20 93
20 184
20 193
21 98
21 122
21 150
21 192
22 49
22 63
22 71
22 133
22 182
23 3
23 4
23 26
23 29
23 68
23 75
23 91
23 111
23 113
23 131
23 167
24 20
24 34
24 44
24 88
24 103
25 16
25 63
25 105
25 156
25 183
26 8
26 23
26 101
26 128
26 131
26 156
26 187
27 74
27 129
27 163
28 2
28 42
28 116
28 127
28 132
28 186
29 23
29 71
29 119
30 18
30 78
30 124
30 156
30 199
31 61
31 97
31 123
31 168
32 61
32 140
33 36
33 128
33 157
33 160
33 169
33 197
34 24
34 42
34 72
34 82
34 121
34 151
34 188
35 2
36 33
36 111
36 125
36 130
36 155
37 43
37 88
37 115
37 119
37 121
37 177
38 67
38 77
38 91
39 18
39 58
39 135
39 173
39 178
39 198
40 14
40 98
40 123
40 133
40 135
40 172
41 0
41 1
41 12
41 62
41 64
42 28
42 34
42 44
42 70
42 90
42 107
42 157
42 182
43 37
43 51
43 58
43 153
43 174
43 192
44 7
44 24
44 42
44 52
44 76
44 177
45 57
45 61
45 99
45 116
45 124
45 188
45 189
46 56
46 73
46 79
46 184
46 187
47 5
47 20
47 62
47 87
47 109
47 146
47 165
47 197
48 82
48 199
49 18
49 22
49 64
49 89
50 0
50 75
50 87
50 90
50 105
50 107
50 136
50 152
50 170
51 43
51 53
51 76
52 2
52 44
52 132
53 0
53 51
54 12
54 97
54 145
54 198
55 11
55 113
56 13
56 46
56 68
56 90
56 142
56 164
56 176
57 45
57 118
58 8
58 39
58 43
58 147
59 84
59 119
59 128
60 99
60 112
60 135
61 20
61 31
61 32
61 45
61 170
61 186
62 41
62 47
62 121
62 149
62 173
62 175
62 178
63 20
63 22
63 25
63 168
63 175
63 199
64 41
64 49
64 92
64 97
64 101
64 169
64 196
65 85
65 89
65 132
65 177
65 178
66 67
66 114
66 122
66 130
66 152
66 161
66 166
66 193
67 9
67 38
67 66
67 98
67 121
67 122
67 155
67 178
67 190
67 196
68 23
68 56
68 105
68 119
68 162
68 165
68 178
68 196
69 4
69 12
69 144
69 150
69 155
70 42
70 91
70 97
70 110
70 147
71 22
71 29
71 87
71 89
71 101
71 110
72 5
72 34
72 76
72 103
72 104
72 105
72 108
72 115
72 144
73 46
73 75
73 135
73 195
74 27
74 121
74 182
75 23
75 50
75 73
75 101
75 191
76 44
76 51
76 72
76 86
76 91
77 38
77 100
78 30
78 95
78 128
79 3
79 46
79 164
80 16
80 103
81 13
81 15
81 87
81 132
82 34
82 48
82 106
82 146
82 154
82 160
82 166
83 7
83 95
83 117
83 180
84 59
84 93
84 113
84 120
84 156
84 157
84 196
85 65
85 100
85 106
85 108
85 111
85 148
85 152
86 12
86 76
86 137
86 142
86 171
86 185
87 10
87 18
87 47
87 50
87 71
87 81
87 150
88 20
88 24
88 37
88 143
89 3
89 4
89 49
89 65
89 71
89 182
90 0
90 42
90 50
90 56
90 163
91 19
91 23
91 38
91 70
91 76
91 127
91 153
91 170
92 3
92 64
92 168
93 1
93 4
93 7
93 20
93 84
93 184
93 187
93 198
94 3
94 9
94 124
95 17
95 78
95 83
95 148
95 188
96 2
96 184
97 31
97 54
97 64
97 70
97 137
97 179
98 12
98 21
98 40
98 67
98 159
98 167
98 184
99 10
99 17
99 45
99 60
99 116
99 156
99 165
100 9
100 12
100 77
100 85
100 117
100 154
100 157
100 199
101 17
101 26
101 64
101 71
101 75
101 148
101 188
101 190
102 107
102 170
103 24
103 72
103 80
104 72
104 132
105 1
105 25
105 50
105 68
105 72
105 115
105 176
106 2
106 10
106 19
106 82
106 85
106 140
106 176
106 188
106 195
107 42
107 50
107 102
107 116
107 128
107 152
108 72
108 85
108 150
108 172
109 47
110 8
110 70
110 71
110 136
110 167
111 15
111 23
111 36
111 85
111 151
111 157
111 162
111 176
112 60
112 126
112 185
112 190
113 13
113 23
113 55
113 84
113 163
114 66
114 151
114 160
115 37
115 72
115 105
115 157
116 12
116 28
116 45
116 99
116 107
117 83
117 100
117 182
118 57
118 137
118 172
119 29
119 37
119 59
119 68
119 123
119 179
120 16
120 84
120 130
120 180
121 34
121 37
121 62
121 67
121 74
121 151
121 155
122 21
122 66
122 67
122 129
122 167
123 31
123 40
123 119
123 143
123 144
123 165
124 30
124 45
124 94
124 133
124 137
125 0
125 36
125 145
126 112
126 148
127 1
127 28
127 91
127 141
127 183
128 14
128 26
128 33
128 59
128 78
128 107
128 152
129 1
129 8
129 15
129 27
129 122
129 134
129 177
130 36
130 66
130 120
130 177
131 23
131 26
131 175
131 183
131 196
132 4
132 28
132 52
132 65
132 81
132 104
133 22
133 40
133 124
133 195
134 129
134 146
134 174
134 181
135 39
135 40
135 60
135 73
136 50
136 110
136 157
136 194
137 86
137 97
137 118
137 124
139 181
139 188
140 32
140 106
141 127
141 155
141 168
142 56
142 86
142 155
142 176
143 88
143 123
143 172
143 186
144 4
144 69
144 72
144 123
144 185
145 54
145 125
146 47
146 82
146 134
146 170
147 13
147 19
147 58
147 70
147 168
147 187
148 2
148 85
148 95
148 101
148 126
149 6
149 62
149 196
150 21
150 69
150 87
150 108
150 151
151 4
151 12
151 18
151 34
151 111
151 114
151 121
151 150
151 154
152 12
152 50
152 66
152 85
152 107
152 128
153 43
153 91
154 82
154 100
154 151
154 196
155 36
155 67
155 69
155 121
155 141
155 142
156 2
156 25
156 26
156 30
156 84
156 99
156 165
156 185
157 0
157 33
157 42
157 84
157 100
157 111
157 115
157 136
157 164
158 18
159 98
160 33
160 82
160 114
161 66
162 68
162 111
162 182
163 27
163 90
163 113
163 192
164 56
164 79
164 157
165 47
165 68
165 99
165 123
165 156
165 176
166 66
166 82
166 180
167 4
167 23
167 98
167 110
167 122
167 169
167 186
168 31
168 63
168 92
168 141
168 147
168 193
169 33
169 64
169 167
169 183
170 12
170 50
170 61
170 91
170 102
170 146
171 86
171 177
171 183
172 40
172 108
172 118
172 143
173 39
173 62
174 43
174 134
174 199
175 16
175 62
175 63
175 131
175 179
176 5
176 56
176 105
176 106
176 111
176 142
176 165
177 6
177 37
177 44
177 65
177 129
177 130
177 171
178 10
178 39
178 62
178 65
178 67
178 68
178 185
179 97
179 119
179 175
179 198
180 7
180 13
180 83
180 120
180 166
181 134
181 139
181 198
182 9
182 22
182 42
182 74
182 89
182 117
182 162
182 185
183 25
183 127
183 131
183 169
183 171
183 190
184 20
184 46
184 93
184 96
184 98
184 196
185 86
185 112
185 144
185 156
185 178
185 182
186 28
186 61
186 143
186 167
186 187
186 195
187 26
187 46
187 93
187 147
187 186
188 12
188 34
188 45
188 95
188 101
188 106
188 139
188 189
188 191
189 4
189 7
189 45
189 188
189 191
190 12
190 67
190 101
190 112
190 183
190 195
191 12
191 75
191 188
191 189
192 18
192 21
192 43
192 163
193 20
193 66
193 168
194 136
195 17
195 73
195 106
195 133
195 186
195 190
196 13
196 64
196 67
196 68
196 84
196 131
196 149
196 154
196 184
197 33
197 47
198 39
198 54
198 93
198 179
198 181
199 30
199 48
199 63
199 100
199 174