500 3156
0 30
0 109
0 149
0 171
0 205
0 211
0 236
0 317
0 323
0 346
0 371
1 26
1 159
1 170
1 224
1 259
1 289
1 315
1 400
1 450
1 457
2 14
2 15
2 99
2 104
2 129
2 208
2 219
2 228
2 251
2 308
2 344
2 427
2 491
3 8
3 48
3 55
3 72
3 73
3 81
3 170
3 177
3 191
3 233
3 282
3 340
3 358
3 399
3 429
3 432
4 37
4 65
4 110
4 192
4 195
4 232
4 283
4 338
4 408
4 422
4 459
4 483
5 90
5 99
5 113
5 162
5 169
5 175
5 199
5 261
5 269
5 302
5 343
5 394
5 405
5 426
5 453
6 22
6 77
6 173
6 186
6 230
6 293
6 349
6 354
6 362
6 430
6 438
6 447
6 463
6 483
7 13
7 24
7 88
7 151
7 267
7 280
7 328
7 331
7 344
7 365
7 487
8 3
8 66
8 111
8 283
8 295
8 356
8 358
8 360
8 403
8 447
8 459
8 479
8 489
9 45
9 48
9 60
9 131
9 139
9 147
9 262
9 325
9 329
9 386
9 409
9 446
9 465
9 496
10 23
10 73
10 100
10 107
10 146
10 181
10 188
10 211
10 224
10 235
10 251
10 313
10 354
10 449
11 79
11 85
11 129
11 158
11 163
11 207
11 209
11 232
11 293
11 331
11 427
11 464
11 485
12 98
12 147
12 185
12 205
12 208
12 223
12 228
12 252
12 296
12 325
12 350
12 369
12 413
12 467
12 491
13 7
13 69
13 124
13 234
13 262
13 359
13 375
13 382
13 390
14 2
14 90
14 98
14 101
14 108
14 161
14 191
14 292
14 318
14 365
14 489
15 2
15 42
15 50
15 62
15 76
15 186
15 337
15 363
16 125
16 171
16 179
16 184
16 270
16 289
16 320
16 326
16 331
16 349
16 434
17 114
17 134
17 160
17 186
17 217
17 266
17 311
17 321
17 361
17 376
17 430
17 457
18 42
18 100
18 107
18 121
18 123
18 134
18 220
18 230
18 236
18 283
18 399
18 445
18 453
19 102
19 103
19 105
19 130
19 146
19 167
19 182
19 224
19 254
19 324
19 327
19 351
19 355
19 375
19 474
19 495
20 22
20 52
20 65
20 83
20 117
20 124
20 151
20 163
20 192
20 234
20 238
20 376
20 404
20 445
20 483
21 46
21 60
21 63
21 68
21 114
21 157
21 350
21 389
21 474
21 491
22 6
22 20
22 72
22 105
22 154
22 238
22 275
22 279
22 284
22 320
22 357
22 394
22 431
23 10
23 58
23 156
23 271
23 339
23 340
23 354
23 356
23 410
23 443
24 7
24 33
24 65
24 73
24 147
24 167
24 235
24 297
24 319
24 367
24 374
24 459
25 51
25 178
25 205
25 292
25 385
25 400
25 468
25 487
26 1
26 36
26 46
26 129
26 148
26 159
26 171
26 200
26 259
26 386
26 414
27 35
27 90
27 94
27 101
27 104
27 119
27 153
27 183
27 201
27 239
27 260
27 285
27 339
27 362
27 427
27 430
27 472
28 53
28 86
28 90
28 112
28 164
28 206
28 241
28 262
28 297
28 338
28 364
28 379
28 385
28 396
28 404
28 443
28 487
29 35
29 50
29 72
29 110
29 222
29 311
29 315
29 328
29 331
29 399
29 423
29 427
29 430
29 457
29 476
29 494
30 0
30 51
30 82
30 86
30 100
30 101
30 200
30 203
30 209
30 210
30 281
30 377
31 35
31 203
31 217
31 344
31 346
31 405
31 419
31 446
31 496
32 40
32 65
32 104
32 210
32 218
32 299
32 332
32 354
32 450
33 24
33 116
33 160
33 234
33 258
33 287
33 355
33 359
33 367
33 377
33 379
33 481
34 46
34 65
34 139
34 155
34 174
34 190
34 214
34 266
34 299
34 340
34 411
34 417
35 27
35 29
35 31
35 75
35 79
35 164
35 223
35 242
35 295
35 313
35 371
35 373
35 381
35 445
35 478
35 499
36 26
36 120
36 124
36 152
36 213
36 227
36 277
36 286
36 318
36 398
36 422
36 427
36 451
36 474
36 478
36 479
36 481
37 4
37 85
37 86
37 88
37 104
37 117
37 162
37 206
37 207
37 242
37 243
37 265
37 303
37 326
37 333
37 346
37 434
37 458
37 481
37 497
38 142
38 190
38 192
38 262
38 265
38 278
38 366
38 422
38 471
39 83
39 98
39 101
39 113
39 210
39 220
39 239
39 240
39 384
39 398
39 407
39 474
40 32
40 85
40 89
40 118
40 120
40 217
40 243
40 261
40 368
40 394
40 426
41 63
41 197
41 259
41 274
41 277
41 281
41 350
41 359
41 373
41 396
41 409
41 422
41 432
42 15
42 18
42 122
42 142
42 181
42 241
42 298
42 299
42 335
42 433
42 476
43 75
43 80
43 83
43 129
43 188
43 217
43 239
43 249
43 275
43 368
43 379
43 386
43 405
43 443
43 473
44 74
44 178
44 221
44 242
44 248
44 320
44 353
44 437
44 442
44 453
45 9
45 57
45 139
45 169
45 218
45 261
45 280
45 423
45 430
45 445
45 470
45 477
45 488
46 21
46 26
46 34
46 84
46 92
46 98
46 236
46 325
46 387
46 391
46 396
46 418
46 428
46 436
46 493
47 62
47 64
47 115
47 119
47 144
47 146
47 158
47 166
47 181
47 221
47 315
47 404
47 492
48 3
48 9
48 50
48 75
48 127
48 187
48 188
48 342
48 346
48 358
48 385
48 410
48 430
48 439
48 478
49 77
49 93
49 96
49 107
49 121
49 174
49 176
49 184
49 218
49 264
49 298
49 353
49 402
49 433
50 15
50 29
50 48
50 144
50 149
50 173
50 205
50 262
50 291
50 292
50 338
50 351
50 488
51 25
51 30
51 113
51 129
51 187
51 217
51 255
51 268
51 437
52 20
52 63
52 64
52 78
52 129
52 207
52 238
52 282
52 289
52 299
52 392
52 422
53 28
53 99
53 245
53 246
53 272
53 280
53 281
53 376
53 382
53 389
53 392
53 404
53 412
53 460
54 56
54 58
54 108
54 135
54 148
54 270
54 277
54 306
54 337
54 357
54 376
54 381
54 497
55 3
55 98
55 128
55 140
55 159
55 162
55 174
55 228
55 285
55 286
55 350
55 439
55 456
55 466
56 54
56 78
56 148
56 163
56 228
56 236
56 241
56 316
56 332
56 365
56 451
56 474
57 45
57 88
57 105
57 119
57 123
57 180
57 243
57 267
57 324
57 333
57 350
57 387
57 432
58 23
58 54
58 121
58 246
58 342
58 351
58 428
58 449
59 141
59 165
59 281
59 291
59 333
59 400
59 418
59 437
59 457
59 465
59 487
59 489
60 9
60 21
60 78
60 155
60 203
60 214
60 224
60 244
60 318
60 335
60 350
60 404
60 438
60 493
61 133
61 264
61 281
61 342
61 349
61 388
61 393
61 417
61 440
61 465
62 15
62 47
62 117
62 159
62 200
62 203
62 263
62 264
62 351
62 382
62 470
63 21
63 41
63 52
63 74
63 78
63 79
63 85
63 187
63 189
63 272
63 311
63 317
63 327
63 341
63 354
63 389
63 403
63 445
63 455
64 47
64 52
64 91
64 96
64 180
64 256
64 310
64 333
64 416
64 439
64 455
65 4
65 20
65 24
65 32
65 34
65 79
65 119
65 122
65 169
65 176
65 197
65 217
65 223
65 237
65 242
65 269
65 282
65 353
65 395
65 428
65 470
65 479
66 8
66 111
66 192
66 222
66 228
66 323
66 338
66 386
66 410
66 458
67 92
67 137
67 164
67 212
67 221
67 232
67 238
67 242
67 273
67 326
67 425
68 21
68 105
68 221
68 228
68 242
68 262
68 291
68 309
68 360
68 407
68 412
68 420
68 441
68 446
69 13
69 94
69 116
69 185
69 205
69 301
70 77
70 85
70 160
70 197
70 221
70 261
70 311
70 361
70 373
70 389
70 412
70 417
70 440
70 477
71 89
71 178
71 303
71 414
71 462
71 473
71 499
72 3
72 22
72 29
72 73
72 78
72 87
72 124
72 297
72 298
72 301
72 328
72 340
72 428
72 435
73 3
73 10
73 24
73 72
73 113
73 127
73 164
73 217
73 219
73 230
73 247
73 263
73 298
73 342
73 444
73 454
74 44
74 63
74 130
74 154
74 259
74 268
74 314
74 339
74 377
74 381
74 384
74 396
75 35
75 43
75 48
75 87
75 144
75 223
75 243
75 268
75 341
75 356
75 377
75 455
76 15
76 110
76 129
76 140
76 151
76 174
76 271
76 299
76 302
76 309
76 318
76 327
76 330
76 357
76 364
76 392
76 393
76 423
76 429
76 433
76 470
77 6
77 49
77 70
77 83
77 110
77 137
77 164
77 209
77 213
77 232
77 278
77 353
77 373
77 389
77 394
77 408
77 419
77 494
78 52
78 56
78 60
78 63
78 72
78 87
78 152
78 207
78 247
78 263
78 278
78 439
78 460
78 482
79 11
79 35
79 63
79 65
79 127
79 150
79 191
79 267
79 400
80 43
80 123
80 143
80 162
80 171
80 189
80 203
80 245
80 260
80 295
80 302
80 328
80 329
80 360
80 366
80 386
80 447
80 451
81 3
81 91
81 184
81 225
81 231
81 286
81 362
81 414
81 420
82 30
82 105
82 108
82 128
82 164
82 213
82 256
82 332
82 402
82 405
82 477
82 485
83 20
83 39
83 43
83 77
83 85
83 153
83 167
83 204
83 247
83 281
83 337
83 346
83 371
83 382
83 421
83 440
83 470
83 483
84 46
84 91
84 94
84 151
84 224
84 241
84 248
84 263
84 299
84 303
84 322
84 372
84 418
84 479
85 11
85 37
85 40
85 63
85 70
85 83
85 151
85 195
85 222
85 233
85 288
85 296
85 305
85 341
85 430
85 433
86 28
86 30
86 37
86 139
86 146
86 158
86 186
86 206
86 211
86 232
86 251
86 264
86 281
86 336
86 373
86 377
86 417
86 440
87 72
87 75
87 78
87 93
87 247
87 300
87 340
87 355
87 414
87 427
87 456
87 469
87 488
88 7
88 37
88 57
88 149
88 200
88 231
88 324
88 342
88 347
88 435
88 439
88 455
88 490
89 40
89 71
89 213
89 224
89 252
89 302
89 313
89 419
90 5
90 14
90 27
90 28
90 130
90 145
90 147
90 179
90 309
90 320
90 352
90 373
90 446
90 485
91 64
91 81
91 84
91 166
91 192
91 204
91 206
91 221
91 222
91 285
91 299
91 330
91 378
91 390
91 414
91 426
91 455
92 46
92 67
92 111
92 145
92 170
92 176
92 214
92 230
92 256
92 268
92 277
92 288
92 290
92 304
92 338
92 408
92 416
92 464
93 49
93 87
93 110
93 119
93 141
93 245
93 294
93 342
93 379
93 389
93 408
93 447
93 453
94 27
94 69
94 84
94 101
94 161
94 201
94 268
94 277
94 284
94 354
94 376
94 471
94 494
95 158
95 223
95 340
95 356
95 387
95 409
95 456
95 457
95 471
96 49
96 64
96 177
96 193
96 338
96 340
96 354
96 411
96 421
96 434
96 448
97 119
97 162
97 189
97 198
98 12
98 14
98 39
98 46
98 55
98 173
98 185
98 219
98 250
98 252
98 265
98 344
98 358
98 466
98 498
99 2
99 5
99 53
99 145
99 168
99 172
99 178
99 278
99 284
99 299
99 328
99 488
100 10
100 18
100 30
100 180
100 190
100 229
100 241
100 314
100 334
100 402
100 419
100 479
100 495
101 14
101 27
101 30
101 39
101 94
101 150
101 199
101 406
101 434
101 446
101 463
101 464
102 19
102 142
102 175
102 283
102 312
102 336
102 347
103 19
103 127
103 167
103 175
103 196
103 300
103 368
103 385
103 389
103 402
103 444
103 466
104 2
104 27
104 32
104 37
104 202
104 210
104 270
104 299
104 366
104 438
104 485
104 493
105 19
105 22
105 57
105 68
105 82
105 109
105 185
105 205
105 235
105 246
105 295
105 315
105 379
105 382
105 446
106 191
106 267
106 311
106 321
106 345
106 355
106 408
106 415
106 440
106 490
107 10
107 18
107 49
107 140
107 148
107 166
107 185
107 281
107 398
107 477
107 478
107 481
108 14
108 54
108 82
108 152
108 209
108 234
108 252
108 256
108 299
108 357
108 398
108 451
108 478
109 0
109 105
109 123
109 127
109 147
109 348
109 372
109 382
109 465
109 471
110 4
110 29
110 76
110 77
110 93
110 181
110 238
110 260
110 274
110 383
110 465
110 468
111 8
111 66
111 92
111 150
111 185
111 196
111 268
111 303
111 306
111 344
111 363
111 414
111 424
111 427
111 433
111 469
112 28
112 347
112 382
112 385
112 415
112 474
113 5
113 39
113 51
113 73
113 118
113 134
113 200
113 208
113 211
113 272
113 274
113 329
113 414
113 422
113 472
114 17
114 21
114 140
114 151
114 154
114 174
114 409
114 425
114 458
114 459
114 484
115 47
115 155
115 242
115 244
115 256
115 289
115 350
115 351
115 401
115 453
115 487
116 33
116 69
116 136
116 180
116 200
116 214
116 231
116 233
116 268
116 442
116 461
116 470
116 489
117 20
117 37
117 62
117 170
117 247
117 269
117 271
117 309
117 343
117 456
117 483
117 489
118 40
118 113
118 168
118 180
118 288
118 314
118 351
118 386
118 416
118 443
118 456
119 27
119 47
119 57
119 65
119 93
119 97
119 166
119 229
119 285
119 391
119 447
119 449
120 36
120 40
120 141
120 208
120 253
120 283
120 310
120 322
120 339
120 348
120 445
120 466
120 468
121 18
121 49
121 58
121 140
121 158
121 270
121 288
121 298
121 373
121 409
121 429
121 446
121 470
122 42
122 65
122 167
122 174
122 210
122 228
122 343
122 366
123 18
123 57
123 80
123 109
123 148
123 164
123 171
123 189
123 250
123 299
123 339
123 354
123 417
123 437
124 13
124 20
124 36
124 72
124 152
124 170
124 206
124 209
124 225
124 246
124 273
124 331
124 414
124 435
124 454
125 16
125 175
125 200
125 205
125 249
125 251
125 274
125 287
125 329
125 404
125 490
126 151
126 219
126 257
126 259
126 269
126 327
127 48
127 73
127 79
127 103
127 109
127 212
127 258
127 285
127 287
127 294
127 323
127 388
128 55
128 82
128 147
128 207
128 210
128 227
128 238
128 246
128 282
128 314
129 2
129 11
129 26
129 43
129 51
129 52
129 76
129 192
129 228
129 261
129 303
129 347
129 363
129 428
129 438
129 450
129 456
129 463
130 19
130 74
130 90
130 189
130 284
130 307
130 320
130 346
130 355
130 359
130 375
130 397
130 403
130 496
131 9
131 161
131 174
131 185
131 196
131 206
131 215
131 226
131 237
131 247
131 405
131 419
131 461
132 237
132 249
132 256
132 288
132 289
132 441
132 463
133 61
133 197
133 227
133 245
133 254
133 289
133 294
133 298
133 311
133 337
133 343
133 475
134 17
134 18
134 113
134 165
134 168
134 172
134 188
134 191
134 201
134 224
134 229
134 248
134 298
134 312
134 314
134 366
134 387
134 428
135 54
135 158
135 182
135 223
135 236
135 371
135 384
135 465
135 479
135 495
136 116
136 155
136 192
136 196
136 269
136 344
136 393
136 444
136 453
136 459
137 67
137 77
137 145
137 166
137 262
137 264
137 306
137 329
137 343
137 378
137 411
137 440
138 191
138 209
138 223
138 253
138 275
138 276
138 295
138 335
138 421
138 440
138 442
138 459
138 474
138 484
138 488
139 9
139 34
139 45
139 86
139 157
139 158
139 175
139 191
139 270
139 353
139 417
139 439
139 451
140 55
140 76
140 107
140 114
140 121
140 224
140 272
140 287
140 360
140 384
140 427
140 481
141 59
141 93
141 120
141 261
141 455
141 460
142 38
142 42
142 102
142 263
142 274
142 305
142 319
142 350
142 361
142 382
142 430
142 436
142 450
142 496
143 80
143 215
143 237
143 345
143 359
143 441
144 47
144 50
144 75
144 165
144 177
144 204
144 236
144 296
144 298
144 384
144 454
144 457
144 460
144 469
145 90
145 92
145 99
145 137
145 183
145 284
145 344
145 384
145 442
145 467
145 485
146 10
146 19
146 47
146 86
146 159
146 188
146 189
146 311
146 338
146 352
146 368
146 380
146 400
146 404
146 470
147 9
147 12
147 24
147 90
147 109
147 128
147 248
147 253
147 263
147 269
147 296
147 335
147 347
147 410
147 440
147 474
148 26
148 54
148 56
148 107
148 123
148 155
148 172
148 196
148 222
148 269
148 283
148 367
148 462
148 482
149 0
149 50
149 88
149 250
149 314
149 410
149 454
149 470
150 79
150 101
150 111
150 155
150 160
150 163
150 168
150 180
150 217
150 330
150 353
150 483
150 493
151 7
151 20
151 76
151 84
151 85
151 114
151 126
151 172
151 255
151 268
151 279
151 339
151 430
151 443
151 475
151 492
152 36
152 78
152 108
152 124
152 158
152 206
152 262
152 313
152 323
152 381
152 435
152 496
153 27
153 83
153 160
153 204
153 267
153 330
153 334
153 336
153 342
153 410
153 455
153 476
153 490
154 22
154 74
154 114
154 155
154 231
154 237
154 274
154 294
154 349
154 370
154 374
154 477
154 479
155 34
155 60
155 115
155 136
155 148
155 150
155 154
155 190
155 217
155 247
155 257
155 322
155 330
155 350
155 355
155 367
155 388
155 414
155 470
156 23
156 215
156 238
156 292
156 388
156 389
156 432
156 494
157 21
157 139
157 164
157 249
157 279
157 294
157 306
157 323
157 345
157 404
157 444
157 451
157 467
157 499
158 11
158 47
158 86
158 95
158 121
158 135
158 139
158 152
158 169
158 176
158 269
158 333
158 351
159 1
159 26
159 55
159 62
159 146
159 217
159 257
159 267
159 301
159 416
159 440
160 17
160 33
160 70
160 150
160 153
160 215
160 220
160 294
160 339
160 448
160 495
161 14
161 94
161 131
161 194
161 224
161 237
161 279
161 297
161 323
161 356
161 389
161 419
161 435
161 486
161 495
162 5
162 37
162 55
162 80
162 97
162 220
162 269
162 322
162 366
162 430
162 434
162 490
163 11
163 20
163 56
163 150
163 335
163 345
163 395
163 445
163 449
164 28
164 35
164 67
164 73
164 77
164 82
164 123
164 157
164 180
164 211
164 213
164 249
164 263
164 324
164 385
164 469
164 499
165 59
165 134
165 144
165 185
165 219
165 237
165 253
165 269
165 296
165 334
165 359
165 369
165 387
165 411
165 421
165 499
166 47
166 91
166 107
166 119
166 137
166 218
166 317
166 367
166 401
166 423
166 471
166 480
166 485
166 489
167 19
167 24
167 83
167 103
167 122
167 175
167 209
167 248
167 262
167 268
167 274
167 431
167 480
168 99
168 118
168 134
168 150
168 176
168 190
168 210
168 218
168 222
168 295
168 300
168 396
168 411
168 474
169 5
169 45
169 65
169 158
169 228
169 288
169 380
169 446
169 447
170 1
170 3
170 92
170 117
170 124
170 206
170 236
170 319
170 340
170 378
170 475
170 483
171 0
171 16
171 26
171 80
171 123
171 174
171 180
171 209
171 272
171 302
171 305
171 324
171 339
171 375
171 405
171 464
171 481
172 99
172 134
172 148
172 151
172 188
172 233
172 257
172 280
172 310
172 316
172 320
172 392
172 492
173 6
173 50
173 98
173 183
173 197
173 213
173 316
173 319
173 443
173 466
173 474
174 34
174 49
174 55
174 76
174 114
174 122
174 131
174 171
174 187
174 212
174 237
174 311
174 359
174 482
175 5
175 102
175 103
175 125
175 139
175 167
175 199
175 272
175 317
175 396
175 410
175 443
176 49
176 65
176 92
176 158
176 168
176 182
176 193
176 250
176 253
176 256
176 264
176 312
176 334
176 343
176 377
176 389
176 403
176 412
176 435
176 443
176 451
176 453
176 461
177 3
177 96
177 144
177 376
177 399
177 450
177 469
178 25
178 44
178 71
178 99
178 180
178 189
178 193
178 216
178 277
178 336
179 16
179 90
179 188
179 314
179 356
179 404
179 443
179 492
179 494
180 57
180 64
180 100
180 116
180 118
180 150
180 164
180 171
180 178
180 208
180 351
180 370
180 373
180 396
180 438
180 455
180 459
181 10
181 42
181 47
181 110
181 198
181 237
181 300
181 313
181 397
181 411
181 494
182 19
182 135
182 176
182 184
182 258
182 305
182 345
182 364
182 399
182 406
182 458
182 464
182 470
182 494
183 27
183 145
183 173
183 195
183 210
183 238
183 258
183 270
183 271
183 351
183 361
183 424
184 16
184 49
184 81
184 182
184 216
184 242
184 263
184 362
184 416
184 426
184 497
185 12
185 69
185 98
185 105
185 107
185 111
185 131
185 165
185 266
185 398
185 472
186 6
186 15
186 17
186 86
186 200
186 241
186 269
186 364
186 415
186 471
186 488
187 48
187 51
187 63
187 174
187 235
187 369
187 380
187 403
187 419
187 439
188 10
188 43
188 48
188 134
188 146
188 172
188 179
188 193
188 210
188 338
188 439
189 63
189 80
189 97
189 123
189 130
189 146
189 178
189 191
189 268
189 288
189 290
189 294
189 306
189 335
189 336
189 359
190 34
190 38
190 100
190 155
190 168
190 203
190 450
190 466
191 3
191 14
191 79
191 106
191 134
191 138
191 139
191 189
191 200
191 213
191 217
191 260
191 304
191 317
191 329
191 453
191 480
191 497
192 4
192 20
192 38
192 66
192 91
192 129
192 136
192 196
192 209
192 233
192 281
192 290
192 323
192 325
192 352
192 390
192 418
192 436
192 451
192 486
193 96
193 176
193 178
193 188
193 202
193 223
193 240
193 271
193 279
193 332
193 378
193 393
193 399
193 413
193 415
193 456
193 459
193 491
194 161
194 247
194 272
194 358
194 366
194 368
194 373
194 410
194 425
194 434
195 4
195 85
195 183
195 198
195 220
195 223
195 235
195 311
195 355
195 364
195 380
195 479
196 103
196 111
196 131
196 136
196 148
196 192
196 208
196 241
196 242
196 378
196 413
196 452
196 469
197 41
197 65
197 70
197 133
197 173
197 226
197 303
197 321
197 350
197 376
197 420
197 475
197 490
198 97
198 181
198 195
198 204
198 226
198 263
198 272
198 295
198 334
198 347
198 415
198 454
198 469
198 489
199 5
199 101
199 175
199 203
199 219
199 273
199 322
199 366
199 459
200 26
200 30
200 62
200 88
200 113
200 116
200 125
200 186
200 191
200 275
200 310
200 360
200 419
200 466
201 27
201 94
201 134
201 224
201 421
201 464
201 465
201 474
202 104
202 193
202 204
202 266
202 273
202 321
202 397
202 463
202 482
202 489
203 30
203 31
203 60
203 62
203 80
203 190
203 199
203 235
203 273
203 287
203 313
203 345
203 366
203 395
203 444
203 489
204 83
204 91
204 144
204 153
204 198
204 202
204 355
204 401
204 444
205 0
205 12
205 25
205 50
205 69
205 105
205 125
205 239
205 247
205 296
205 329
205 348
205 419
205 437
205 439
206 28
206 37
206 86
206 91
206 124
206 131
206 152
206 170
206 210
206 277
206 298
206 310
206 428
206 473
206 476
207 11
207 37
207 52
207 78
207 128
207 236
207 316
207 321
207 327
207 331
207 392
207 443
208 2
208 12
208 113
208 120
208 180
208 196
208 343
208 391
208 495
209 11
209 30
209 77
209 108
209 124
209 138
209 167
209 171
209 192
209 214
209 338
209 375
209 396
210 30
210 32
210 39
210 104
210 122
210 128
210 168
210 183
210 188
210 206
210 293
210 326
210 335
210 351
210 362
210 458
210 482
210 498
211 0
211 10
211 86
211 113
211 164
211 286
211 337
211 397
211 404
211 448
211 474
212 67
212 127
212 174
212 256
212 303
212 316
212 372
212 417
212 447
212 475
213 36
213 77
213 82
213 89
213 164
213 173
213 191
213 242
213 301
213 347
213 362
213 401
213 412
213 475
213 492
214 34
214 60
214 92
214 116
214 209
214 233
214 243
214 254
214 278
214 286
214 304
214 308
214 325
214 332
214 433
215 131
215 143
215 156
215 160
215 245
215 267
215 280
215 374
215 378
215 415
215 428
215 432
215 436
215 439
215 483
216 178
216 184
216 232
216 308
216 369
216 386
216 455
216 495
217 17
217 31
217 40
217 43
217 51
217 65
217 73
217 150
217 155
217 159
217 191
217 244
217 340
217 342
217 386
217 397
218 32
218 45
218 49
218 166
218 168
218 277
218 300
218 320
218 343
218 375
218 470
219 2
219 73
219 98
219 126
219 165
219 199
219 228
219 290
219 354
219 364
219 388
219 412
219 425
219 453
220 18
220 39
220 160
220 162
220 195
220 243
220 269
220 334
220 391
220 416
220 460
221 44
221 47
221 67
221 68
221 70
221 91
221 240
221 246
221 266
221 285
221 296
221 338
221 406
221 412
221 440
221 447
221 467
221 487
222 29
222 66
222 85
222 91
222 148
222 168
222 263
222 382
222 393
222 430
223 12
223 35
223 65
223 75
223 95
223 135
223 138
223 193
223 195
223 284
223 336
223 339
223 344
223 348
223 382
223 426
223 459
224 1
224 10
224 19
224 60
224 84
224 89
224 134
224 140
224 161
224 201
224 255
224 299
224 308
224 327
224 347
224 437
224 487
225 81
225 124
225 240
225 247
225 285
225 288
225 292
225 294
225 369
225 379
225 408
225 435
226 131
226 197
226 198
226 229
226 297
226 305
226 312
226 323
226 356
226 439
226 459
227 36
227 128
227 133
227 245
227 246
227 264
227 331
227 365
227 394
227 499
228 2
228 12
228 55
228 56
228 66
228 68
228 122
228 129
228 169
228 219
228 282
228 374
228 431
228 443
228 464
229 100
229 119
229 134
229 226
229 241
229 285
229 355
229 389
229 390
229 423
229 463
230 6
230 18
230 73
230 92
230 242
230 299
230 321
230 352
230 384
230 458
230 488
231 81
231 88
231 116
231 154
231 343
231 348
231 429
231 458
231 463
231 475
231 481
232 4
232 11
232 67
232 77
232 86
232 216
232 300
232 384
233 3
233 85
233 116
233 172
233 192
233 214
233 295
233 297
233 300
233 304
233 308
233 462
233 464
234 13
234 20
234 33
234 108
234 260
234 281
234 289
234 302
234 338
234 448
235 10
235 24
235 105
235 187
235 195
235 203
235 350
235 360
235 379
235 496
236 0
236 18
236 46
236 56
236 135
236 144
236 170
236 207
236 242
236 269
236 457
236 471
237 65
237 131
237 132
237 143
237 154
237 161
237 165
237 174
237 181
237 321
237 334
237 399
237 469
238 20
238 22
238 52
238 67
238 110
238 128
238 156
238 183
238 266
238 272
238 313
238 358
238 378
238 420
238 428
238 456
238 458
238 494
238 498
239 27
239 39
239 43
239 205
239 268
239 273
239 279
239 299
239 327
239 381
239 387
239 389
239 407
239 428
239 435
239 443
239 491
240 39
240 193
240 221
240 225
240 274
240 286
240 342
240 369
240 403
240 454
240 484
240 491
241 28
241 42
241 56
241 84
241 100
241 186
241 196
241 229
241 311
242 35
242 37
242 44
242 65
242 67
242 68
242 115
242 184
242 196
242 213
242 230
242 236
242 271
242 286
242 343
242 348
242 430
242 441
242 470
242 498
243 37
243 40
243 57
243 75
243 214
243 220
243 254
243 281
243 321
243 363
243 401
243 428
243 479
244 60
244 115
244 217
244 259
244 346
244 421
244 447
244 481
244 482
245 53
245 80
245 93
245 133
245 215
245 227
245 259
245 271
245 275
245 285
245 309
245 362
245 374
245 399
245 475
245 495
246 53
246 58
246 105
246 124
246 128
246 221
246 227
246 259
246 263
246 275
246 383
246 386
246 438
247 73
247 78
247 83
247 87
247 117
247 131
247 155
247 194
247 205
247 225
247 308
247 357
247 400
247 468
248 44
248 84
248 134
248 147
248 167
248 269
248 321
248 340
248 345
248 351
248 418
249 43
249 125
249 132
249 157
249 164
249 283
249 298
249 304
250 98
250 123
250 149
250 176
250 377
250 411
250 475
251 2
251 10
251 86
251 125
251 277
251 351
251 378
252 12
252 89
252 98
252 108
252 321
252 391
252 409
253 120
253 138
253 147
253 165
253 176
253 257
253 264
253 277
253 280
253 288
253 289
253 314
253 321
253 322
253 343
253 361
253 368
253 377
253 380
253 395
253 446
253 463
253 471
253 482
254 19
254 133
254 214
254 243
254 282
254 289
254 349
254 400
254 460
254 482
255 51
255 151
255 224
255 258
255 272
255 281
255 411
255 452
255 480
255 482
255 488
256 64
256 82
256 92
256 108
256 115
256 132
256 176
256 212
256 263
256 300
256 303
256 313
256 405
256 413
256 428
257 126
257 155
257 159
257 172
257 253
257 260
257 283
257 326
257 330
257 426
257 438
257 444
257 486
258 33
258 127
258 182
258 183
258 255
258 259
258 265
258 273
258 298
258 350
258 368
258 372
258 381
258 402
258 422
258 452
258 483
259 1
259 26
259 41
259 74
259 126
259 244
259 245
259 246
259 258
259 265
259 350
259 377
259 420
259 423
259 454
260 27
260 80
260 110
260 191
260 234
260 257
260 296
260 311
260 344
260 350
260 399
260 497
261 5
261 40
261 45
261 70
261 129
261 141
261 331
261 336
261 366
261 494
262 9
262 13
262 28
262 38
262 50
262 68
262 137
262 152
262 167
262 265
262 289
262 360
262 362
262 461
263 62
263 73
263 78
263 84
263 142
263 147
263 164
263 184
263 198
263 222
263 246
263 256
263 276
263 326
263 367
263 387
263 419
264 49
264 61
264 62
264 86
264 137
264 176
264 227
264 253
264 300
264 308
264 331
264 356
264 390
264 426
264 428
265 37
265 38
265 98
265 258
265 259
265 262
265 268
265 371
265 395
265 414
265 425
265 458
265 463
266 17
266 34
266 185
266 202
266 221
266 238
266 279
266 316
266 332
266 334
266 338
266 361
266 440
266 443
267 7
267 57
267 79
267 106
267 153
267 159
267 215
267 326
267 381
268 51
268 74
268 75
268 92
268 94
268 111
268 116
268 151
268 167
268 189
268 239
268 265
268 283
268 293
268 467
268 494
269 5
269 65
269 117
269 126
269 136
269 147
269 148
269 158
269 162
269 165
269 186
269 220
269 236
269 248
269 344
269 352
269 379
269 406
269 418
269 427
269 433
270 16
270 54
270 104
270 121
270 139
270 183
270 278
270 366
270 369
270 373
270 423
270 425
271 23
271 76
271 117
271 183
271 193
271 242
271 245
271 275
271 382
271 389
271 436
271 468
272 53
272 63
272 113
272 140
272 171
272 175
272 194
272 198
272 238
272 255
272 285
272 288
272 319
272 367
272 424
272 427
272 429
272 495
272 498
273 67
273 124
273 199
273 202
273 203
273 239
273 258
273 315
273 318
273 386
273 414
273 422
273 445
273 465
273 476
273 477
274 41
274 110
274 113
274 125
274 142
274 154
274 167
274 240
274 341
274 354
274 362
275 22
275 43
275 138
275 200
275 245
275 246
275 271
275 292
275 309
275 355
275 377
275 479
276 138
276 263
276 277
276 279
276 280
276 290
276 306
276 427
277 36
277 41
277 54
277 92
277 94
277 178
277 206
277 218
277 251
277 253
277 276
277 281
277 325
277 343
277 367
278 38
278 77
278 78
278 99
278 214
278 270
278 292
278 313
278 314
278 321
278 343
278 387
278 429
278 479
279 22
279 151
279 157
279 161
279 193
279 239
279 266
279 276
279 296
279 336
279 377
279 401
279 439
280 7
280 45
280 53
280 172
280 215
280 253
280 276
280 321
280 336
280 343
280 462
280 471
280 485
281 30
281 41
281 53
281 59
281 61
281 83
281 86
281 107
281 192
281 234
281 243
281 255
281 277
281 348
281 365
281 418
281 457
281 498
282 3
282 52
282 65
282 128
282 228
282 254
282 328
282 344
282 347
282 367
282 428
282 452
282 466
282 480
283 4
283 8
283 18
283 102
283 120
283 148
283 249
283 257
283 268
283 292
283 295
283 414
283 456
283 461
284 22
284 94
284 99
284 130
284 145
284 223
284 427
284 458
285 27
285 55
285 91
285 119
285 127
285 221
285 225
285 229
285 245
285 272
285 292
285 314
285 330
285 373
285 383
285 420
285 491
286 36
286 55
286 81
286 211
286 214
286 240
286 242
286 318
286 435
286 436
286 467
287 33
287 125
287 127
287 140
287 203
287 289
287 325
287 332
287 371
287 384
287 449
287 453
287 461
287 468
288 85
288 92
288 118
288 121
288 132
288 169
288 189
288 225
288 253
288 272
288 307
288 324
288 412
289 1
289 16
289 52
289 115
289 132
289 133
289 234
289 253
289 254
289 262
289 287
289 391
289 424
289 432
289 466
289 499
290 92
290 189
290 192
290 219
290 276
290 331
290 390
291 50
291 59
291 68
291 297
292 14
292 25
292 50
292 156
292 225
292 275
292 278
292 283
292 285
292 322
292 483
293 6
293 11
293 210
293 268
293 300
293 329
293 379
293 399
293 431
294 93
294 127
294 133
294 154
294 157
294 160
294 189
294 225
294 314
294 361
294 383
294 409
295 8
295 35
295 80
295 105
295 138
295 168
295 198
295 233
295 283
295 341
295 438
295 477
296 12
296 85
296 144
296 147
296 165
296 205
296 221
296 260
296 279
296 367
296 418
296 430
296 492
297 24
297 28
297 72
297 161
297 226
297 233
297 291
297 356
297 399
297 437
297 442
298 42
298 49
298 72
298 73
298 121
298 133
298 134
298 144
298 206
298 249
298 258
298 299
298 343
298 372
298 375
298 376
298 441
298 481
298 488
299 32
299 34
299 42
299 52
299 76
299 84
299 91
299 99
299 104
299 108
299 123
299 224
299 230
299 239
299 298
299 303
300 87
300 103
300 168
300 181
300 218
300 232
300 233
300 256
300 264
300 293
300 313
300 347
300 407
300 414
300 421
300 425
300 498
301 69
301 72
301 159
301 213
301 333
301 373
301 382
301 397
301 410
301 430
301 491
302 5
302 76
302 80
302 89
302 171
302 234
302 313
302 329
302 347
302 355
302 383
302 440
302 446
302 472
302 480
302 492
303 37
303 71
303 84
303 111
303 129
303 197
303 212
303 256
303 299
303 306
303 332
303 344
303 368
303 370
303 400
303 423
304 92
304 191
304 214
304 233
304 249
304 312
304 315
304 341
304 342
304 469
304 488
304 490
305 85
305 142
305 171
305 182
305 226
305 380
305 419
305 442
305 443
306 54
306 111
306 137
306 157
306 189
306 276
306 303
306 307
306 312
306 343
306 402
306 406
307 130
307 288
307 306
307 320
307 324
307 332
307 443
307 472
308 2
308 214
308 216
308 224
308 233
308 247
308 264
308 418
308 437
308 494
309 68
309 76
309 90
309 117
309 245
309 275
309 339
309 376
309 412
309 415
309 429
309 443
309 449
309 499
310 64
310 120
310 172
310 200
310 206
310 371
310 374
310 400
310 457
311 17
311 29
311 63
311 70
311 106
311 133
311 146
311 174
311 195
311 241
311 260
311 334
311 379
311 384
311 410
311 470
312 102
312 134
312 176
312 226
312 304
312 306
312 371
312 400
312 419
312 429
313 10
313 35
313 89
313 152
313 181
313 203
313 238
313 256
313 278
313 300
313 302
313 361
313 387
313 441
314 74
314 100
314 118
314 128
314 134
314 149
314 179
314 253
314 278
314 285
314 294
314 342
314 392
314 423
314 430
314 459
314 468
314 483
315 1
315 29
315 47
315 105
315 273
315 304
315 415
316 56
316 172
316 173
316 207
316 212
316 266
316 356
316 417
316 440
317 0
317 63
317 166
317 175
317 191
317 320
317 347
317 454
317 475
318 14
318 36
318 60
318 76
318 273
318 286
318 319
318 356
318 366
318 401
318 405
318 473
319 24
319 142
319 170
319 173
319 272
319 318
319 400
319 412
319 435
320 16
320 22
320 44
320 90
320 130
320 172
320 218
320 307
320 317
320 349
321 17
321 106
321 197
321 202
321 207
321 230
321 237
321 243
321 248
321 252
321 253
321 278
321 280
321 347
322 84
322 120
322 155
322 162
322 199
322 253
322 292
322 333
322 366
322 378
322 409
322 429
323 0
323 66
323 127
323 152
323 157
323 161
323 192
323 226
323 382
323 412
323 443
324 19
324 57
324 88
324 164
324 171
324 288
324 307
324 327
324 440
325 9
325 12
325 46
325 192
325 214
325 277
325 287
325 351
325 354
325 358
325 377
325 466
325 473
325 478
325 490
325 497
326 16
326 37
326 67
326 210
326 257
326 263
326 267
326 480
327 19
327 63
327 76
327 126
327 207
327 224
327 239
327 324
327 354
327 428
328 7
328 29
328 72
328 80
328 99
328 282
328 395
328 438
329 9
329 80
329 113
329 125
329 137
329 191
329 205
329 293
329 302
329 395
329 479
329 484
330 76
330 91
330 150
330 153
330 155
330 257
330 285
330 339
330 389
330 397
330 497
331 7
331 11
331 16
331 29
331 124
331 207
331 227
331 261
331 264
331 290
331 363
331 409
331 477
332 32
332 56
332 82
332 193
332 214
332 266
332 287
332 303
332 307
332 334
332 368
332 377
332 388
332 454
332 456
333 37
333 57
333 59
333 64
333 158
333 301
333 322
333 334
333 376
333 449
334 100
334 153
334 165
334 176
334 198
334 220
334 237
334 266
334 311
334 332
334 333
334 421
335 42
335 60
335 138
335 147
335 163
335 189
335 210
335 455
335 486
336 86
336 102
336 153
336 178
336 189
336 223
336 261
336 279
336 280
336 387
336 388
336 394
336 430
336 432
337 15
337 54
337 83
337 133
337 211
337 348
337 484
338 4
338 28
338 50
338 66
338 92
338 96
338 146
338 188
338 209
338 221
338 234
338 266
338 375
338 455
338 464
339 23
339 27
339 74
339 120
339 123
339 151
339 160
339 171
339 223
339 309
339 330
339 353
339 367
339 401
339 451
340 3
340 23
340 34
340 72
340 87
340 95
340 96
340 170
340 217
340 248
341 63
341 75
341 85
341 274
341 295
341 304
341 385
341 418
341 429
341 459
341 476
342 48
342 58
342 61
342 73
342 88
342 93
342 153
342 217
342 240
342 304
342 314
342 373
342 430
342 478
342 488
343 5
343 117
343 122
343 133
343 137
343 176
343 208
343 218
343 231
343 242
343 253
343 277
343 278
343 280
343 298
343 306
343 431
343 435
344 2
344 7
344 31
344 98
344 111
344 136
344 145
344 223
344 260
344 269
344 282
344 303
344 395
344 412
344 488
344 499
345 106
345 143
345 157
345 163
345 182
345 203
345 248
345 358
345 412
345 423
345 425
345 452
345 475
345 479
346 0
346 31
346 37
346 48
346 83
346 130
346 244
346 371
346 411
346 416
346 430
346 445
346 455
347 88
347 102
347 112
347 129
347 147
347 198
347 213
347 224
347 282
347 300
347 302
347 317
347 321
347 352
347 356
347 404
347 447
347 474
347 479
347 486
348 109
348 120
348 205
348 223
348 231
348 242
348 281
348 337
348 413
348 489
348 498
349 6
349 16
349 61
349 154
349 254
349 320
349 382
349 412
349 488
350 12
350 21
350 41
350 55
350 57
350 60
350 115
350 142
350 155
350 197
350 235
350 258
350 259
350 260
350 353
350 361
350 372
350 425
350 497
351 19
351 50
351 58
351 62
351 115
351 118
351 158
351 180
351 183
351 210
351 248
351 251
351 325
351 385
351 390
351 460
352 90
352 146
352 192
352 230
352 269
352 347
352 357
352 361
352 385
352 391
353 44
353 49
353 65
353 77
353 139
353 150
353 339
353 350
353 403
353 411
353 413
353 442
353 470
354 6
354 10
354 23
354 32
354 63
354 94
354 96
354 123
354 219
354 274
354 325
354 327
354 403
354 446
355 19
355 33
355 87
355 106
355 130
355 155
355 195
355 204
355 229
355 275
355 302
355 425
355 435
355 452
356 8
356 23
356 75
356 95
356 161
356 179
356 226
356 264
356 297
356 316
356 318
356 347
356 359
356 397
356 427
356 437
356 448
356 457
356 459
357 22
357 54
357 76
357 108
357 247
357 352
357 404
358 3
358 8
358 48
358 98
358 194
358 238
358 325
358 345
359 13
359 33
359 41
359 130
359 143
359 165
359 174
359 189
359 356
359 364
359 370
359 388
359 441
359 449
359 485
360 8
360 68
360 80
360 140
360 200
360 235
360 262
360 371
360 425
360 490
361 17
361 70
361 142
361 183
361 253
361 266
361 294
361 313
361 350
361 352
361 370
361 374
361 464
361 479
362 6
362 27
362 81
362 184
362 210
362 213
362 245
362 262
362 274
362 424
362 449
362 493
363 15
363 111
363 129
363 243
363 331
363 386
363 404
363 418
363 422
364 28
364 76
364 182
364 186
364 195
364 219
364 359
364 373
364 387
364 403
364 443
365 7
365 14
365 56
365 227
365 281
365 366
365 468
366 38
366 80
366 104
366 122
366 134
366 162
366 194
366 199
366 203
366 261
366 270
366 318
366 322
366 365
366 388
366 456
366 463
367 24
367 33
367 148
367 155
367 166
367 263
367 272
367 277
367 282
367 296
367 339
367 369
367 381
367 415
367 433
367 435
367 452
367 466
368 40
368 43
368 103
368 146
368 194
368 253
368 258
368 303
368 332
368 412
368 432
368 447
369 12
369 165
369 187
369 216
369 225
369 240
369 270
369 367
369 413
369 417
369 480
369 487
369 490
370 154
370 180
370 303
370 359
370 361
370 417
370 447
370 476
370 481
371 0
371 35
371 83
371 135
371 265
371 287
371 310
371 312
371 346
371 360
371 433
371 440
372 84
372 109
372 212
372 258
372 298
372 350
372 406
372 407
372 415
372 461
372 471
372 497
373 35
373 41
373 70
373 77
373 86
373 90
373 121
373 180
373 194
373 270
373 285
373 301
373 342
373 364
373 382
373 401
373 407
373 458
374 24
374 154
374 215
374 228
374 245
374 310
374 361
374 439
374 457
374 470
375 13
375 19
375 130
375 171
375 209
375 218
375 298
375 338
375 428
375 453
376 17
376 20
376 53
376 54
376 94
376 177
376 197
376 298
376 309
376 333
376 380
376 399
376 433
376 471
376 480
376 490
377 30
377 33
377 74
377 75
377 86
377 176
377 250
377 253
377 259
377 275
377 279
377 325
377 332
378 91
378 137
378 170
378 193
378 196
378 215
378 238
378 251
378 322
378 447
378 499
379 28
379 33
379 43
379 93
379 105
379 225
379 235
379 269
379 293
379 311
379 440
380 146
380 169
380 187
380 195
380 253
380 305
380 376
380 429
380 443
380 464
381 35
381 54
381 74
381 152
381 239
381 258
381 267
381 367
381 407
381 471
381 475
381 495
382 13
382 53
382 62
382 83
382 105
382 109
382 112
382 142
382 222
382 223
382 271
382 301
382 323
382 349
382 373
382 403
382 404
382 482
382 486
383 110
383 246
383 285
383 294
383 302
383 392
383 395
383 408
383 422
383 443
383 450
383 495
384 39
384 74
384 135
384 140
384 144
384 145
384 230
384 232
384 287
384 311
384 413
384 435
384 463
385 25
385 28
385 48
385 103
385 112
385 164
385 341
385 351
385 352
385 388
385 389
385 412
385 413
385 431
385 462
385 470
385 485
386 9
386 26
386 43
386 66
386 80
386 118
386 216
386 217
386 246
386 273
386 363
386 470
387 46
387 57
387 95
387 134
387 165
387 239
387 263
387 278
387 313
387 336
387 364
387 441
387 473
388 61
388 127
388 155
388 156
388 219
388 332
388 336
388 359
388 366
388 385
388 396
388 407
388 416
388 445
388 457
388 465
389 21
389 53
389 63
389 70
389 77
389 93
389 103
389 156
389 161
389 176
389 229
389 239
389 271
389 330
389 385
389 399
389 415
389 435
389 440
389 441
389 497
390 13
390 91
390 192
390 229
390 264
390 290
390 351
390 403
390 436
390 450
391 46
391 119
391 208
391 220
391 252
391 289
391 352
391 413
391 478
391 490
392 52
392 53
392 76
392 172
392 207
392 314
392 383
392 393
392 431
392 461
393 61
393 76
393 136
393 193
393 222
393 392
393 416
393 481
394 5
394 22
394 40
394 77
394 227
394 336
394 419
394 424
394 450
394 451
394 477
395 65
395 163
395 203
395 253
395 265
395 328
395 329
395 344
395 383
395 408
395 458
396 28
396 41
396 46
396 74
396 168
396 175
396 180
396 209
396 388
396 421
396 429
396 452
396 453
396 457
396 490
397 130
397 181
397 202
397 211
397 217
397 301
397 330
397 356
397 404
397 498
398 36
398 39
398 107
398 108
398 185
398 410
398 432
398 437
398 460
398 462
398 467
399 3
399 18
399 29
399 177
399 182
399 193
399 237
399 245
399 260
399 293
399 297
399 376
399 389
400 1
400 25
400 59
400 79
400 146
400 247
400 254
400 303
400 310
400 312
400 319
400 458
401 115
401 166
401 204
401 213
401 243
401 279
401 318
401 339
401 373
402 49
402 82
402 100
402 103
402 258
402 306
402 441
403 8
403 63
403 130
403 176
403 187
403 240
403 353
403 354
403 364
403 382
403 390
403 431
403 432
403 496
404 20
404 28
404 47
404 53
404 60
404 125
404 146
404 157
404 179
404 211
404 347
404 357
404 363
404 382
404 397
404 419
404 438
405 5
405 31
405 43
405 82
405 131
405 171
405 256
405 318
405 438
406 101
406 182
406 221
406 269
406 306
406 372
406 407
406 451
406 458
407 39
407 68
407 239
407 300
407 372
407 373
407 381
407 388
407 406
407 441
407 442
407 485
408 4
408 77
408 92
408 93
408 106
408 225
408 383
408 395
408 421
408 422
408 476
409 9
409 41
409 95
409 114
409 121
409 252
409 294
409 322
409 331
409 432
409 450
410 23
410 48
410 66
410 147
410 149
410 153
410 175
410 194
410 301
410 311
410 398
410 425
411 34
411 96
411 137
411 165
411 168
411 181
411 250
411 255
411 346
411 353
411 419
411 498
412 53
412 68
412 70
412 176
412 213
412 219
412 221
412 288
412 309
412 319
412 323
412 344
412 345
412 349
412 368
412 385
412 436
412 443
412 463
412 487
413 12
413 193
413 196
413 256
413 348
413 353
413 369
413 384
413 385
413 391
413 430
414 26
414 71
414 81
414 87
414 91
414 111
414 113
414 124
414 155
414 265
414 273
414 283
414 300
414 418
414 419
414 471
415 106
415 112
415 186
415 193
415 198
415 215
415 309
415 315
415 367
415 372
415 389
415 432
415 466
415 482
416 64
416 92
416 118
416 159
416 184
416 220
416 346
416 388
416 393
417 34
417 61
417 70
417 86
417 123
417 139
417 212
417 316
417 369
417 370
418 46
418 59
418 84
418 192
418 248
418 269
418 281
418 296
418 308
418 341
418 363
418 414
418 430
418 497
418 498
419 31
419 77
419 89
419 100
419 131
419 161
419 187
419 200
419 205
419 263
419 305
419 312
419 394
419 404
419 411
419 414
419 467
419 474
420 68
420 81
420 197
420 238
420 259
420 285
420 462
421 83
421 96
421 138
421 165
421 201
421 244
421 300
421 334
421 396
421 408
421 470
421 489
422 4
422 36
422 38
422 41
422 52
422 113
422 258
422 273
422 363
422 383
422 408
422 439
423 29
423 45
423 76
423 166
423 229
423 259
423 270
423 303
423 314
423 345
423 433
423 443
423 475
423 479
424 111
424 183
424 272
424 289
424 362
424 394
424 439
424 460
425 67
425 114
425 194
425 219
425 265
425 270
425 300
425 345
425 350
425 355
425 360
425 410
425 428
425 461
425 469
425 478
426 5
426 40
426 91
426 184
426 223
426 257
426 264
426 450
427 2
427 11
427 27
427 29
427 36
427 87
427 111
427 140
427 269
427 272
427 276
427 284
427 356
427 452
427 473
428 46
428 58
428 65
428 72
428 129
428 134
428 206
428 215
428 238
428 239
428 243
428 256
428 264
428 282
428 327
428 375
428 425
428 440
428 467
428 468
428 473
429 3
429 76
429 121
429 231
429 272
429 278
429 309
429 312
429 322
429 341
429 380
429 396
429 478
430 6
430 17
430 27
430 29
430 45
430 48
430 85
430 142
430 151
430 162
430 222
430 242
430 296
430 301
430 314
430 336
430 342
430 346
430 413
430 418
430 433
431 22
431 167
431 228
431 293
431 343
431 385
431 392
431 403
431 433
431 468
431 479
432 3
432 41
432 57
432 156
432 215
432 289
432 336
432 368
432 398
432 403
432 409
432 415
433 42
433 49
433 76
433 85
433 111
433 214
433 269
433 367
433 371
433 376
433 423
433 430
433 431
433 440
433 495
434 16
434 37
434 96
434 101
434 162
434 194
434 444
434 469
435 72
435 88
435 124
435 152
435 161
435 176
435 225
435 239
435 286
435 319
435 343
435 355
435 367
435 384
435 389
435 444
435 446
435 476
436 46
436 142
436 192
436 215
436 271
436 286
436 390
436 412
436 443
436 481
437 44
437 51
437 59
437 123
437 205
437 224
437 297
437 308
437 356
437 398
437 444
437 445
437 461
437 466
437 478
438 6
438 60
438 104
438 129
438 180
438 246
438 257
438 295
438 328
438 404
438 405
438 457
438 483
439 48
439 55
439 64
439 78
439 88
439 139
439 187
439 188
439 205
439 215
439 226
439 279
439 374
439 422
439 424
439 453
440 61
440 70
440 83
440 86
440 106
440 137
440 138
440 147
440 159
440 221
440 266
440 302
440 316
440 324
440 371
440 379
440 389
440 428
440 433
440 482
440 483
440 493
441 68
441 132
441 143
441 242
441 298
441 313
441 359
441 387
441 389
441 402
441 407
441 480
442 44
442 116
442 138
442 145
442 297
442 305
442 353
442 407
442 445
443 23
443 28
443 43
443 118
443 151
443 173
443 175
443 176
443 179
443 207
443 228
443 239
443 266
443 305
443 307
443 309
443 323
443 364
443 380
443 383
443 412
443 423
443 436
443 447
443 463
443 489
443 499
444 73
444 103
444 136
444 157
444 203
444 204
444 257
444 434
444 435
444 437
444 470
445 18
445 20
445 35
445 45
445 63
445 120
445 163
445 273
445 346
445 388
445 437
445 442
446 9
446 31
446 68
446 90
446 101
446 105
446 121
446 169
446 253
446 302
446 354
446 435
446 447
446 454
446 492
447 6
447 8
447 80
447 93
447 119
447 169
447 212
447 221
447 244
447 347
447 368
447 370
447 378
447 443
447 446
447 479
448 96
448 160
448 211
448 234
448 356
448 474
449 10
449 58
449 119
449 163
449 287
449 309
449 333
449 359
449 362
449 475
449 482
450 1
450 32
450 129
450 142
450 177
450 190
450 383
450 390
450 394
450 409
450 426
450 459
450 460
450 493
450 497
451 36
451 56
451 80
451 108
451 139
451 157
451 176
451 192
451 339
451 394
451 406
451 454
452 196
452 255
452 258
452 282
452 345
452 355
452 367
452 396
452 427
452 497
453 5
453 18
453 44
453 93
453 115
453 136
453 176
453 191
453 219
453 287
453 375
453 396
453 439
453 487
453 489
454 73
454 124
454 144
454 149
454 198
454 240
454 259
454 317
454 332
454 446
454 451
454 482
455 63
455 64
455 75
455 88
455 91
455 141
455 153
455 180
455 216
455 335
455 338
455 346
455 473
456 55
456 87
456 95
456 117
456 118
456 129
456 193
456 238
456 283
456 332
456 366
457 1
457 17
457 29
457 59
457 95
457 144
457 236
457 281
457 310
457 356
457 374
457 388
457 396
457 438
457 485
457 497
457 498
458 37
458 66
458 114
458 182
458 210
458 230
458 231
458 238
458 265
458 284
458 373
458 395
458 400
458 406
459 4
459 8
459 24
459 114
459 136
459 138
459 180
459 193
459 199
459 223
459 226
459 314
459 341
459 356
459 450
459 465
460 53
460 78
460 141
460 144
460 220
460 254
460 351
460 398
460 424
460 450
460 462
461 116
461 131
461 176
461 262
461 283
461 287
461 372
461 392
461 425
461 437
462 71
462 148
462 233
462 280
462 385
462 398
462 420
462 460
463 6
463 101
463 129
463 132
463 202
463 229
463 231
463 253
463 265
463 366
463 384
463 412
463 443
464 11
464 92
464 101
464 171
464 182
464 201
464 228
464 233
464 338
464 361
464 380
464 490
465 9
465 59
465 61
465 109
465 110
465 135
465 201
465 273
465 388
465 459
465 483
465 484
466 55
466 98
466 103
466 120
466 173
466 190
466 200
466 282
466 289
466 325
466 367
466 415
466 437
466 468
466 483
467 12
467 145
467 157
467 221
467 268
467 286
467 398
467 419
467 428
467 471
468 25
468 110
468 120
468 247
468 271
468 287
468 314
468 365
468 428
468 431
468 466
468 470
469 87
469 111
469 144
469 164
469 177
469 196
469 198
469 237
469 304
469 425
469 434
470 45
470 62
470 65
470 76
470 83
470 116
470 121
470 146
470 149
470 155
470 182
470 218
470 242
470 311
470 353
470 374
470 385
470 386
470 421
470 444
470 468
470 478
471 38
471 94
471 95
471 109
471 166
471 186
471 236
471 253
471 280
471 372
471 376
471 381
471 414
471 467
472 27
472 113
472 185
472 302
472 307
473 43
473 71
473 206
473 318
473 325
473 387
473 427
473 428
473 455
474 19
474 21
474 36
474 39
474 56
474 112
474 138
474 147
474 168
474 173
474 201
474 211
474 347
474 419
474 448
475 133
475 151
475 170
475 197
475 212
475 213
475 231
475 245
475 250
475 317
475 345
475 381
475 423
475 449
475 492
476 29
476 42
476 153
476 206
476 273
476 341
476 370
476 408
476 435
476 483
477 45
477 70
477 82
477 107
477 154
477 273
477 295
477 331
477 394
478 35
478 36
478 48
478 107
478 108
478 325
478 342
478 391
478 425
478 429
478 437
478 470
479 8
479 36
479 65
479 84
479 100
479 135
479 154
479 195
479 243
479 275
479 278
479 329
479 345
479 347
479 361
479 423
479 431
479 447
480 166
480 167
480 191
480 255
480 282
480 302
480 326
480 369
480 376
480 441
481 33
481 36
481 37
481 107
481 140
481 171
481 231
481 244
481 298
481 370
481 393
481 436
482 78
482 148
482 174
482 202
482 210
482 244
482 253
482 254
482 255
482 382
482 415
482 440
482 449
482 454
483 4
483 6
483 20
483 83
483 117
483 150
483 170
483 215
483 258
483 292
483 314
483 438
483 440
483 465
483 466
483 476
483 493
484 114
484 138
484 240
484 329
484 337
484 465
485 11
485 82
485 90
485 104
485 145
485 166
485 280
485 359
485 385
485 407
485 457
486 161
486 192
486 257
486 335
486 347
486 382
487 7
487 25
487 28
487 59
487 115
487 221
487 224
487 369
487 412
487 453
487 499
488 45
488 50
488 87
488 99
488 138
488 186
488 230
488 255
488 298
488 304
488 342
488 344
488 349
489 8
489 14
489 59
489 116
489 117
489 166
489 198
489 202
489 203
489 348
489 421
489 443
489 453
489 496
490 88
490 106
490 125
490 153
490 162
490 197
490 304
490 325
490 360
490 369
490 376
490 391
490 396
490 464
491 2
491 12
491 21
491 193
491 239
491 240
491 285
491 301
492 47
492 151
492 172
492 179
492 213
492 296
492 302
492 446
492 475
493 46
493 60
493 104
493 150
493 362
493 440
493 450
493 483
494 29
494 77
494 94
494 156
494 179
494 181
494 182
494 238
494 261
494 268
494 308
495 19
495 100
495 135
495 160
495 161
495 208
495 216
495 245
495 272
495 381
495 383
495 433
496 9
496 31
496 130
496 142
496 152
496 235
496 403
496 489
497 37
497 54
497 184
497 191
497 260
497 325
497 330
497 350
497 372
497 389
497 418
497 450
497 452
497 457
498 98
498 210
498 238
498 242
498 272
498 281
498 300
498 348
498 397
498 411
498 418
498 457
499 35
499 71
499 157
499 164
499 165
499 227
499 289
499 309
499 344
499 378
499 443
499 487