200 2036
0 5
0 15
0 17
0 25
0 36
0 49
0 59
0 65
0 80
0 91
0 92
0 100
0 101
0 108
0 112
0 120
0 142
0 145
0 155
0 193
1 28
1 33
1 38
1 60
1 66
1 84
1 116
1 124
1 134
1 150
1 155
1 187
1 196
2 8
2 14
2 16
2 35
2 36
2 58
2 115
2 179
2 194
3 10
3 19
3 42
3 59
3 64
3 65
3 75
3 100
3 110
3 134
3 138
3 150
3 166
3 189
3 198
4 11
4 13
4 23
4 35
4 47
4 56
4 63
4 70
4 71
4 73
4 75
4 80
4 98
4 105
4 106
4 110
4 111
4 116
4 136
4 147
4 155
4 156
4 163
4 164
4 177
4 182
5 0
5 10
5 15
5 23
5 33
5 45
5 50
5 63
5 93
5 97
5 101
5 111
5 132
5 136
5 150
5 152
5 154
5 177
5 179
5 190
5 198
6 29
6 42
6 53
6 59
6 81
6 82
6 84
6 86
6 89
6 111
6 117
6 133
6 135
6 149
6 167
6 171
6 181
6 195
6 196
7 10
7 15
7 21
7 29
7 36
7 37
7 48
7 49
7 54
7 57
7 71
7 77
7 97
7 114
7 117
7 122
7 128
7 130
7 142
7 165
7 171
7 180
7 185
7 194
7 196
7 197
8 2
8 14
8 20
8 26
8 34
8 37
8 43
8 50
8 64
8 65
8 70
8 78
8 87
8 95
8 106
8 109
8 134
8 165
8 180
8 191
8 194
9 20
9 44
9 52
9 53
9 72
9 89
9 91
9 104
9 105
9 164
9 169
9 171
9 178
9 184
9 197
10 3
10 5
10 7
10 16
10 18
10 31
10 35
10 47
10 55
10 58
10 78
10 83
10 107
10 118
10 119
10 122
10 163
10 174
10 180
10 185
10 193
11 4
11 23
11 29
11 34
11 57
11 69
11 93
11 102
11 111
11 112
11 122
11 142
11 146
11 148
11 152
11 170
11 171
11 177
11 182
11 195
12 32
12 83
12 96
12 106
12 111
12 129
12 156
12 167
12 193
13 4
13 20
13 39
13 43
13 47
13 55
13 67
13 101
13 117
13 118
13 121
13 122
13 148
13 153
13 166
13 177
13 178
13 183
13 184
14 2
14 8
14 20
14 25
14 30
14 34
14 66
14 79
14 85
14 90
14 112
14 125
14 128
14 134
14 148
14 156
14 165
14 174
14 175
14 187
14 192
14 193
14 197
15 0
15 5
15 7
15 16
15 21
15 25
15 33
15 35
15 48
15 56
15 57
15 72
15 82
15 97
15 105
15 108
15 133
15 137
15 163
15 175
15 177
15 186
15 194
16 2
16 10
16 15
16 34
16 42
16 44
16 61
16 72
16 74
16 121
16 133
16 141
16 149
16 169
16 196
17 0
17 22
17 28
17 44
17 48
17 50
17 59
17 66
17 70
17 88
17 107
17 108
17 109
17 113
17 138
17 142
17 147
17 150
17 178
17 186
17 187
18 10
18 28
18 30
18 44
18 46
18 49
18 68
18 69
18 74
18 79
18 90
18 97
18 108
18 126
18 133
18 143
18 149
18 150
18 156
18 157
18 158
18 161
18 165
18 170
18 180
18 187
19 3
19 21
19 47
19 48
19 56
19 65
19 76
19 89
19 93
19 96
19 100
19 106
19 108
19 111
19 152
19 165
19 174
19 193
20 8
20 9
20 13
20 14
20 26
20 34
20 40
20 48
20 49
20 55
20 76
20 144
20 167
20 168
20 181
20 192
20 193
20 194
21 7
21 15
21 19
21 32
21 37
21 41
21 43
21 51
21 56
21 57
21 59
21 61
21 62
21 86
21 92
21 111
21 142
21 147
21 162
21 170
21 172
21 174
21 190
22 17
22 42
22 49
22 70
22 97
22 103
22 114
22 119
22 138
22 140
22 145
22 146
22 148
22 150
22 164
22 165
22 170
22 185
22 194
22 199
23 4
23 5
23 11
23 46
23 61
23 63
23 70
23 76
23 95
23 111
23 112
23 116
23 118
23 127
23 129
23 157
23 158
23 170
23 187
23 192
24 27
24 56
24 71
24 86
24 87
24 90
24 92
24 95
24 101
24 102
24 106
24 119
24 120
24 126
24 156
24 162
24 176
24 195
25 0
25 14
25 15
25 30
25 47
25 61
25 69
25 70
25 72
25 73
25 93
25 94
25 126
25 128
25 131
25 134
25 137
25 145
25 148
25 149
25 152
25 161
25 165
25 167
25 184
25 199
26 8
26 20
26 46
26 54
26 60
26 85
26 116
26 123
26 135
26 143
26 155
26 178
26 183
27 24
27 29
27 34
27 38
27 50
27 58
27 67
27 68
27 74
27 78
27 84
27 103
27 111
27 114
27 119
27 132
27 136
27 146
27 147
27 156
27 175
27 181
27 183
28 1
28 17
28 18
28 31
28 42
28 46
28 57
28 78
28 79
28 89
28 100
28 109
28 123
28 127
28 128
28 136
28 143
28 149
28 160
28 182
28 189
29 6
29 7
29 11
29 27
29 37
29 43
29 45
29 61
29 62
29 76
29 90
29 91
29 96
29 100
29 117
29 122
29 150
29 156
29 163
29 174
29 177
29 180
29 192
30 14
30 18
30 25
30 32
30 34
30 47
30 54
30 57
30 70
30 84
30 91
30 103
30 105
30 125
30 130
30 131
30 144
30 146
30 153
30 159
30 160
30 165
30 181
30 189
31 10
31 28
31 41
31 44
31 52
31 53
31 58
31 59
31 70
31 82
31 89
31 100
31 111
31 122
31 124
31 139
31 142
31 147
31 148
31 174
31 176
31 187
31 190
32 12
32 21
32 30
32 64
32 66
32 72
32 74
32 86
32 117
32 127
32 128
32 138
32 147
32 150
32 174
32 188
32 197
33 1
33 5
33 15
33 40
33 41
33 45
33 59
33 74
33 79
33 93
33 94
33 96
33 101
33 108
33 111
33 115
33 118
33 131
33 139
33 143
33 145
33 158
33 177
33 188
33 189
34 8
34 11
34 14
34 16
34 20
34 27
34 30
34 61
34 77
34 121
34 137
34 138
34 139
34 140
34 153
34 154
34 155
34 159
34 160
34 171
35 2
35 4
35 10
35 15
35 40
35 42
35 43
35 45
35 63
35 65
35 69
35 73
35 79
35 94
35 126
35 132
35 145
35 146
35 155
35 159
35 165
35 170
36 0
36 2
36 7
36 40
36 41
36 42
36 44
36 76
36 95
36 98
36 114
36 116
36 122
36 124
36 134
36 137
36 141
36 144
36 160
36 177
36 187
37 7
37 8
37 21
37 29
37 47
37 95
37 97
37 104
37 109
37 112
37 113
37 128
37 131
37 142
37 146
37 147
37 166
37 176
37 180
37 197
38 1
38 27
38 58
38 59
38 79
38 119
38 121
38 122
38 128
38 142
38 145
38 146
38 154
38 167
38 170
38 181
38 189
39 13
39 51
39 58
39 72
39 78
39 86
39 90
39 98
39 100
39 107
39 121
39 124
39 131
39 133
39 150
39 154
39 157
39 160
39 166
39 173
39 178
39 180
39 181
39 184
39 187
40 20
40 33
40 35
40 36
40 43
40 49
40 68
40 70
40 79
40 80
40 100
40 106
40 113
40 145
40 147
40 160
40 161
40 162
40 170
40 180
41 21
41 31
41 33
41 36
41 43
41 47
41 60
41 76
41 90
41 93
41 108
41 109
41 130
41 132
41 135
41 141
41 145
41 156
41 161
41 163
41 167
41 177
41 186
42 3
42 6
42 16
42 22
42 28
42 35
42 36
42 87
42 91
42 93
42 125
42 131
42 135
42 138
42 143
42 147
42 153
42 164
42 179
42 181
42 185
42 191
42 194
43 8
43 13
43 21
43 29
43 35
43 40
43 41
43 52
43 56
43 62
43 97
43 98
43 99
43 131
43 150
43 151
43 152
43 182
43 183
43 195
44 9
44 16
44 17
44 18
44 31
44 36
44 51
44 62
44 74
44 77
44 79
44 94
44 95
44 96
44 105
44 107
44 117
44 119
44 144
44 168
44 193
45 5
45 29
45 33
45 35
45 46
45 48
45 62
45 80
45 89
45 96
45 97
45 98
45 108
45 129
45 135
45 146
45 150
45 170
45 175
45 180
45 182
45 187
46 18
46 23
46 26
46 28
46 45
46 53
46 63
46 69
46 74
46 91
46 94
46 111
46 118
46 144
46 147
46 155
46 160
46 175
46 189
46 196
47 4
47 10
47 13
47 19
47 25
47 30
47 37
47 41
47 48
47 61
47 63
47 77
47 87
47 95
47 105
47 116
47 129
47 158
47 162
47 168
47 172
48 7
48 15
48 17
48 19
48 20
48 45
48 47
48 53
48 74
48 95
48 98
48 124
48 126
48 132
48 144
48 162
48 166
48 193
49 0
49 7
49 18
49 20
49 22
49 40
49 50
49 58
49 84
49 88
49 109
49 125
49 131
49 135
49 137
49 145
49 162
49 185
49 189
49 190
49 194
50 5
50 8
50 17
50 27
50 49
50 60
50 61
50 64
50 67
50 83
50 89
50 101
50 104
50 107
50 111
50 121
50 128
50 147
50 163
50 185
50 198
51 21
51 39
51 44
51 65
51 72
51 83
51 104
51 124
51 132
51 134
51 139
51 158
51 160
51 176
51 182
51 188
51 198
52 9
52 31
52 43
52 63
52 64
52 84
52 87
52 108
52 127
52 143
52 144
52 165
52 175
52 186
52 198
53 6
53 9
53 31
53 46
53 48
53 62
53 68
53 72
53 85
53 87
53 98
53 110
53 115
53 131
53 151
53 163
53 180
53 192
53 198
54 7
54 26
54 30
54 60
54 61
54 66
54 75
54 76
54 84
54 93
54 100
54 114
54 116
54 126
54 145
54 148
54 154
54 164
55 10
55 13
55 20
55 56
55 64
55 66
55 91
55 109
55 121
55 123
55 127
55 133
55 139
55 164
55 165
55 169
55 172
55 180
55 184
56 4
56 15
56 19
56 21
56 24
56 43
56 55
56 65
56 68
56 76
56 78
56 80
56 83
56 102
56 115
56 156
56 160
56 168
57 7
57 11
57 15
57 21
57 28
57 30
57 58
57 78
57 87
57 92
57 94
57 97
57 117
57 121
57 130
57 133
57 151
57 159
57 191
58 2
58 10
58 27
58 31
58 38
58 39
58 49
58 57
58 72
58 83
58 85
58 88
58 94
58 97
58 100
58 110
58 111
58 132
58 139
58 142
58 147
58 149
58 157
58 158
58 166
58 181
58 184
58 187
59 0
59 3
59 6
59 17
59 21
59 31
59 33
59 38
59 60
59 88
59 97
59 101
59 118
59 125
59 127
59 129
59 144
59 167
59 170
59 171
59 172
59 186
59 193
60 1
60 26
60 41
60 50
60 54
60 59
60 67
60 74
60 82
60 88
60 93
60 104
60 105
60 107
60 111
60 118
60 119
60 132
60 133
60 138
60 152
60 157
60 159
60 176
60 186
60 189
60 193
61 16
61 21
61 23
61 25
61 29
61 34
61 47
61 50
61 54
61 66
61 70
61 71
61 72
61 73
61 78
61 80
61 96
61 109
61 115
61 127
61 159
61 168
61 170
61 177
61 182
62 21
62 29
62 43
62 44
62 45
62 53
62 72
62 80
62 82
62 84
62 86
62 89
62 92
62 93
62 99
62 110
62 123
62 129
62 159
62 165
62 178
62 185
62 196
63 4
63 5
63 23
63 35
63 46
63 47
63 52
63 81
63 82
63 92
63 108
63 109
63 132
63 135
63 142
63 145
63 154
63 155
63 159
63 166
63 171
63 172
63 178
63 197
63 199
64 3
64 8
64 32
64 50
64 52
64 55
64 65
64 77
64 138
64 168
64 174
64 185
64 186
65 0
65 3
65 8
65 19
65 35
65 51
65 56
65 64
65 71
65 81
65 88
65 97
65 112
65 119
65 121
65 122
65 131
65 135
65 138
65 143
65 147
65 156
65 162
65 188
65 190
66 1
66 14
66 17
66 32
66 54
66 55
66 61
66 91
66 110
66 111
66 112
66 121
66 130
66 131
66 132
66 147
66 161
66 177
66 183
67 13
67 27
67 50
67 60
67 97
67 99
67 126
67 129
67 131
67 135
67 145
67 179
67 188
67 190
67 199
68 18
68 27
68 40
68 53
68 56
68 82
68 86
68 90
68 109
68 139
68 146
68 152
68 154
68 155
68 163
68 166
68 169
68 170
68 181
68 183
68 189
68 195
68 199
69 11
69 18
69 25
69 35
69 46
69 89
69 98
69 103
69 112
69 128
69 130
69 142
69 145
69 157
69 160
69 181
69 182
69 183
69 185
69 198
70 4
70 8
70 17
70 22
70 23
70 25
70 30
70 31
70 40
70 61
70 71
70 91
70 92
70 100
70 111
70 116
70 123
70 142
70 144
70 145
70 150
70 154
70 181
70 183
70 186
71 4
71 7
71 24
71 61
71 65
71 70
71 73
71 92
71 108
71 113
71 121
71 138
71 140
71 150
71 173
71 178
71 192
72 9
72 15
72 16
72 25
72 32
72 39
72 51
72 53
72 58
72 61
72 62
72 75
72 95
72 118
72 125
72 127
72 146
72 151
72 152
72 154
72 178
72 188
73 4
73 25
73 35
73 61
73 71
73 86
73 96
73 98
73 109
73 121
73 123
73 131
73 137
73 144
73 157
74 16
74 18
74 27
74 32
74 33
74 44
74 46
74 48
74 60
74 76
74 100
74 110
74 123
74 127
74 136
74 140
74 146
74 157
74 168
74 172
74 182
75 3
75 4
75 54
75 72
75 90
75 114
75 119
75 140
75 152
75 163
75 182
75 184
76 19
76 20
76 23
76 29
76 36
76 41
76 54
76 56
76 74
76 92
76 107
76 111
76 122
76 134
76 141
76 150
76 160
76 172
76 183
76 198
77 7
77 34
77 44
77 47
77 64
77 89
77 93
77 111
77 128
77 134
77 138
77 140
77 145
77 152
77 164
77 187
78 8
78 10
78 27
78 28
78 39
78 56
78 57
78 61
78 82
78 100
78 101
78 103
78 110
78 119
78 137
78 147
78 149
78 159
78 166
78 181
78 191
79 14
79 18
79 28
79 33
79 35
79 38
79 40
79 44
79 114
79 131
79 138
79 139
79 146
79 150
79 156
79 163
79 164
79 199
80 0
80 4
80 40
80 45
80 56
80 61
80 62
80 90
80 107
80 117
80 126
80 132
80 136
80 168
80 189
81 6
81 63
81 65
81 90
81 92
81 97
81 98
81 129
81 134
81 136
81 143
81 154
81 161
81 166
81 180
81 183
82 6
82 15
82 31
82 60
82 62
82 63
82 68
82 78
82 87
82 103
82 107
82 110
82 125
82 130
82 146
82 154
82 155
82 163
82 165
82 185
82 190
83 10
83 12
83 50
83 51
83 56
83 58
83 87
83 91
83 94
83 97
83 103
83 107
83 118
83 133
83 137
83 142
83 158
83 159
83 166
83 172
83 187
84 1
84 6
84 27
84 30
84 49
84 52
84 54
84 62
84 85
84 94
84 97
84 104
84 114
84 140
84 166
84 168
84 181
84 189
85 14
85 26
85 53
85 58
85 84
85 93
85 98
85 102
85 104
85 106
85 111
85 131
85 134
85 147
85 153
85 163
85 172
85 189
85 191
86 6
86 21
86 24
86 32
86 39
86 62
86 68
86 73
86 118
86 122
86 124
86 142
86 152
86 154
86 155
86 167
86 168
86 181
86 188
86 190
86 196
87 8
87 24
87 42
87 47
87 52
87 53
87 57
87 82
87 83
87 93
87 106
87 127
87 139
87 142
87 146
87 150
87 153
87 154
87 161
87 163
87 195
87 198
88 17
88 49
88 58
88 59
88 60
88 65
88 91
88 92
88 94
88 104
88 111
88 119
88 143
88 153
88 155
88 164
88 168
88 177
88 178
89 6
89 9
89 19
89 28
89 31
89 45
89 50
89 62
89 69
89 77
89 107
89 108
89 112
89 119
89 122
89 130
89 137
89 161
89 167
89 182
89 193
90 14
90 18
90 24
90 29
90 39
90 41
90 68
90 75
90 80
90 81
90 97
90 106
90 111
90 140
90 142
90 153
90 168
90 178
90 196
91 0
91 9
91 29
91 30
91 42
91 46
91 55
91 66
91 70
91 83
91 88
91 96
91 130
92 0
92 21
92 24
92 57
92 62
92 63
92 70
92 71
92 76
92 81
92 88
92 113
92 128
92 136
92 139
92 140
92 142
92 152
92 158
92 160
92 164
92 182
92 187
92 188
92 197
93 5
93 11
93 19
93 25
93 33
93 41
93 42
93 54
93 60
93 62
93 77
93 85
93 87
93 135
93 145
93 186
93 197
94 25
94 33
94 35
94 44
94 46
94 57
94 58
94 83
94 84
94 88
94 100
94 105
94 109
94 113
94 123
94 124
94 133
94 134
94 143
94 148
94 154
94 165
94 173
94 174
94 176
95 8
95 23
95 24
95 36
95 37
95 44
95 47
95 48
95 72
95 104
95 106
95 109
95 111
95 118
95 137
95 151
95 183
95 194
96 12
96 19
96 29
96 33
96 44
96 45
96 61
96 73
96 91
96 100
96 118
96 126
96 147
96 180
96 184
97 5
97 7
97 15
97 18
97 22
97 37
97 43
97 45
97 57
97 58
97 59
97 65
97 67
97 81
97 83
97 84
97 90
97 108
97 112
97 113
97 116
97 119
97 122
97 125
97 129
97 133
97 137
97 138
97 160
97 173
97 177
97 178
97 179
97 185
97 189
98 4
98 36
98 39
98 43
98 45
98 48
98 53
98 69
98 73
98 81
98 85
98 126
98 135
98 138
98 156
98 157
98 160
98 172
98 175
98 184
98 192
99 43
99 62
99 67
99 131
99 135
99 146
99 158
99 159
99 160
99 163
99 179
99 185
99 186
99 194
99 196
100 0
100 3
100 19
100 28
100 29
100 31
100 39
100 40
100 54
100 58
100 70
100 74
100 78
100 94
100 96
100 107
100 114
100 118
100 128
100 131
100 152
100 153
100 160
100 174
100 175
100 177
100 180
100 182
100 188
100 190
100 196
100 199
101 0
101 5
101 13
101 24
101 33
101 50
101 59
101 78
101 121
101 131
101 137
101 139
101 141
101 144
101 156
101 159
101 161
101 182
101 193
102 11
102 24
102 56
102 85
102 103
102 104
102 108
102 140
102 142
102 153
102 169
102 171
102 175
103 22
103 27
103 30
103 69
103 78
103 82
103 83
103 102
103 113
103 115
103 149
103 153
103 159
103 160
103 165
103 171
103 173
103 179
103 184
103 185
103 188
103 198
104 9
104 37
104 50
104 51
104 60
104 84
104 85
104 88
104 95
104 102
104 106
104 120
104 122
104 124
104 136
104 140
104 153
104 160
104 183
104 185
105 4
105 9
105 15
105 30
105 44
105 47
105 60
105 94
105 110
105 116
105 129
105 145
105 147
105 149
105 167
105 174
105 176
105 179
105 180
105 199
106 4
106 8
106 12
106 19
106 24
106 40
106 85
106 87
106 90
106 95
106 104
106 110
106 116
106 131
106 149
106 153
106 160
106 161
106 166
106 183
107 10
107 17
107 39
107 44
107 50
107 60
107 76
107 80
107 82
107 83
107 89
107 100
107 120
107 126
107 136
107 172
107 186
107 189
108 0
108 15
108 17
108 18
108 19
108 33
108 41
108 45
108 52
108 63
108 71
108 89
108 97
108 102
108 116
108 122
108 125
108 128
108 137
108 139
108 149
108 155
108 174
108 178
108 190
108 193
108 198
109 8
109 17
109 28
109 37
109 41
109 49
109 55
109 61
109 63
109 68
109 73
109 94
109 95
109 113
109 119
109 125
109 160
109 161
109 169
109 172
109 179
109 186
109 192
109 199
110 3
110 4
110 53
110 58
110 62
110 66
110 74
110 78
110 82
110 105
110 106
110 124
110 128
110 132
110 155
110 171
110 173
110 178
110 195
110 196
111 4
111 5
111 6
111 11
111 12
111 19
111 21
111 23
111 27
111 31
111 33
111 46
111 50
111 58
111 60
111 66
111 70
111 76
111 77
111 85
111 88
111 90
111 95
111 113
111 115
111 133
111 148
111 152
111 154
111 163
112 0
112 11
112 14
112 23
112 37
112 65
112 66
112 69
112 89
112 97
112 126
112 127
112 136
112 139
112 146
112 158
112 161
112 168
112 175
113 17
113 37
113 40
113 71
113 92
113 94
113 97
113 103
113 109
113 111
113 121
113 127
113 139
113 151
113 182
113 187
113 195
114 7
114 22
114 27
114 36
114 54
114 75
114 79
114 84
114 100
114 130
114 132
114 140
114 147
114 152
114 159
114 165
114 170
114 174
114 182
114 191
115 2
115 33
115 53
115 56
115 61
115 103
115 111
115 117
115 122
115 133
115 148
115 175
115 187
115 196
115 198
116 1
116 4
116 23
116 26
116 36
116 47
116 54
116 70
116 97
116 105
116 106
116 108
116 119
116 137
116 153
116 164
116 184
116 186
116 198
117 6
117 7
117 13
117 29
117 32
117 44
117 57
117 80
117 115
117 120
117 134
117 155
117 182
117 192
118 10
118 13
118 23
118 33
118 46
118 59
118 60
118 72
118 83
118 86
118 95
118 96
118 100
118 121
118 138
118 143
118 152
118 158
118 165
118 185
118 195
119 10
119 22
119 24
119 27
119 38
119 44
119 60
119 65
119 75
119 78
119 88
119 89
119 97
119 109
119 116
119 120
119 136
119 137
119 152
119 155
119 165
119 179
120 0
120 24
120 104
120 107
120 117
120 119
120 129
120 130
120 133
120 145
120 149
120 154
120 166
120 170
120 176
120 177
120 181
120 184
120 190
121 13
121 16
121 34
121 38
121 39
121 50
121 55
121 57
121 65
121 66
121 71
121 73
121 101
121 113
121 118
121 123
121 125
121 133
121 137
121 139
121 142
121 144
121 170
121 178
121 179
122 7
122 10
122 11
122 13
122 29
122 31
122 36
122 38
122 65
122 76
122 86
122 89
122 97
122 104
122 108
122 115
122 127
122 145
122 157
122 160
122 165
122 175
122 178
122 181
122 187
122 189
122 194
122 197
123 26
123 28
123 55
123 62
123 70
123 73
123 74
123 94
123 121
123 137
123 158
123 176
123 189
123 190
124 1
124 31
124 36
124 39
124 48
124 51
124 86
124 94
124 104
124 110
124 131
124 133
124 135
124 139
124 140
124 148
124 154
124 165
124 173
124 179
124 184
124 186
124 189
124 195
124 198
125 14
125 30
125 42
125 49
125 59
125 72
125 82
125 97
125 108
125 109
125 121
125 130
125 141
125 149
125 151
125 152
125 163
125 166
125 168
125 180
125 185
126 18
126 24
126 25
126 35
126 48
126 54
126 67
126 80
126 96
126 98
126 107
126 112
126 139
126 141
126 144
126 147
126 148
126 153
126 156
126 166
126 176
126 180
126 181
126 182
127 23
127 28
127 32
127 52
127 55
127 59
127 61
127 72
127 74
127 87
127 112
127 113
127 122
127 150
127 157
127 164
127 179
127 180
127 194
127 195
128 7
128 14
128 25
128 28
128 32
128 37
128 38
128 50
128 69
128 77
128 92
128 100
128 108
128 110
128 147
128 148
128 167
128 184
128 185
128 198
129 12
129 23
129 45
129 47
129 59
129 62
129 67
129 81
129 97
129 105
129 120
129 152
129 164
129 181
129 199
130 7
130 30
130 41
130 57
130 66
130 69
130 82
130 89
130 91
130 114
130 120
130 125
130 131
130 138
130 139
130 148
130 159
130 160
130 164
130 166
131 25
131 30
131 33
131 37
131 39
131 42
131 43
131 49
131 53
131 65
131 66
131 67
131 73
131 79
131 85
131 99
131 100
131 101
131 106
131 124
131 130
131 132
131 150
131 155
131 156
131 167
131 188
131 193
132 5
132 27
132 35
132 41
132 48
132 51
132 58
132 60
132 63
132 66
132 80
132 110
132 114
132 131
132 143
132 162
132 187
132 198
133 6
133 15
133 16
133 18
133 39
133 55
133 57
133 60
133 83
133 94
133 97
133 111
133 115
133 120
133 121
133 124
133 144
133 148
133 151
133 162
133 176
133 196
133 198
134 1
134 3
134 8
134 14
134 25
134 36
134 51
134 76
134 77
134 81
134 85
134 94
134 117
134 141
134 167
134 169
134 171
135 6
135 26
135 41
135 42
135 45
135 49
135 63
135 65
135 67
135 93
135 98
135 99
135 124
135 138
135 152
135 154
135 161
135 162
135 171
135 193
136 4
136 5
136 27
136 28
136 74
136 80
136 81
136 92
136 104
136 107
136 112
136 119
136 158
136 159
136 168
136 172
136 173
136 179
136 186
137 15
137 25
137 34
137 36
137 49
137 73
137 78
137 83
137 89
137 95
137 97
137 101
137 108
137 116
137 119
137 121
137 123
137 139
137 145
137 167
137 172
137 185
138 3
138 17
138 22
138 32
138 34
138 42
138 60
138 64
138 65
138 71
138 77
138 79
138 97
138 98
138 118
138 130
138 135
138 154
138 177
138 178
138 183
138 194
139 31
139 33
139 34
139 51
139 55
139 58
139 68
139 79
139 87
139 92
139 101
139 108
139 112
139 113
139 121
139 124
139 126
139 130
139 137
139 142
139 144
139 149
139 157
139 162
139 167
139 170
139 172
139 187
140 22
140 34
140 71
140 74
140 75
140 77
140 84
140 90
140 92
140 102
140 104
140 114
140 124
140 152
140 153
140 156
140 176
141 16
141 36
141 41
141 76
141 101
141 125
141 126
141 134
141 150
141 154
141 158
141 165
141 169
141 176
141 185
141 191
141 197
142 0
142 7
142 11
142 17
142 21
142 31
142 37
142 38
142 58
142 63
142 69
142 70
142 83
142 86
142 87
142 90
142 92
142 102
142 121
142 139
142 154
142 157
142 165
142 168
142 183
142 184
142 186
142 191
142 192
142 195
142 196
142 199
143 18
143 26
143 28
143 33
143 42
143 52
143 65
143 81
143 88
143 94
143 118
143 132
143 144
143 154
143 158
143 164
143 168
143 188
144 20
144 30
144 36
144 44
144 46
144 48
144 52
144 59
144 70
144 73
144 101
144 121
144 126
144 133
144 139
144 143
144 157
144 158
144 169
144 170
144 179
144 190
145 0
145 22
145 25
145 33
145 35
145 38
145 40
145 41
145 49
145 54
145 63
145 67
145 69
145 70
145 77
145 93
145 105
145 120
145 122
145 137
145 157
145 159
145 164
145 165
145 172
145 184
145 185
145 188
145 192
145 198
146 11
146 22
146 27
146 30
146 35
146 37
146 38
146 45
146 68
146 72
146 74
146 79
146 82
146 87
146 99
146 112
146 150
146 155
146 162
146 195
147 4
147 17
147 21
147 27
147 31
147 32
147 37
147 40
147 42
147 46
147 50
147 58
147 65
147 66
147 78
147 85
147 96
147 105
147 114
147 126
147 128
147 149
147 181
147 187
148 11
148 13
148 14
148 22
148 25
148 31
148 54
148 94
148 111
148 115
148 124
148 126
148 128
148 130
148 133
148 153
148 174
148 183
148 186
148 190
148 193
148 195
149 6
149 16
149 18
149 25
149 28
149 58
149 78
149 103
149 105
149 106
149 108
149 120
149 125
149 139
149 147
149 152
149 158
149 172
149 193
150 1
150 3
150 5
150 17
150 18
150 22
150 29
150 32
150 39
150 43
150 45
150 70
150 71
150 76
150 79
150 87
150 127
150 131
150 141
150 146
150 186
151 43
151 53
151 57
151 72
151 95
151 113
151 125
151 133
151 155
151 161
152 5
152 11
152 19
152 25
152 43
152 60
152 68
152 72
152 75
152 77
152 86
152 92
152 100
152 111
152 114
152 118
152 119
152 125
152 129
152 135
152 140
152 149
152 165
152 170
152 171
152 172
152 178
152 186
152 190
152 195
152 199
153 13
153 30
153 34
153 42
153 85
153 87
153 88
153 90
153 100
153 102
153 103
153 104
153 106
153 116
153 126
153 140
153 148
153 165
153 168
153 174
153 189
153 191
154 5
154 34
154 38
154 39
154 54
154 63
154 68
154 70
154 72
154 81
154 82
154 86
154 87
154 94
154 111
154 120
154 124
154 135
154 138
154 141
154 142
154 143
154 169
154 170
154 175
154 183
154 199
155 0
155 1
155 4
155 26
155 34
155 35
155 46
155 63
155 68
155 82
155 86
155 88
155 108
155 110
155 117
155 119
155 131
155 146
155 151
155 156
155 169
155 177
155 179
155 188
156 4
156 12
156 14
156 18
156 24
156 27
156 29
156 41
156 56
156 65
156 79
156 98
156 101
156 126
156 131
156 140
156 155
156 163
156 190
157 18
157 23
157 39
157 58
157 60
157 69
157 73
157 74
157 98
157 122
157 127
157 139
157 142
157 144
157 145
157 159
157 163
157 191
157 193
158 18
158 23
158 33
158 47
158 51
158 58
158 83
158 92
158 99
158 112
158 118
158 123
158 136
158 141
158 143
158 144
158 149
158 160
158 172
158 196
159 30
159 34
159 35
159 57
159 60
159 61
159 62
159 63
159 78
159 83
159 99
159 101
159 103
159 114
159 130
159 136
159 145
159 157
159 164
159 172
159 175
159 180
159 184
159 192
160 28
160 30
160 34
160 36
160 39
160 40
160 46
160 51
160 56
160 69
160 76
160 92
160 97
160 98
160 99
160 100
160 103
160 104
160 106
160 109
160 122
160 130
160 158
160 167
160 169
160 170
160 172
160 176
160 181
160 182
161 18
161 25
161 40
161 41
161 66
161 81
161 87
161 89
161 101
161 106
161 109
161 112
161 135
161 151
161 170
161 175
161 177
161 194
162 21
162 24
162 40
162 47
162 48
162 49
162 65
162 132
162 133
162 135
162 139
162 146
162 175
162 186
163 4
163 10
163 15
163 29
163 41
163 50
163 53
163 68
163 75
163 79
163 82
163 85
163 87
163 99
163 111
163 125
163 156
163 157
163 168
163 169
163 175
163 176
164 4
164 9
164 22
164 42
164 54
164 55
164 77
164 79
164 88
164 92
164 116
164 127
164 129
164 130
164 143
164 145
164 159
164 167
164 171
164 172
164 192
165 7
165 8
165 14
165 18
165 19
165 22
165 25
165 30
165 35
165 52
165 55
165 62
165 82
165 94
165 103
165 114
165 118
165 119
165 122
165 124
165 141
165 142
165 145
165 152
165 153
165 195
166 3
166 13
166 37
166 39
166 48
166 58
166 63
166 68
166 78
166 81
166 83
166 84
166 106
166 120
166 125
166 126
166 130
166 186
167 6
167 12
167 20
167 25
167 38
167 41
167 59
167 86
167 89
167 105
167 128
167 131
167 134
167 137
167 139
167 160
167 164
167 181
167 183
167 185
167 197
168 20
168 44
168 47
168 56
168 61
168 64
168 74
168 80
168 84
168 86
168 88
168 90
168 112
168 125
168 136
168 142
168 143
168 153
168 163
169 9
169 16
169 55
169 68
169 102
169 109
169 134
169 141
169 144
169 154
169 155
169 160
169 163
169 178
170 11
170 18
170 21
170 22
170 23
170 35
170 38
170 40
170 45
170 59
170 61
170 68
170 114
170 120
170 121
170 139
170 144
170 152
170 154
170 160
170 161
170 181
170 189
170 190
171 6
171 7
171 9
171 11
171 34
171 59
171 63
171 102
171 103
171 110
171 134
171 135
171 152
171 164
171 175
171 184
171 192
172 21
172 47
172 55
172 59
172 63
172 74
172 76
172 83
172 85
172 98
172 107
172 109
172 136
172 137
172 139
172 145
172 149
172 152
172 158
172 159
172 160
172 164
172 176
172 178
173 39
173 71
173 94
173 97
173 103
173 110
173 124
173 136
173 184
173 188
173 199
174 10
174 14
174 19
174 21
174 29
174 31
174 32
174 64
174 94
174 100
174 105
174 108
174 114
174 148
174 153
174 179
174 181
175 14
175 15
175 27
175 45
175 46
175 52
175 98
175 100
175 102
175 112
175 115
175 122
175 154
175 159
175 161
175 162
175 163
175 171
175 177
175 187
175 188
176 24
176 31
176 37
176 51
176 60
176 94
176 105
176 120
176 123
176 126
176 133
176 140
176 141
176 160
176 163
176 172
176 183
176 191
177 4
177 5
177 11
177 13
177 15
177 29
177 33
177 36
177 41
177 61
177 66
177 88
177 97
177 100
177 120
177 138
177 155
177 161
177 175
177 179
178 9
178 13
178 17
178 26
178 39
178 62
178 63
178 71
178 72
178 88
178 90
178 97
178 108
178 110
178 121
178 122
178 138
178 152
178 169
178 172
178 180
178 182
178 183
179 2
179 5
179 42
179 67
179 97
179 99
179 103
179 105
179 109
179 119
179 121
179 124
179 127
179 136
179 144
179 155
179 174
179 177
179 182
179 186
179 193
180 7
180 8
180 10
180 18
180 29
180 37
180 39
180 40
180 45
180 53
180 55
180 81
180 96
180 100
180 105
180 125
180 126
180 127
180 159
180 178
180 185
180 194
181 6
181 20
181 27
181 30
181 38
181 39
181 42
181 58
181 68
181 69
181 70
181 78
181 84
181 86
181 120
181 122
181 126
181 129
181 147
181 160
181 167
181 170
181 174
181 186
182 4
182 11
182 28
182 43
182 45
182 51
182 61
182 69
182 74
182 75
182 89
182 92
182 100
182 101
182 113
182 114
182 117
182 126
182 160
182 178
182 179
182 183
183 13
183 26
183 27
183 43
183 66
183 68
183 69
183 70
183 76
183 81
183 95
183 104
183 106
183 138
183 142
183 148
183 154
183 167
183 176
183 178
183 182
183 189
183 199
184 9
184 13
184 25
184 39
184 55
184 58
184 75
184 96
184 98
184 103
184 116
184 120
184 124
184 128
184 142
184 145
184 159
184 171
184 173
184 187
184 190
185 7
185 10
185 22
185 42
185 49
185 50
185 62
185 64
185 69
185 82
185 97
185 99
185 103
185 104
185 118
185 125
185 128
185 137
185 141
185 145
185 167
185 180
185 189
186 15
186 17
186 41
186 52
186 59
186 60
186 64
186 70
186 93
186 99
186 107
186 109
186 116
186 124
186 136
186 142
186 148
186 150
186 152
186 162
186 166
186 179
186 181
186 193
187 1
187 14
187 17
187 18
187 23
187 31
187 36
187 39
187 45
187 58
187 77
187 83
187 92
187 113
187 115
187 122
187 132
187 139
187 147
187 175
187 184
187 190
187 195
188 32
188 33
188 51
188 65
188 67
188 72
188 86
188 92
188 100
188 103
188 131
188 143
188 145
188 155
188 173
188 175
188 189
189 3
189 28
189 30
189 33
189 38
189 46
189 49
189 60
189 68
189 80
189 84
189 85
189 97
189 107
189 122
189 123
189 124
189 153
189 170
189 183
189 185
189 188
189 193
189 194
190 5
190 21
190 31
190 49
190 65
190 67
190 82
190 86
190 100
190 108
190 120
190 123
190 144
190 148
190 152
190 156
190 170
190 184
190 187
190 194
191 8
191 42
191 57
191 78
191 85
191 114
191 141
191 142
191 153
191 157
191 176
192 14
192 20
192 23
192 29
192 53
192 71
192 98
192 109
192 117
192 142
192 145
192 159
192 164
192 171
192 197
193 0
193 10
193 12
193 14
193 19
193 20
193 44
193 48
193 59
193 60
193 89
193 101
193 108
193 131
193 135
193 148
193 149
193 157
193 179
193 186
193 189
194 2
194 7
194 8
194 15
194 20
194 22
194 42
194 49
194 95
194 99
194 122
194 127
194 138
194 161
194 180
194 189
194 190
194 195
195 6
195 11
195 24
195 43
195 68
195 87
195 110
195 113
195 118
195 124
195 127
195 142
195 146
195 148
195 152
195 165
195 187
195 194
195 197
196 1
196 6
196 7
196 16
196 46
196 62
196 86
196 90
196 99
196 100
196 110
196 115
196 133
196 142
196 158
196 199
197 7
197 9
197 14
197 32
197 37
197 63
197 92
197 93
197 122
197 141
197 167
197 192
197 195
197 199
198 3
198 5
198 50
198 51
198 52
198 53
198 69
198 76
198 87
198 103
198 108
198 115
198 116
198 124
198 128
198 132
198 133
198 145
199 22
199 25
199 63
199 67
199 68
199 79
199 100
199 105
199 109
199 129
199 142
199 152
199 154
199 173
199 183
199 196
199 197