200 996
0 21
0 22
0 30
0 101
0 107
0 109
0 116
0 119
0 125
0 149
0 153
0 171
0 172
1 7
1 13
1 38
1 96
1 119
1 125
1 148
1 158
1 173
2 63
2 119
2 129
2 138
2 188
2 198
3 7
3 66
3 77
3 131
3 163
3 166
3 178
3 185
3 196
4 27
4 42
4 96
4 112
4 113
4 162
4 169
4 189
4 197
5 15
5 29
5 30
5 73
5 114
5 119
5 144
5 172
5 188
6 8
6 14
6 30
6 41
6 47
6 48
6 50
6 64
6 73
6 97
6 130
6 132
6 140
6 165
6 166
7 1
7 3
7 57
7 68
7 121
7 134
7 174
7 181
7 184
7 198
7 199
8 6
8 16
8 75
8 88
8 105
8 112
8 126
8 158
8 168
8 180
9 20
9 27
9 37
9 39
9 44
9 56
9 85
9 89
9 103
9 107
9 144
9 172
9 174
9 177
10 88
10 116
10 117
10 161
11 47
11 50
11 55
11 58
11 87
11 95
11 101
11 109
11 146
12 14
12 17
12 21
12 77
12 84
12 96
12 98
12 135
12 159
13 1
13 74
13 83
13 97
13 118
13 146
13 153
13 159
13 172
13 183
14 6
14 12
14 16
14 60
14 68
14 96
14 101
14 131
14 134
14 142
14 154
14 193
15 5
15 20
15 37
15 41
15 47
15 68
15 130
15 185
16 8
16 14
16 65
16 66
16 98
16 111
16 134
16 144
16 155
16 157
16 179
17 12
17 36
17 50
17 92
17 94
17 97
17 99
17 105
17 165
17 173
17 181
17 190
17 194
18 25
18 37
18 45
18 67
18 78
18 81
18 142
18 147
18 151
19 25
19 53
19 124
19 141
19 148
19 154
20 9
20 15
20 23
20 25
20 26
20 39
20 40
20 50
20 60
20 101
20 131
20 182
21 0
21 12
21 70
21 74
21 78
21 80
21 112
21 117
21 119
21 127
21 129
21 180
22 0
22 39
22 99
22 114
22 125
22 126
22 153
22 154
22 183
22 187
22 189
22 191
23 20
23 30
23 52
23 58
23 70
23 102
23 109
23 114
23 134
23 144
23 172
23 190
23 193
24 30
24 53
24 101
24 109
24 116
24 117
24 120
24 146
24 170
24 174
25 18
25 19
25 20
25 58
25 121
25 125
25 133
25 172
25 182
25 195
26 20
26 32
26 42
26 69
26 88
26 119
26 135
26 140
26 151
26 167
26 185
27 4
27 9
27 35
27 40
27 47
27 71
27 86
27 95
27 102
27 121
27 128
27 151
27 164
27 175
27 191
28 31
28 40
28 70
28 82
28 99
28 123
28 153
28 188
29 5
29 48
29 93
29 153
29 166
29 172
29 180
29 185
29 199
30 0
30 5
30 6
30 23
30 24
30 41
30 47
30 76
30 81
30 125
30 127
30 148
30 150
30 153
31 28
31 43
31 57
31 81
31 83
31 94
31 162
31 168
31 177
32 26
32 47
32 67
32 68
32 87
32 98
32 129
32 145
32 168
32 188
33 51
33 75
33 89
33 104
33 109
33 111
33 112
33 127
33 132
33 156
33 191
34 35
34 45
34 64
34 68
34 89
34 105
34 108
34 133
34 145
34 152
35 27
35 34
35 36
35 42
35 48
35 58
35 66
35 130
35 185
36 17
36 35
36 50
36 83
36 105
36 132
36 149
36 160
36 165
36 177
37 9
37 15
37 18
37 54
37 57
37 95
37 111
37 118
37 126
38 1
38 46
38 64
38 117
38 122
38 150
38 158
38 161
38 168
39 9
39 20
39 22
39 55
39 60
39 61
39 66
39 69
39 91
39 139
39 163
39 192
40 20
40 27
40 28
40 59
40 89
40 106
40 126
40 133
41 6
41 15
41 30
41 48
41 50
41 72
41 109
41 117
41 128
41 129
41 143
41 171
42 4
42 26
42 35
42 86
42 96
42 121
42 148
42 153
42 174
42 182
43 31
43 91
43 97
43 117
43 156
44 9
44 78
44 118
44 119
44 123
44 128
44 133
44 145
44 179
44 189
45 18
45 34
45 53
45 99
45 102
45 107
45 112
45 174
45 198
46 38
46 64
46 94
46 95
46 101
46 106
46 124
47 6
47 11
47 15
47 27
47 30
47 32
47 57
47 72
47 191
48 6
48 29
48 35
48 41
48 68
48 88
48 92
48 100
48 114
48 135
48 140
48 161
48 171
49 56
49 58
49 70
49 115
49 119
49 125
49 161
49 165
49 180
49 187
50 6
50 11
50 17
50 20
50 36
50 41
50 85
50 110
50 112
50 133
50 138
50 177
50 178
51 33
51 88
51 95
51 98
51 104
51 109
51 111
51 116
51 121
51 122
51 123
51 151
51 155
51 180
51 196
52 23
52 61
52 71
52 77
52 98
52 124
53 19
53 24
53 45
53 87
53 94
53 127
53 132
53 140
53 148
54 37
54 101
54 132
54 133
54 135
54 149
54 152
54 160
54 176
54 197
55 11
55 39
55 68
55 110
55 140
55 172
55 191
56 9
56 49
56 67
56 70
56 74
56 94
56 98
56 118
56 146
56 158
56 168
57 7
57 31
57 37
57 47
57 63
57 75
57 96
57 102
57 132
57 145
57 163
57 171
57 197
58 11
58 23
58 25
58 35
58 49
58 63
58 72
58 90
58 98
58 102
58 107
58 131
58 137
58 146
58 153
58 158
58 173
58 177
59 40
59 115
59 151
59 169
59 175
59 182
60 14
60 20
60 39
60 64
60 102
60 105
60 112
60 123
60 132
60 143
60 161
60 168
60 184
60 198
61 39
61 52
61 63
61 68
61 114
61 157
61 165
62 67
62 75
62 172
63 2
63 57
63 58
63 61
63 77
63 93
63 116
63 125
63 139
63 154
63 160
63 163
63 177
64 6
64 34
64 38
64 46
64 60
64 66
64 76
64 78
64 83
64 141
64 174
64 195
65 16
65 89
65 140
65 173
65 198
66 3
66 16
66 35
66 39
66 64
66 77
66 80
66 81
66 86
66 122
66 159
66 195
66 196
67 18
67 32
67 56
67 62
67 80
67 101
67 104
68 7
68 14
68 15
68 32
68 34
68 48
68 55
68 61
68 73
68 171
68 187
69 26
69 39
69 133
69 156
70 21
70 23
70 28
70 49
70 56
70 78
70 90
70 95
70 96
70 110
70 112
70 166
70 183
70 199
71 27
71 52
71 96
71 136
71 161
71 162
71 168
71 176
72 41
72 47
72 58
72 123
72 127
72 143
73 5
73 6
73 68
73 85
73 147
73 169
74 13
74 21
74 56
74 92
74 99
74 120
74 143
74 163
74 164
74 184
74 196
75 8
75 33
75 57
75 62
75 87
75 93
75 126
75 132
75 160
75 189
76 30
76 64
76 95
76 130
76 149
76 157
77 3
77 12
77 52
77 63
77 66
77 87
77 94
77 122
77 151
77 153
78 18
78 21
78 44
78 64
78 70
78 85
78 86
78 94
78 109
78 148
78 177
78 196
79 98
79 108
79 150
79 154
79 191
80 21
80 66
80 67
80 91
80 102
80 105
80 106
80 107
80 114
80 143
81 18
81 30
81 31
81 66
81 84
81 136
81 149
81 187
82 28
82 94
82 108
82 110
82 119
82 122
82 132
82 155
82 198
83 13
83 31
83 36
83 64
83 99
83 115
83 121
83 154
83 158
83 165
83 168
83 183
84 12
84 81
84 102
84 123
84 132
84 134
84 150
84 154
84 167
84 188
85 9
85 50
85 73
85 78
85 95
85 101
85 118
85 120
85 150
85 165
85 168
85 174
85 197
86 27
86 42
86 66
86 78
86 96
86 149
86 152
86 191
86 194
87 11
87 32
87 53
87 75
87 77
87 119
87 124
87 129
87 134
87 167
87 171
87 193
87 197
87 199
88 8
88 10
88 26
88 48
88 51
88 90
88 97
88 118
88 134
88 176
89 9
89 33
89 34
89 40
89 65
89 101
89 115
89 122
89 157
89 196
89 198
90 58
90 70
90 88
90 104
90 115
90 130
90 136
90 147
90 155
90 175
90 194
91 39
91 43
91 80
91 104
91 116
91 130
91 140
91 148
91 163
91 166
91 167
91 185
92 17
92 48
92 74
92 100
92 111
92 116
92 132
92 184
93 29
93 63
93 75
93 122
93 136
93 152
93 166
93 170
94 17
94 31
94 46
94 53
94 56
94 77
94 78
94 82
94 101
94 106
94 110
94 123
94 126
94 136
94 137
94 164
94 166
94 194
95 11
95 27
95 37
95 46
95 51
95 70
95 76
95 85
95 100
95 101
95 114
95 118
95 119
95 121
95 148
95 167
95 185
96 1
96 4
96 12
96 14
96 42
96 57
96 70
96 71
96 86
96 108
96 119
96 139
96 143
96 157
96 158
96 175
96 195
97 6
97 13
97 17
97 43
97 88
97 123
97 155
97 158
97 164
97 165
98 12
98 16
98 32
98 51
98 52
98 56
98 58
98 79
98 120
98 135
98 137
98 143
98 147
99 17
99 22
99 28
99 45
99 74
99 83
99 131
99 158
99 175
100 48
100 92
100 95
100 158
101 0
101 11
101 14
101 20
101 24
101 46
101 54
101 67
101 85
101 89
101 94
101 95
102 23
102 27
102 45
102 57
102 58
102 60
102 80
102 84
102 131
102 145
103 9
103 117
103 118
103 129
103 147
103 165
103 176
103 178
104 33
104 51
104 67
104 90
104 91
104 122
104 130
104 142
104 156
104 161
104 183
105 8
105 17
105 34
105 36
105 60
105 80
105 139
105 150
105 171
105 175
106 40
106 46
106 80
106 94
106 121
106 152
107 0
107 9
107 45
107 58
107 80
107 126
107 135
107 143
107 185
107 186
108 34
108 79
108 82
108 96
108 133
108 166
108 180
108 188
109 0
109 11
109 23
109 24
109 33
109 41
109 51
109 78
109 128
109 194
110 50
110 55
110 70
110 82
110 94
110 149
110 163
111 16
111 33
111 37
111 51
111 92
111 124
111 126
111 149
111 193
111 198
112 4
112 8
112 21
112 33
112 45
112 50
112 60
112 70
112 140
112 152
112 178
112 180
113 4
113 114
113 118
113 139
113 147
113 195
114 5
114 22
114 23
114 48
114 61
114 80
114 95
114 113
114 120
114 130
114 134
114 142
114 152
114 154
115 49
115 59
115 83
115 89
115 90
115 125
115 135
115 172
115 191
116 0
116 10
116 24
116 51
116 63
116 91
116 92
116 119
116 133
116 138
116 139
116 163
117 10
117 21
117 24
117 38
117 41
117 43
117 103
117 126
117 130
117 146
117 153
117 165
117 173
117 181
118 13
118 37
118 44
118 56
118 85
118 88
118 95
118 103
118 113
118 124
118 176
119 0
119 1
119 2
119 5
119 21
119 26
119 44
119 49
119 82
119 87
119 95
119 96
119 116
119 122
119 129
119 170
120 24
120 74
120 85
120 98
120 114
120 162
120 168
121 7
121 25
121 27
121 42
121 51
121 83
121 95
121 106
121 141
121 164
121 183
122 38
122 51
122 66
122 77
122 82
122 89
122 93
122 104
122 119
122 135
122 139
122 157
122 194
123 28
123 44
123 51
123 60
123 72
123 84
123 94
123 97
123 129
123 148
123 182
124 19
124 46
124 52
124 87
124 111
124 118
124 132
124 134
124 135
124 151
124 168
125 0
125 1
125 22
125 25
125 30
125 49
125 63
125 115
125 130
125 148
125 194
126 8
126 22
126 37
126 40
126 75
126 94
126 107
126 111
126 117
126 133
126 135
126 143
126 195
126 199
127 21
127 30
127 33
127 53
127 72
127 135
127 159
127 168
127 169
127 189
128 27
128 41
128 44
128 109
128 178
129 2
129 21
129 32
129 41
129 87
129 103
129 119
129 123
129 132
129 136
129 156
129 164
130 6
130 15
130 35
130 76
130 90
130 91
130 104
130 114
130 117
130 125
130 144
130 156
130 163
130 170
131 3
131 14
131 20
131 58
131 99
131 102
131 152
131 161
131 193
131 198
132 6
132 33
132 36
132 53
132 54
132 57
132 60
132 75
132 82
132 84
132 92
132 124
132 129
132 162
133 25
133 34
133 40
133 44
133 50
133 54
133 69
133 108
133 116
133 126
133 140
133 164
133 169
133 193
134 7
134 14
134 16
134 23
134 84
134 87
134 88
134 114
134 124
134 151
134 155
134 156
134 158
135 12
135 26
135 48
135 54
135 98
135 107
135 115
135 122
135 124
135 126
135 127
135 160
135 161
135 163
135 179
135 189
135 192
136 71
136 81
136 90
136 93
136 94
136 129
136 149
136 174
136 182
137 58
137 94
137 98
137 156
137 157
137 192
137 193
138 2
138 50
138 116
138 140
138 154
138 192
139 39
139 63
139 96
139 105
139 113
139 116
139 122
139 142
139 155
139 162
139 175
139 179
139 190
139 196
140 6
140 26
140 48
140 53
140 55
140 65
140 91
140 112
140 133
140 138
140 148
140 189
140 199
141 19
141 64
141 121
141 146
141 152
141 163
141 170
141 193
142 14
142 18
142 104
142 114
142 139
142 152
142 158
142 161
143 41
143 60
143 72
143 74
143 80
143 96
143 98
143 107
143 126
143 166
144 5
144 9
144 16
144 23
144 130
144 147
144 195
144 197
145 32
145 34
145 44
145 57
145 102
145 173
146 11
146 13
146 24
146 56
146 58
146 117
146 141
146 160
146 163
146 176
146 186
147 18
147 73
147 90
147 98
147 103
147 113
147 144
147 180
148 1
148 19
148 30
148 42
148 53
148 78
148 91
148 95
148 123
148 125
148 140
148 161
148 194
149 0
149 36
149 54
149 76
149 81
149 86
149 110
149 111
149 136
149 167
150 30
150 38
150 79
150 84
150 85
150 105
150 152
150 167
151 18
151 26
151 27
151 51
151 59
151 77
151 124
151 134
151 152
151 155
151 191
152 34
152 54
152 86
152 93
152 106
152 112
152 114
152 131
152 141
152 142
152 150
152 151
152 159
152 162
152 171
152 174
153 0
153 13
153 22
153 28
153 29
153 30
153 42
153 58
153 77
153 117
154 14
154 19
154 22
154 63
154 79
154 83
154 84
154 114
154 138
154 180
154 190
155 16
155 51
155 82
155 90
155 97
155 134
155 139
155 151
155 165
155 166
155 182
155 184
156 33
156 43
156 69
156 104
156 129
156 130
156 134
156 137
157 16
157 61
157 76
157 89
157 96
157 122
157 137
158 1
158 8
158 38
158 56
158 58
158 83
158 96
158 97
158 99
158 100
158 134
158 142
158 184
158 198
159 12
159 13
159 66
159 127
159 152
159 166
159 167
159 180
159 190
160 36
160 54
160 63
160 75
160 135
160 146
160 175
160 181
160 195
161 10
161 38
161 48
161 49
161 60
161 71
161 104
161 131
161 135
161 142
161 148
162 4
162 31
162 71
162 120
162 132
162 139
162 152
162 190
162 194
163 3
163 39
163 57
163 63
163 74
163 91
163 110
163 116
163 130
163 135
163 141
163 146
163 179
163 187
163 189
164 27
164 74
164 94
164 97
164 121
164 129
164 133
165 6
165 17
165 36
165 49
165 61
165 83
165 85
165 97
165 103
165 117
165 155
165 193
165 198
166 3
166 6
166 29
166 70
166 91
166 93
166 94
166 108
166 143
166 155
166 159
166 184
167 26
167 84
167 87
167 91
167 95
167 149
167 150
167 159
167 178
167 196
168 8
168 31
168 32
168 38
168 56
168 60
168 71
168 83
168 85
168 120
168 124
168 127
169 4
169 59
169 73
169 127
169 133
169 187
169 195
169 197
170 24
170 93
170 119
170 130
170 141
171 0
171 41
171 48
171 57
171 68
171 87
171 105
171 152
171 185
172 0
172 5
172 9
172 13
172 23
172 25
172 29
172 55
172 62
172 115
172 184
172 190
173 1
173 17
173 58
173 65
173 117
173 145
173 190
174 7
174 9
174 24
174 42
174 45
174 64
174 85
174 136
174 152
175 27
175 59
175 90
175 96
175 99
175 105
175 139
175 160
176 54
176 71
176 88
176 103
176 118
176 146
177 9
177 31
177 36
177 50
177 58
177 63
177 78
177 178
177 191
177 196
178 3
178 50
178 103
178 112
178 128
178 167
178 177
179 16
179 44
179 135
179 139
179 163
180 8
180 21
180 29
180 49
180 51
180 108
180 112
180 147
180 154
180 159
181 7
181 17
181 117
181 160
182 20
182 25
182 42
182 59
182 123
182 136
182 155
183 13
183 22
183 70
183 83
183 104
183 121
184 7
184 60
184 74
184 92
184 155
184 158
184 166
184 172
184 192
184 199
185 3
185 15
185 26
185 29
185 35
185 91
185 95
185 107
185 171
185 189
186 107
186 146
186 196
187 22
187 49
187 68
187 81
187 163
187 169
187 198
188 2
188 5
188 28
188 32
188 84
188 108
189 4
189 22
189 44
189 75
189 127
189 135
189 140
189 163
189 185
190 17
190 23
190 139
190 154
190 159
190 162
190 172
190 173
190 192
191 22
191 27
191 33
191 47
191 55
191 79
191 86
191 115
191 151
191 177
191 199
192 39
192 135
192 137
192 138
192 184
192 190
192 195
192 199
193 14
193 23
193 87
193 111
193 131
193 133
193 137
193 141
193 165
194 17
194 86
194 90
194 94
194 109
194 122
194 125
194 148
194 162
195 25
195 64
195 66
195 96
195 113
195 126
195 144
195 160
195 169
195 192
196 3
196 51
196 66
196 74
196 78
196 89
196 139
196 167
196 177
196 186
197 4
197 54
197 57
197 85
197 87
197 144
197 169
198 2
198 7
198 45
198 60
198 65
198 82
198 89
198 111
198 131
198 158
198 165
198 187
199 7
199 29
199 70
199 87
199 126
199 140
199 184
199 191
199 192