200 997
0 7
0 26
0 76
0 78
0 88
0 93
0 114
0 117
0 127
0 142
0 185
1 6
1 13
1 36
1 39
1 46
1 105
1 108
1 113
1 122
1 178
2 28
2 89
2 121
2 136
2 144
2 177
2 198
3 12
3 17
3 24
3 49
3 50
3 53
3 63
3 95
3 119
3 123
3 138
4 7
4 40
4 52
4 54
4 65
4 80
4 110
4 148
4 156
4 172
4 196
5 27
5 98
5 118
5 120
5 138
5 151
5 189
6 1
6 66
6 139
6 149
6 168
6 177
6 181
7 0
7 4
7 12
7 13
7 44
7 46
7 50
7 60
7 73
7 83
7 110
7 156
8 18
8 44
8 82
8 85
8 94
8 157
8 167
8 170
8 185
8 186
9 36
9 54
9 110
9 131
9 161
9 177
10 12
10 23
10 48
10 66
10 109
10 149
10 157
10 181
10 189
11 65
11 68
11 119
11 126
11 169
11 176
12 3
12 7
12 10
12 13
12 87
12 99
12 130
12 147
12 149
12 166
12 189
13 1
13 7
13 12
13 29
13 32
13 75
13 98
13 126
13 196
13 197
14 25
14 68
14 102
14 171
15 43
15 45
15 70
15 71
15 77
15 88
15 124
15 129
15 137
15 152
15 196
16 25
16 34
16 41
16 53
16 66
16 67
16 101
16 108
16 152
16 153
16 158
16 180
16 187
17 3
17 36
17 55
17 125
17 133
17 144
17 178
17 190
18 8
18 34
18 44
18 53
18 72
18 76
18 92
18 96
18 147
18 153
18 185
19 32
19 38
19 51
19 67
19 79
19 92
19 99
19 126
19 127
19 128
19 134
19 135
19 148
19 157
19 193
20 36
20 37
20 46
20 79
20 135
20 159
20 160
20 169
20 181
20 185
20 188
21 68
21 76
21 135
21 137
21 172
21 181
22 37
22 41
22 53
22 54
22 84
22 100
22 124
22 129
22 131
22 139
22 172
23 10
23 43
23 52
23 76
23 85
23 90
23 91
23 93
23 104
23 154
23 183
24 3
24 42
24 74
24 84
24 98
24 109
24 122
24 135
24 145
24 174
25 14
25 16
25 71
25 95
25 134
25 173
25 182
25 195
26 0
26 66
26 150
26 153
26 195
27 5
27 54
27 61
27 64
27 75
27 78
27 119
27 123
27 169
27 176
27 196
27 199
28 2
28 69
28 105
28 110
28 129
28 150
29 13
29 60
29 130
29 145
29 147
29 153
29 165
29 176
29 180
29 191
30 32
30 55
30 70
30 76
30 90
30 92
30 114
30 131
30 142
30 178
30 181
30 199
31 36
31 44
31 47
31 50
31 67
31 84
32 13
32 19
32 30
32 77
32 92
32 104
32 153
32 191
33 43
33 68
33 78
33 104
33 115
33 157
33 182
33 193
34 16
34 18
34 53
34 55
34 79
34 83
34 90
34 125
34 138
34 180
34 199
35 72
35 81
35 111
35 126
35 134
35 139
35 163
35 168
36 1
36 9
36 17
36 20
36 31
36 54
36 60
36 69
36 108
36 120
36 133
36 138
36 151
36 170
36 194
36 195
37 20
37 22
37 39
37 41
37 66
37 68
37 81
37 150
37 168
37 177
37 180
38 19
38 46
38 67
38 78
38 81
38 89
38 96
38 101
38 124
38 183
39 1
39 37
39 73
39 76
39 97
39 98
39 125
39 188
40 4
40 45
40 69
40 88
40 89
40 97
40 103
40 113
40 129
40 130
40 131
40 165
41 16
41 22
41 37
41 46
41 78
41 88
41 110
41 122
41 135
42 24
42 51
42 66
42 77
42 97
42 118
42 143
42 186
43 15
43 23
43 33
43 53
43 111
43 119
43 142
43 155
44 7
44 8
44 18
44 31
44 47
44 48
44 101
44 107
44 136
44 138
44 143
44 178
44 181
45 15
45 40
45 50
45 59
45 73
45 78
45 103
45 110
45 119
45 149
45 150
45 155
45 169
45 177
46 1
46 7
46 20
46 38
46 41
46 54
46 167
46 177
47 31
47 44
47 64
47 117
47 153
47 176
48 10
48 44
48 51
48 53
48 69
48 108
48 161
48 171
48 172
48 187
48 193
48 195
49 3
49 65
49 144
49 155
49 168
49 190
50 3
50 7
50 31
50 45
50 110
50 129
51 19
51 42
51 48
51 60
51 65
51 83
51 115
51 145
51 163
51 164
51 171
52 4
52 23
52 78
52 81
52 88
52 89
52 132
52 160
52 167
52 186
53 3
53 16
53 18
53 22
53 34
53 43
53 48
53 63
53 80
53 85
53 139
53 150
53 178
54 4
54 9
54 22
54 27
54 36
54 46
54 59
54 60
54 69
54 97
54 123
54 126
54 129
54 133
54 158
54 160
54 161
54 165
55 17
55 30
55 34
55 57
55 60
55 112
55 114
55 122
55 125
55 138
55 179
55 183
56 105
56 112
56 144
56 148
56 156
56 160
56 171
56 176
56 181
56 189
57 55
57 68
57 93
57 98
57 155
57 162
57 188
58 66
58 86
58 107
58 111
58 128
58 132
58 137
58 141
58 169
58 173
58 178
59 45
59 54
59 70
59 89
59 97
59 102
59 107
59 109
59 126
59 152
59 155
59 172
60 7
60 29
60 36
60 51
60 54
60 55
60 112
60 116
60 124
60 146
60 154
60 192
60 197
61 27
61 65
61 68
61 73
61 79
61 96
61 118
61 125
61 131
61 152
61 174
61 189
62 74
62 85
62 90
62 102
63 3
63 53
63 87
63 134
63 139
63 165
63 193
63 194
64 27
64 47
64 74
64 80
64 105
64 110
64 123
64 128
64 131
64 160
64 161
64 173
65 4
65 11
65 49
65 51
65 61
65 71
65 84
65 107
65 128
65 137
65 144
65 167
65 176
65 184
65 192
66 6
66 10
66 16
66 26
66 37
66 42
66 58
66 75
66 79
66 84
66 111
66 146
66 150
66 151
66 197
67 16
67 19
67 31
67 38
67 68
67 132
67 143
67 171
68 11
68 14
68 21
68 33
68 37
68 57
68 61
68 67
68 83
68 112
68 113
68 116
68 128
68 163
68 191
69 28
69 36
69 40
69 48
69 54
69 72
69 116
69 117
69 128
69 151
69 162
69 192
70 15
70 30
70 59
70 100
70 104
70 118
70 174
70 176
71 15
71 25
71 65
71 102
71 120
71 163
71 175
72 18
72 35
72 69
72 84
72 102
72 110
72 139
72 143
72 150
72 151
72 176
73 7
73 39
73 45
73 61
73 141
74 24
74 62
74 64
74 113
74 144
74 154
74 175
74 181
75 13
75 27
75 66
75 101
75 106
75 126
75 132
75 135
75 165
75 180
75 182
75 192
76 0
76 18
76 21
76 23
76 30
76 39
76 153
77 15
77 32
77 42
77 81
77 132
77 145
77 148
77 172
77 186
77 189
77 198
77 199
78 0
78 27
78 33
78 38
78 41
78 45
78 52
78 82
78 99
78 147
78 152
78 183
78 189
78 193
78 198
79 19
79 20
79 34
79 61
79 66
79 129
79 133
79 145
79 156
79 160
79 178
80 4
80 53
80 64
80 91
80 115
80 118
80 176
80 178
80 194
81 35
81 37
81 38
81 52
81 77
81 88
81 89
81 114
81 124
81 127
81 132
81 138
81 142
81 190
81 198
82 8
82 78
82 94
82 107
82 111
82 112
82 113
82 117
82 134
82 135
82 153
82 183
82 197
82 198
83 7
83 34
83 51
83 68
83 97
83 113
83 119
83 134
83 150
83 168
83 192
84 22
84 24
84 31
84 65
84 66
84 72
84 91
84 106
84 124
84 130
84 143
84 161
84 168
84 174
84 190
85 8
85 23
85 53
85 62
85 142
85 169
86 58
86 95
86 99
86 114
86 123
86 125
86 155
86 186
87 12
87 63
87 104
87 106
87 121
87 127
87 156
87 163
88 0
88 15
88 40
88 41
88 52
88 81
88 89
88 106
88 107
88 120
88 125
88 157
88 175
88 184
89 2
89 38
89 40
89 52
89 59
89 81
89 88
89 107
89 114
89 138
89 143
89 150
89 173
89 191
90 23
90 30
90 34
90 62
90 141
90 150
90 154
90 155
90 158
90 195
91 23
91 80
91 84
91 184
91 199
92 18
92 19
92 30
92 32
92 145
92 156
92 193
93 0
93 23
93 57
93 100
93 105
93 128
93 131
93 161
93 166
93 188
93 190
93 195
94 8
94 82
94 103
94 134
94 154
94 183
94 185
94 194
95 3
95 25
95 86
95 96
95 115
95 124
95 184
96 18
96 38
96 61
96 95
96 105
96 119
96 137
96 169
97 39
97 40
97 42
97 54
97 59
97 83
97 145
97 161
97 182
97 185
98 5
98 13
98 24
98 39
98 57
98 99
98 145
99 12
99 19
99 78
99 86
99 98
99 103
99 128
99 132
99 139
99 141
99 178
99 179
99 191
100 22
100 70
100 93
100 135
100 143
100 166
100 193
101 16
101 38
101 44
101 75
101 144
101 150
101 161
102 14
102 59
102 62
102 71
102 72
102 156
102 160
103 40
103 45
103 94
103 99
103 110
103 139
103 173
104 23
104 32
104 33
104 70
104 87
104 109
104 117
104 135
104 144
104 151
104 198
105 1
105 28
105 56
105 64
105 93
105 96
105 108
105 110
105 147
105 148
105 163
105 166
106 75
106 84
106 87
106 88
106 130
106 132
106 189
106 198
107 44
107 58
107 59
107 65
107 82
107 88
107 89
107 122
107 154
108 1
108 16
108 36
108 48
108 105
108 118
108 121
108 151
108 155
108 186
108 189
108 198
109 10
109 24
109 59
109 104
109 133
109 144
109 162
110 4
110 7
110 9
110 28
110 41
110 45
110 50
110 64
110 72
110 103
110 105
110 148
110 159
110 163
110 197
111 35
111 43
111 58
111 66
111 82
111 117
111 139
111 184
111 188
111 190
112 55
112 56
112 60
112 68
112 82
112 118
112 119
112 155
112 166
112 168
113 1
113 40
113 68
113 74
113 82
113 83
113 118
113 129
113 154
113 175
114 0
114 30
114 55
114 81
114 86
114 89
114 156
114 178
114 183
115 33
115 51
115 80
115 95
115 123
115 125
115 179
115 189
115 199
116 60
116 68
116 69
116 144
116 154
116 156
116 157
116 174
117 0
117 47
117 69
117 82
117 104
117 111
117 135
117 139
117 143
117 179
117 183
117 190
118 5
118 42
118 61
118 70
118 80
118 108
118 112
118 113
118 134
118 137
118 168
119 3
119 11
119 27
119 43
119 45
119 83
119 96
119 112
119 126
119 135
119 180
119 183
120 5
120 36
120 71
120 88
120 124
120 160
120 166
120 181
120 196
121 2
121 87
121 108
121 124
121 135
121 175
121 188
122 1
122 24
122 41
122 55
122 107
122 165
122 182
122 188
122 197
123 3
123 27
123 54
123 64
123 86
123 115
123 140
123 161
123 175
123 182
124 15
124 22
124 38
124 60
124 81
124 84
124 95
124 120
124 121
124 132
124 155
124 196
125 17
125 34
125 39
125 55
125 61
125 86
125 88
125 115
125 146
125 164
125 175
125 178
125 185
125 191
125 198
126 11
126 13
126 19
126 35
126 54
126 59
126 75
126 119
126 136
126 139
126 183
127 0
127 19
127 81
127 87
127 131
127 158
127 186
127 191
128 19
128 58
128 64
128 65
128 68
128 69
128 93
128 99
128 153
128 156
128 177
129 15
129 22
129 28
129 40
129 50
129 54
129 79
129 113
129 195
130 12
130 29
130 40
130 84
130 106
130 143
130 148
130 163
131 9
131 22
131 30
131 40
131 61
131 64
131 93
131 127
132 52
132 58
132 67
132 75
132 77
132 81
132 99
132 106
132 124
132 144
132 147
132 155
132 171
133 17
133 36
133 54
133 79
133 109
134 19
134 25
134 35
134 63
134 82
134 83
134 94
134 118
134 142
134 143
134 155
134 170
134 183
134 192
135 19
135 20
135 21
135 24
135 41
135 75
135 82
135 100
135 104
135 117
135 119
135 121
135 154
135 176
135 180
136 2
136 44
136 126
136 138
136 152
136 169
136 196
137 15
137 21
137 58
137 65
137 96
137 118
137 171
137 177
137 198
138 3
138 5
138 34
138 36
138 44
138 55
138 81
138 89
138 136
138 158
138 161
138 166
139 6
139 22
139 35
139 53
139 63
139 72
139 99
139 103
139 111
139 117
139 126
140 123
140 183
140 192
141 58
141 73
141 90
141 99
141 143
141 184
141 196
142 0
142 30
142 43
142 81
142 85
142 134
142 163
142 167
142 172
142 187
142 189
142 197
143 42
143 44
143 67
143 72
143 84
143 89
143 100
143 117
143 130
143 134
143 141
143 190
144 2
144 17
144 49
144 56
144 65
144 74
144 101
144 104
144 109
144 116
144 132
144 185
144 194
145 24
145 29
145 51
145 77
145 79
145 92
145 97
145 98
145 194
146 60
146 66
146 125
146 148
146 165
146 170
146 185
147 12
147 18
147 29
147 78
147 105
147 132
147 153
147 169
147 182
147 190
148 4
148 19
148 56
148 77
148 105
148 110
148 130
148 146
148 168
148 179
148 198
149 6
149 10
149 12
149 45
149 156
150 26
150 28
150 37
150 45
150 53
150 66
150 72
150 83
150 89
150 90
150 101
150 176
150 182
151 5
151 36
151 66
151 69
151 72
151 104
151 108
151 178
151 182
152 15
152 16
152 59
152 61
152 78
152 136
152 161
152 176
152 184
152 190
153 16
153 18
153 26
153 29
153 32
153 47
153 76
153 82
153 128
153 147
153 165
153 176
153 198
154 23
154 60
154 74
154 90
154 94
154 107
154 113
154 116
154 135
154 158
154 159
154 160
154 161
154 174
154 192
155 43
155 45
155 49
155 57
155 59
155 86
155 90
155 108
155 112
155 124
155 132
155 134
155 162
156 4
156 7
156 56
156 79
156 87
156 92
156 102
156 114
156 116
156 128
156 149
156 185
156 197
157 8
157 10
157 19
157 33
157 88
157 116
157 171
157 179
158 16
158 54
158 90
158 127
158 138
158 154
158 165
158 198
159 20
159 110
159 154
159 174
159 175
159 188
159 194
160 20
160 52
160 54
160 56
160 64
160 79
160 102
160 120
160 154
160 174
161 9
161 48
161 54
161 64
161 84
161 93
161 97
161 101
161 123
161 138
161 152
161 154
161 165
161 169
161 173
161 180
162 57
162 69
162 109
162 155
162 164
162 166
162 174
163 35
163 51
163 68
163 71
163 87
163 105
163 110
163 130
163 142
163 179
164 51
164 125
164 162
164 181
164 193
164 194
165 29
165 40
165 54
165 63
165 75
165 122
165 146
165 153
165 158
165 161
165 167
166 12
166 93
166 100
166 105
166 112
166 120
166 138
166 162
166 191
167 8
167 46
167 52
167 65
167 142
167 165
167 178
167 183
168 6
168 35
168 37
168 49
168 83
168 84
168 112
168 118
168 148
168 191
169 11
169 20
169 27
169 45
169 58
169 85
169 96
169 136
169 147
169 161
169 173
169 178
169 192
170 8
170 36
170 134
170 146
170 171
170 182
170 184
170 190
171 14
171 48
171 51
171 56
171 67
171 132
171 137
171 157
171 170
171 176
171 193
172 4
172 21
172 22
172 48
172 59
172 77
172 142
172 179
172 194
173 25
173 58
173 64
173 89
173 103
173 161
173 169
173 183
173 184
173 194
174 24
174 61
174 70
174 84
174 116
174 154
174 159
174 160
174 162
174 197
174 198
175 71
175 74
175 88
175 113
175 121
175 123
175 125
175 159
175 176
175 179
176 11
176 27
176 29
176 47
176 56
176 65
176 70
176 72
176 80
176 135
176 150
176 152
176 153
176 171
176 175
177 2
177 6
177 9
177 37
177 45
177 46
177 128
177 137
178 1
178 17
178 30
178 44
178 53
178 58
178 79
178 80
178 99
178 114
178 125
178 151
178 167
178 169
179 55
179 99
179 115
179 117
179 148
179 157
179 163
179 172
179 175
179 191
179 196
180 16
180 29
180 34
180 37
180 75
180 119
180 135
180 161
180 184
180 185
181 6
181 10
181 20
181 21
181 30
181 44
181 56
181 74
181 120
181 164
181 189
182 25
182 33
182 75
182 97
182 122
182 123
182 147
182 150
182 151
182 170
182 187
183 23
183 38
183 55
183 78
183 82
183 94
183 114
183 117
183 119
183 126
183 134
183 140
183 167
183 173
184 65
184 88
184 91
184 95
184 111
184 141
184 152
184 170
184 173
184 180
184 186
185 0
185 8
185 18
185 20
185 94
185 97
185 125
185 144
185 146
185 156
185 180
186 8
186 42
186 52
186 77
186 86
186 108
186 127
186 184
187 16
187 48
187 142
187 182
187 189
188 20
188 39
188 57
188 93
188 111
188 121
188 122
188 159
188 194
189 5
189 10
189 12
189 56
189 61
189 77
189 78
189 106
189 108
189 115
189 142
189 181
189 187
190 17
190 49
190 81
190 84
190 93
190 111
190 117
190 143
190 147
190 152
190 170
191 29
191 32
191 68
191 89
191 99
191 125
191 127
191 166
191 168
191 179
192 60
192 65
192 69
192 75
192 83
192 134
192 140
192 154
192 169
193 19
193 33
193 48
193 63
193 78
193 92
193 100
193 164
193 171
194 36
194 63
194 80
194 94
194 144
194 145
194 159
194 164
194 172
194 173
194 188
195 25
195 26
195 36
195 48
195 90
195 93
195 129
196 4
196 13
196 15
196 27
196 120
196 124
196 136
196 141
196 179
197 13
197 60
197 66
197 82
197 110
197 122
197 142
197 156
197 174
198 2
198 77
198 78
198 81
198 82
198 104
198 106
198 108
198 125
198 137
198 148
198 153
198 158
198 174
199 27
199 30
199 34
199 77
199 91
199 115