200 977
0 48
0 49
0 75
0 81
0 96
0 97
0 111
0 123
0 129
0 166
0 178
0 180
0 195
0 196
1 7
1 42
1 87
1 88
1 124
1 158
1 189
1 191
2 21
2 55
2 59
2 61
2 71
2 82
2 94
2 126
2 130
2 158
2 173
2 179
2 189
3 9
3 13
3 60
3 77
3 78
3 143
3 144
3 146
3 161
3 170
3 182
4 13
4 27
4 57
4 61
4 79
4 83
4 127
4 160
4 174
5 26
5 32
5 64
5 69
5 74
5 89
5 192
6 11
6 42
6 132
6 184
7 1
7 32
7 56
7 158
7 190
7 199
8 43
8 47
8 102
8 115
8 154
8 168
9 3
9 14
9 18
9 69
9 138
9 144
9 161
9 180
9 197
9 199
10 19
10 84
10 88
10 131
10 173
10 176
11 6
11 16
11 63
11 69
11 71
11 83
11 92
11 169
11 199
12 27
12 30
12 55
12 77
12 79
12 136
12 168
12 171
12 185
12 195
12 196
13 3
13 4
13 35
13 47
13 52
13 105
13 143
13 160
14 9
14 15
14 68
14 71
14 80
14 90
14 125
14 129
14 136
14 192
14 194
15 14
15 42
15 46
15 47
15 49
15 51
15 97
15 101
15 103
15 127
15 143
15 147
15 161
15 172
16 11
16 39
16 43
16 48
16 52
16 77
16 133
16 147
16 168
16 182
16 186
17 24
17 40
17 68
17 94
17 108
17 110
17 129
17 140
17 167
18 9
18 34
18 65
18 67
18 69
18 74
18 86
18 105
18 118
18 197
18 199
19 10
19 25
19 34
19 41
19 160
19 161
20 26
20 36
20 57
20 80
20 90
20 92
20 95
20 131
20 148
20 157
20 172
21 2
21 41
21 46
21 117
21 154
21 174
22 23
22 69
22 100
22 124
22 143
22 152
23 22
23 33
23 37
23 41
23 53
23 56
23 63
23 73
23 143
23 151
23 154
23 184
24 17
24 29
24 41
24 44
24 67
24 150
24 162
25 19
25 36
25 52
25 57
25 85
25 112
25 128
25 147
25 181
25 183
25 193
26 5
26 20
26 28
26 36
26 46
26 50
26 58
26 83
26 98
26 156
26 191
27 4
27 12
27 31
27 36
27 53
27 96
27 100
27 110
27 188
28 26
28 31
28 48
28 52
28 57
28 88
28 97
28 125
28 130
28 142
28 190
28 194
28 196
28 199
29 24
29 34
29 42
29 89
29 92
29 107
29 109
29 125
29 132
29 147
29 149
29 183
29 186
30 12
30 31
30 141
30 171
30 172
30 177
31 27
31 28
31 30
31 85
31 89
31 120
31 138
31 140
32 5
32 7
32 55
32 89
32 137
32 148
32 175
32 198
33 23
33 38
33 79
33 97
33 117
33 124
33 138
33 147
33 150
33 188
33 195
34 18
34 19
34 29
34 62
34 68
34 99
34 140
34 143
34 154
34 172
34 198
35 13
35 54
35 95
35 115
35 118
35 127
35 128
35 154
35 157
35 161
35 163
35 165
36 20
36 25
36 26
36 27
36 60
36 67
36 72
36 97
36 115
36 136
36 190
37 23
37 66
37 97
37 109
37 138
37 165
38 33
38 40
38 62
38 102
38 105
38 121
38 125
38 164
38 176
38 195
39 16
39 44
39 59
39 68
39 75
39 76
39 120
39 123
39 158
40 17
40 38
40 61
40 74
40 84
40 112
40 175
40 182
41 19
41 21
41 23
41 24
41 99
41 103
41 111
41 145
41 146
41 163
41 168
41 185
41 195
41 197
42 1
42 6
42 15
42 29
42 52
42 54
42 124
42 138
42 158
42 161
42 168
42 194
42 196
43 8
43 16
43 47
43 59
43 68
43 78
43 152
43 194
43 195
43 199
44 24
44 39
44 60
44 62
44 70
44 88
44 100
44 102
44 123
44 140
44 156
45 57
45 126
45 146
45 147
45 173
45 182
45 186
45 194
46 15
46 21
46 26
46 69
46 71
46 96
46 140
46 168
46 173
46 194
47 8
47 13
47 15
47 43
47 84
47 92
47 121
47 180
48 0
48 16
48 28
48 51
48 68
48 75
48 78
48 88
48 114
48 171
49 0
49 15
49 95
49 151
49 173
50 26
50 75
50 77
50 90
50 109
50 119
50 123
50 127
51 15
51 48
51 53
51 70
51 84
51 91
51 99
51 102
51 126
51 127
51 135
51 147
51 164
51 195
51 197
52 13
52 16
52 25
52 28
52 42
52 157
53 23
53 27
53 51
53 59
53 82
53 86
53 90
53 141
53 147
53 173
53 194
54 35
54 42
54 64
54 83
54 87
54 99
54 111
54 134
54 147
54 148
54 160
54 175
54 186
54 193
55 2
55 12
55 32
55 61
55 101
55 116
55 155
55 168
55 176
55 177
56 7
56 23
56 71
56 75
56 84
56 104
56 154
56 160
56 162
56 173
56 178
57 4
57 20
57 25
57 28
57 45
57 66
57 82
57 126
57 129
57 140
57 177
58 26
58 77
58 162
58 183
58 186
59 2
59 39
59 43
59 53
59 70
59 113
59 122
59 129
59 138
59 146
59 169
59 186
60 3
60 36
60 44
60 83
60 84
60 107
60 109
60 127
60 134
60 145
60 175
61 2
61 4
61 40
61 55
61 75
61 95
61 103
61 115
61 134
61 142
61 172
61 177
61 180
61 193
62 34
62 38
62 44
62 63
62 64
62 65
62 69
62 100
62 111
62 125
62 131
62 154
62 180
62 186
63 11
63 23
63 62
63 112
63 141
63 148
63 154
63 155
63 161
63 174
64 5
64 54
64 62
64 73
64 85
64 131
64 138
64 194
65 18
65 62
65 79
65 170
65 180
65 181
65 196
66 37
66 57
66 76
66 122
66 132
66 153
66 169
66 174
66 183
66 198
67 18
67 24
67 36
67 142
67 148
67 168
67 183
67 192
68 14
68 17
68 34
68 39
68 43
68 48
68 92
68 98
68 145
68 165
68 196
69 5
69 9
69 11
69 18
69 22
69 46
69 62
69 83
69 88
69 90
69 118
69 156
69 167
69 171
69 197
70 44
70 51
70 59
70 122
70 138
70 155
71 2
71 11
71 14
71 46
71 56
71 72
71 84
71 94
71 102
71 103
71 118
71 124
71 132
71 147
71 152
71 186
72 36
72 71
72 86
72 143
72 170
72 181
72 188
72 195
73 23
73 64
73 80
73 92
73 101
73 106
73 120
74 5
74 18
74 40
74 80
74 91
74 110
74 142
74 145
74 161
74 171
75 0
75 39
75 48
75 50
75 56
75 61
75 81
75 85
75 94
75 97
75 99
75 102
75 103
75 131
75 157
75 188
75 190
76 39
76 66
76 87
76 130
76 138
76 168
77 3
77 12
77 16
77 50
77 58
77 99
77 106
77 126
77 128
77 173
77 185
78 3
78 43
78 48
78 79
78 85
78 87
78 108
78 155
78 168
78 177
78 182
79 4
79 12
79 33
79 65
79 78
79 99
79 102
79 133
79 157
79 166
80 14
80 20
80 73
80 74
80 117
80 124
80 128
80 133
80 138
80 140
80 180
81 0
81 75
81 103
81 106
81 116
81 123
81 133
81 146
81 156
81 173
81 174
81 197
82 2
82 53
82 57
82 100
82 104
82 123
82 125
82 171
82 189
83 4
83 11
83 26
83 54
83 60
83 69
83 84
83 114
83 143
83 179
83 186
84 10
84 40
84 47
84 51
84 56
84 60
84 71
84 83
84 122
84 128
84 135
84 164
84 188
85 25
85 31
85 64
85 75
85 78
85 92
85 93
85 102
85 125
85 126
85 128
85 134
85 148
85 150
85 172
85 196
86 18
86 53
86 72
86 113
86 119
86 173
86 174
86 186
86 195
87 1
87 54
87 76
87 78
87 126
87 131
87 136
87 145
88 1
88 10
88 28
88 44
88 48
88 69
88 93
88 100
88 107
88 121
88 136
88 142
88 148
88 172
89 5
89 29
89 31
89 32
89 111
89 136
89 142
89 154
89 159
89 163
89 175
89 178
89 185
89 193
90 14
90 20
90 50
90 53
90 69
90 96
90 137
90 153
90 156
90 159
90 162
90 173
91 51
91 74
91 115
91 117
91 135
91 157
91 172
91 181
92 11
92 20
92 29
92 47
92 68
92 73
92 85
92 112
92 120
92 139
92 190
93 85
93 88
93 104
93 112
93 113
93 142
94 2
94 17
94 71
94 75
94 107
94 130
95 20
95 35
95 49
95 61
95 111
95 139
95 194
96 0
96 27
96 46
96 90
96 109
96 139
96 162
96 188
97 0
97 15
97 28
97 33
97 36
97 37
97 75
97 119
97 133
97 160
97 167
97 172
97 179
97 182
97 192
97 197
98 26
98 68
98 114
98 131
98 147
98 166
98 174
99 34
99 41
99 51
99 54
99 75
99 77
99 79
99 109
99 115
99 118
99 130
99 133
99 140
99 190
100 22
100 27
100 44
100 62
100 82
100 88
100 121
100 149
100 150
100 168
100 178
101 15
101 55
101 73
101 120
101 135
101 162
102 8
102 38
102 44
102 51
102 71
102 75
102 79
102 85
102 123
102 135
102 143
102 174
102 184
103 15
103 41
103 61
103 71
103 75
103 81
103 177
103 184
103 199
104 56
104 82
104 93
104 110
104 120
104 131
104 144
104 179
105 13
105 18
105 38
105 129
105 157
105 163
106 73
106 77
106 81
106 151
106 156
106 164
106 181
107 29
107 60
107 88
107 94
107 131
107 151
107 192
107 199
108 17
108 78
108 136
108 138
108 159
108 171
109 29
109 37
109 50
109 60
109 96
109 99
109 121
109 124
109 152
109 162
109 190
109 192
110 17
110 27
110 74
110 104
110 135
110 157
110 167
110 195
111 0
111 41
111 54
111 62
111 89
111 95
111 127
111 155
111 167
111 188
112 25
112 40
112 63
112 92
112 93
112 119
112 137
112 167
112 178
112 190
113 59
113 86
113 93
113 170
113 182
114 48
114 83
114 98
114 120
114 132
114 161
114 162
114 189
115 8
115 35
115 36
115 61
115 91
115 99
115 139
115 144
115 193
116 55
116 81
116 128
116 140
116 143
116 165
116 171
116 182
117 21
117 33
117 80
117 91
117 176
117 185
117 190
118 18
118 35
118 69
118 71
118 99
118 121
118 128
118 140
118 178
118 184
118 187
119 50
119 86
119 97
119 112
119 133
119 166
119 195
120 31
120 39
120 73
120 92
120 101
120 104
120 114
120 126
120 143
120 148
120 155
120 162
120 194
121 38
121 47
121 88
121 100
121 109
121 118
121 134
121 137
121 155
121 186
121 192
122 59
122 66
122 70
122 84
122 126
122 162
122 180
122 185
122 188
123 0
123 39
123 44
123 50
123 81
123 82
123 102
123 135
124 1
124 22
124 33
124 42
124 71
124 80
124 109
124 141
124 158
124 183
124 193
125 14
125 28
125 29
125 38
125 62
125 82
125 85
125 199
126 2
126 45
126 51
126 57
126 77
126 85
126 87
126 120
126 122
126 151
126 153
126 179
126 190
126 198
127 4
127 15
127 35
127 50
127 51
127 60
127 111
127 189
127 195
127 198
128 25
128 35
128 77
128 80
128 84
128 85
128 116
128 118
128 140
128 142
128 164
129 0
129 14
129 17
129 57
129 59
129 105
129 186
129 197
130 2
130 28
130 76
130 94
130 99
130 173
130 176
130 183
130 189
131 10
131 20
131 62
131 64
131 75
131 87
131 98
131 104
131 107
131 150
131 165
131 181
132 6
132 29
132 66
132 71
132 114
132 134
132 147
132 157
132 167
132 179
132 184
132 188
133 16
133 79
133 80
133 81
133 97
133 99
133 119
133 179
134 54
134 60
134 61
134 85
134 121
134 132
134 146
134 164
134 190
134 198
135 51
135 84
135 91
135 101
135 102
135 110
135 123
135 145
135 156
135 177
135 179
136 12
136 14
136 36
136 87
136 88
136 89
136 108
136 149
136 167
136 170
137 32
137 90
137 112
137 121
137 170
137 174
137 186
138 9
138 31
138 33
138 37
138 42
138 59
138 64
138 70
138 76
138 80
138 108
138 160
139 92
139 95
139 96
139 115
139 145
139 151
139 172
139 180
140 17
140 31
140 34
140 44
140 46
140 57
140 80
140 99
140 116
140 118
140 128
140 177
140 184
141 30
141 53
141 63
141 124
142 28
142 61
142 67
142 74
142 88
142 89
142 93
142 128
142 165
142 177
142 181
143 3
143 13
143 15
143 22
143 23
143 34
143 72
143 83
143 102
143 116
143 120
143 166
143 171
144 3
144 9
144 104
144 115
144 175
144 183
145 41
145 60
145 68
145 74
145 87
145 135
145 139
145 163
146 3
146 41
146 45
146 59
146 81
146 134
146 195
147 15
147 16
147 25
147 29
147 33
147 45
147 51
147 53
147 54
147 71
147 98
147 132
147 160
147 194
148 20
148 32
148 54
148 63
148 67
148 85
148 88
148 120
148 180
149 29
149 100
149 136
149 154
149 160
149 166
149 169
149 179
149 188
150 24
150 33
150 85
150 100
150 131
150 161
150 166
150 180
151 23
151 49
151 106
151 107
151 126
151 139
151 161
151 165
152 22
152 43
152 71
152 109
152 172
153 66
153 90
153 126
153 176
153 179
153 187
154 8
154 21
154 23
154 34
154 35
154 56
154 62
154 63
154 89
154 149
154 176
154 178
155 55
155 63
155 70
155 78
155 111
155 120
155 121
155 158
155 166
155 167
155 196
156 26
156 44
156 69
156 81
156 90
156 106
156 135
156 158
156 170
157 20
157 35
157 52
157 75
157 79
157 91
157 105
157 110
157 132
157 165
157 170
157 171
157 174
157 189
158 1
158 2
158 7
158 39
158 42
158 124
158 155
158 156
158 160
158 169
158 172
158 191
159 89
159 90
159 108
159 165
159 178
159 179
160 4
160 13
160 19
160 54
160 56
160 97
160 138
160 147
160 149
160 158
160 179
161 3
161 9
161 15
161 19
161 35
161 42
161 63
161 74
161 114
161 150
161 151
162 24
162 56
162 58
162 90
162 96
162 101
162 109
162 114
162 120
162 122
162 171
162 184
162 190
163 35
163 41
163 89
163 105
163 145
163 181
163 188
163 189
164 38
164 51
164 84
164 106
164 128
164 134
164 167
164 188
164 192
165 35
165 37
165 68
165 116
165 131
165 142
165 151
165 157
165 159
165 168
166 0
166 79
166 98
166 119
166 143
166 149
166 150
166 155
166 176
167 17
167 69
167 97
167 110
167 111
167 112
167 132
167 136
167 155
167 164
167 173
167 184
168 8
168 12
168 16
168 41
168 42
168 46
168 55
168 67
168 76
168 78
168 100
168 165
168 175
169 11
169 59
169 66
169 149
169 158
169 174
170 3
170 65
170 72
170 113
170 136
170 137
170 156
170 157
170 171
171 12
171 30
171 48
171 69
171 74
171 82
171 108
171 116
171 143
171 157
171 162
171 170
171 190
172 15
172 20
172 30
172 34
172 61
172 85
172 88
172 91
172 97
172 139
172 152
172 158
173 2
173 10
173 45
173 46
173 49
173 53
173 56
173 77
173 81
173 86
173 90
173 130
173 167
173 186
174 4
174 21
174 63
174 66
174 81
174 86
174 98
174 102
174 137
174 157
174 169
175 32
175 40
175 54
175 60
175 89
175 144
175 168
175 182
176 10
176 38
176 55
176 117
176 130
176 153
176 154
176 166
177 30
177 55
177 57
177 61
177 78
177 103
177 135
177 140
177 142
177 178
178 0
178 56
178 89
178 100
178 112
178 118
178 154
178 159
178 177
178 191
179 2
179 83
179 97
179 104
179 126
179 132
179 133
179 135
179 149
179 153
179 159
179 160
179 195
179 197
180 0
180 9
180 47
180 61
180 62
180 65
180 80
180 122
180 139
180 148
180 150
181 25
181 65
181 72
181 91
181 106
181 131
181 142
181 163
182 3
182 16
182 40
182 45
182 78
182 97
182 113
182 116
182 175
183 25
183 29
183 58
183 66
183 67
183 124
183 130
183 144
183 189
183 197
184 6
184 23
184 102
184 103
184 118
184 132
184 140
184 162
184 167
184 185
185 12
185 41
185 77
185 89
185 117
185 122
185 184
186 16
186 29
186 45
186 54
186 58
186 59
186 62
186 71
186 83
186 86
186 121
186 129
186 137
186 173
187 118
187 153
187 196
188 27
188 33
188 72
188 75
188 84
188 96
188 111
188 122
188 132
188 149
188 163
188 164
189 1
189 2
189 82
189 114
189 127
189 130
189 157
189 163
189 183
190 7
190 28
190 36
190 75
190 92
190 99
190 109
190 112
190 117
190 126
190 134
190 162
190 171
190 195
191 1
191 26
191 158
191 178
192 5
192 14
192 67
192 97
192 107
192 109
192 121
192 164
193 25
193 54
193 61
193 89
193 115
193 124
194 14
194 28
194 42
194 43
194 45
194 46
194 53
194 64
194 95
194 120
194 147
195 0
195 12
195 33
195 38
195 41
195 43
195 51
195 72
195 86
195 110
195 119
195 127
195 146
195 179
195 190
195 199
196 0
196 12
196 28
196 42
196 65
196 68
196 85
196 155
196 187
197 9
197 18
197 41
197 51
197 69
197 81
197 97
197 129
197 179
197 183
198 32
198 34
198 66
198 126
198 127
198 134
198 199
199 7
199 9
199 11
199 18
199 28
199 43
199 103
199 107
199 125
199 195
199 198