500 3130
0 5
0 41
0 50
0 53
0 90
0 125
0 157
0 211
0 239
0 291
0 303
0 325
0 327
0 423
0 430
0 447
0 491
1 3
1 45
1 53
1 116
1 172
1 182
1 185
1 187
1 297
1 311
1 357
1 377
1 381
1 420
1 432
1 439
1 455
1 477
2 32
2 57
2 161
2 327
2 355
2 389
2 414
2 453
2 463
3 1
3 54
3 63
3 91
3 123
3 175
3 194
3 322
3 349
3 355
3 437
4 36
4 48
4 55
4 127
4 154
4 192
4 340
4 365
4 378
4 393
4 410
4 422
4 424
4 440
4 475
4 476
4 494
5 0
5 18
5 20
5 21
5 72
5 97
5 129
5 163
5 196
5 212
5 241
5 329
5 466
5 496
6 21
6 100
6 155
6 195
6 250
6 277
6 352
6 356
6 358
6 452
6 468
6 477
6 487
7 33
7 97
7 104
7 138
7 217
7 232
7 273
7 329
7 352
7 366
7 368
7 393
7 398
7 489
7 498
8 90
8 114
8 142
8 184
8 218
8 232
8 240
8 302
8 351
8 371
8 374
8 413
8 420
8 436
8 456
8 458
8 476
9 22
9 64
9 74
9 118
9 133
9 267
9 309
9 360
9 387
9 478
10 16
10 19
10 44
10 75
10 134
10 189
10 223
10 273
10 347
10 358
10 363
10 417
10 472
11 32
11 160
11 206
11 238
11 281
11 311
11 347
11 373
11 418
11 478
12 70
12 132
12 224
12 253
12 256
12 265
12 293
12 303
12 333
12 343
12 382
12 412
12 449
13 213
13 227
13 232
13 257
13 307
13 352
13 379
13 383
13 385
13 441
13 492
14 17
14 31
14 158
14 235
14 273
14 278
14 298
14 357
14 382
14 392
14 394
14 431
14 479
14 481
15 134
15 160
15 180
15 197
15 247
15 272
15 297
15 304
15 399
15 420
15 438
15 453
15 477
16 10
16 95
16 129
16 133
16 171
16 188
16 196
16 260
16 261
16 281
16 298
16 304
16 409
16 412
16 439
16 464
16 486
17 14
17 41
17 60
17 92
17 128
17 245
17 260
17 285
17 420
17 432
17 435
17 450
17 452
17 481
17 497
18 5
18 34
18 65
18 88
18 291
19 10
19 67
19 115
19 168
19 227
19 325
19 347
19 399
19 421
19 433
20 5
20 38
20 208
20 285
20 320
20 329
20 439
20 452
20 475
21 5
21 6
21 170
21 186
21 258
21 286
21 310
21 312
21 315
21 441
21 448
21 472
22 9
22 23
22 28
22 32
22 100
22 127
22 150
22 154
22 197
22 242
22 243
22 265
22 312
22 320
22 328
22 350
22 359
22 364
22 391
22 428
22 451
22 452
22 485
23 22
23 32
23 44
23 50
23 90
23 104
23 147
23 150
23 163
23 181
23 259
23 265
23 270
23 335
23 341
23 354
23 391
23 459
23 461
23 473
23 482
24 100
24 127
24 128
24 129
24 132
24 139
24 168
24 225
24 285
24 345
24 396
24 457
25 26
25 116
25 134
25 139
25 270
25 386
25 419
26 25
26 102
26 160
26 262
26 307
26 398
26 438
26 446
26 452
26 458
27 31
27 53
27 116
27 144
27 164
27 171
27 207
27 208
27 247
27 265
27 271
27 273
27 276
27 313
27 317
27 415
27 420
27 449
27 463
28 22
28 69
28 173
28 322
28 412
28 484
29 40
29 57
29 162
29 284
29 287
29 298
29 329
29 457
29 497
30 127
30 182
30 224
30 305
30 313
30 330
30 362
30 402
30 411
30 462
30 499
31 14
31 27
31 34
31 76
31 123
31 163
31 165
31 179
31 242
31 395
31 472
32 2
32 11
32 22
32 23
32 66
32 123
32 159
32 171
32 178
32 191
32 203
32 227
32 316
32 338
32 481
33 7
33 46
33 118
33 124
33 129
33 143
33 180
33 239
33 244
33 303
33 376
33 385
33 466
34 18
34 31
34 191
34 227
34 262
34 293
34 349
34 379
34 429
34 478
34 482
35 69
35 107
35 159
35 160
35 181
35 224
35 228
35 310
35 386
35 451
35 493
36 4
36 70
36 122
36 165
36 234
36 300
36 308
36 321
36 453
36 469
36 497
37 42
37 145
37 182
37 352
37 359
37 443
37 456
38 20
38 39
38 60
38 112
38 126
38 180
38 272
38 322
38 341
38 451
38 455
39 38
39 46
39 226
39 282
39 302
39 323
40 29
40 77
40 123
40 176
40 213
40 234
40 251
40 289
40 309
40 360
40 366
40 460
40 464
41 0
41 17
41 78
41 111
41 148
41 152
41 173
41 194
41 212
41 220
41 237
41 239
41 249
41 262
41 338
41 422
41 458
42 37
42 56
42 101
42 110
42 184
42 187
42 202
42 238
42 319
42 375
42 424
42 458
42 498
43 48
43 62
43 79
43 91
43 120
43 146
43 155
43 183
43 197
43 241
43 259
43 294
43 331
43 385
43 392
43 427
43 440
44 10
44 23
44 85
44 118
44 171
44 223
44 226
44 239
44 274
44 276
44 299
44 328
44 442
44 493
45 1
45 113
45 179
45 196
45 226
45 333
45 354
46 33
46 39
46 80
46 145
46 174
46 210
46 263
46 290
46 317
46 361
46 362
46 366
46 371
46 413
47 59
47 74
47 96
47 258
47 287
47 316
47 325
47 352
47 364
47 382
47 387
47 492
48 4
48 43
48 98
48 135
48 166
48 235
48 247
48 332
48 333
48 413
48 425
48 482
48 492
49 78
49 98
49 120
49 169
49 171
49 253
49 335
49 373
49 389
49 396
49 457
49 493
49 499
50 0
50 23
50 53
50 120
50 163
50 189
50 288
50 427
50 428
50 484
51 87
51 116
51 148
51 160
51 219
51 227
51 325
51 337
51 339
51 378
51 406
52 84
52 141
52 187
52 193
52 204
52 225
52 312
52 395
52 425
52 430
53 0
53 1
53 27
53 50
53 103
53 138
53 250
53 254
54 3
54 113
54 182
54 216
54 254
54 316
54 344
54 348
54 413
54 419
54 432
54 476
55 4
55 114
55 119
55 208
55 227
55 338
55 371
55 381
55 420
55 457
56 42
56 164
56 166
56 173
56 183
56 253
56 279
56 321
56 376
56 398
56 478
56 496
57 2
57 29
57 87
57 89
57 121
57 186
57 318
57 319
57 466
57 471
58 125
58 127
58 145
58 221
58 223
58 225
58 226
58 248
58 256
58 265
58 353
58 425
59 47
59 80
59 124
59 195
59 324
59 352
59 409
59 469
59 498
60 17
60 38
60 89
60 104
60 187
60 200
60 234
60 292
60 457
60 459
60 473
61 129
61 148
61 192
61 218
61 251
61 298
61 303
61 340
61 392
61 441
61 463
61 475
62 43
62 76
62 99
62 107
62 110
62 114
62 123
62 216
62 232
62 268
62 287
62 314
62 336
62 372
62 386
62 437
62 441
62 455
62 459
62 489
63 3
63 82
63 91
63 105
63 111
63 115
63 136
63 195
63 202
63 231
63 263
63 312
63 349
63 492
64 9
64 111
64 117
64 159
64 190
64 207
64 222
64 274
64 377
64 486
64 487
64 492
65 18
65 92
65 183
65 184
65 246
65 278
65 295
65 370
65 426
65 430
66 32
66 73
66 106
66 125
66 167
66 218
66 295
66 297
66 332
66 361
66 378
66 477
66 490
67 19
67 74
67 118
67 121
67 135
67 197
67 396
67 413
67 428
67 462
67 488
67 493
68 72
68 86
68 114
68 157
68 206
68 207
68 286
68 294
68 308
68 364
68 401
68 439
68 446
68 449
69 28
69 35
69 114
69 127
69 138
69 229
69 253
69 313
69 334
69 398
69 429
69 439
69 444
70 12
70 36
70 78
70 235
70 291
70 306
70 322
70 331
70 377
70 388
70 429
70 493
71 98
71 125
71 149
71 172
71 185
71 200
71 233
71 289
71 392
71 413
71 415
71 427
71 430
71 455
71 478
71 491
72 5
72 68
72 110
72 111
72 184
72 202
72 281
72 307
72 361
72 380
72 445
72 450
72 494
73 66
73 77
73 114
73 173
73 234
73 243
73 261
73 345
73 472
73 493
74 9
74 47
74 67
74 122
74 131
74 191
74 245
74 280
74 306
74 351
74 468
74 469
75 10
75 78
75 158
75 183
75 206
75 227
75 251
75 279
75 337
75 364
75 437
75 449
76 31
76 62
76 161
76 270
76 284
76 329
76 368
76 404
76 422
76 425
76 436
76 441
76 490
77 40
77 73
77 135
77 195
77 210
77 217
77 259
77 272
77 297
77 310
77 343
77 347
77 421
77 429
77 493
78 41
78 49
78 70
78 75
78 115
78 189
78 271
78 292
78 311
78 464
79 43
79 112
79 128
79 213
79 226
79 237
79 325
79 333
79 392
80 46
80 59
80 120
80 138
80 146
80 168
80 224
80 225
80 229
80 265
80 281
80 313
80 337
80 359
80 384
80 392
80 434
80 440
80 460
81 110
81 148
81 163
81 192
81 222
81 268
81 302
81 303
81 421
82 63
82 204
82 217
82 227
82 266
82 280
82 442
82 457
82 459
83 120
83 166
83 230
83 236
83 241
83 279
83 314
83 347
83 433
83 463
83 494
84 52
84 117
84 146
84 313
84 328
84 385
84 394
84 417
84 447
85 44
85 157
85 168
85 182
85 188
85 207
85 236
85 284
85 328
85 432
85 436
85 453
85 463
85 483
86 68
86 95
86 164
86 227
86 233
86 245
86 248
86 270
86 310
86 375
86 390
86 404
86 449
86 495
87 51
87 57
87 89
87 149
87 254
87 257
87 307
87 328
87 349
87 378
87 391
87 413
87 433
88 18
88 151
88 155
88 163
88 184
88 242
88 384
88 386
88 388
88 391
88 410
88 430
88 452
89 57
89 60
89 87
89 92
89 93
89 124
89 141
89 248
89 255
89 323
89 382
89 452
89 457
90 0
90 8
90 23
90 143
90 146
90 162
90 166
90 227
90 269
90 350
90 352
90 376
90 412
91 3
91 43
91 63
91 132
91 163
91 252
91 280
91 307
91 332
91 376
91 401
91 454
91 458
91 461
91 493
92 17
92 65
92 89
92 127
92 147
92 161
92 199
92 353
92 384
92 399
92 416
92 473
92 490
93 89
93 106
93 199
93 206
93 284
93 285
93 314
93 329
93 364
93 421
93 450
93 452
93 459
94 139
94 145
94 182
94 222
94 232
94 400
94 403
94 439
94 456
95 16
95 86
95 120
95 126
95 150
95 152
95 191
95 300
95 313
95 382
95 435
95 455
96 47
96 98
96 103
96 104
96 137
96 163
96 177
96 192
96 229
96 285
96 290
96 314
97 5
97 7
97 146
97 170
97 194
97 211
97 301
97 308
97 309
97 311
97 380
97 417
97 448
97 469
97 477
97 488
98 48
98 49
98 71
98 96
98 281
98 330
98 382
98 464
99 62
99 125
99 135
99 196
99 214
99 238
99 241
99 282
99 340
99 387
99 456
99 469
100 6
100 22
100 24
100 126
100 188
100 216
100 232
100 280
100 339
100 400
100 448
101 42
101 104
101 117
101 134
101 158
101 218
101 251
101 366
101 378
101 392
101 423
101 430
101 464
101 489
101 498
102 26
102 189
102 245
102 262
102 331
102 410
102 420
103 53
103 96
103 157
103 165
103 240
103 246
103 451
103 469
103 472
103 487
104 7
104 23
104 60
104 96
104 101
104 140
104 155
104 175
104 177
104 201
104 282
104 293
104 314
104 322
104 336
104 356
104 479
105 63
105 168
105 173
105 297
105 305
105 313
105 387
106 66
106 93
106 129
106 141
106 165
106 174
106 224
106 325
106 464
107 35
107 62
107 131
107 156
107 173
107 233
107 247
107 261
107 263
107 280
107 312
107 399
107 426
107 430
107 449
108 114
108 138
108 151
108 154
108 170
108 277
108 293
108 302
108 343
108 379
108 408
108 418
108 452
108 481
109 152
109 323
109 374
110 42
110 62
110 72
110 81
110 114
110 122
110 139
110 183
110 215
110 222
110 263
110 271
110 338
110 349
110 355
110 460
110 492
111 41
111 63
111 64
111 72
111 115
111 139
111 158
111 191
111 201
111 257
111 339
111 419
111 437
111 497
112 38
112 79
112 121
112 141
112 181
112 264
112 270
112 297
112 323
112 350
112 372
112 440
112 466
112 498
113 45
113 54
113 134
113 153
113 251
113 293
113 411
113 457
114 8
114 55
114 62
114 68
114 69
114 73
114 108
114 110
114 116
114 117
114 126
114 130
114 187
114 209
114 267
114 276
114 345
114 404
114 427
114 480
114 484
114 487
115 19
115 63
115 78
115 111
115 132
115 154
115 230
115 234
115 242
115 248
115 313
115 317
115 330
115 331
115 334
115 337
115 365
115 376
115 393
116 1
116 25
116 27
116 51
116 114
116 133
116 176
116 220
116 250
116 288
116 411
116 428
116 442
117 64
117 84
117 101
117 114
117 132
117 185
117 258
117 308
117 381
117 451
117 453
117 485
118 9
118 33
118 44
118 67
118 136
118 215
118 248
118 332
118 361
118 411
118 439
119 55
119 124
119 184
119 198
119 226
119 238
119 280
119 285
119 296
119 306
119 314
119 345
119 370
119 383
120 43
120 49
120 50
120 80
120 83
120 95
120 157
120 194
120 197
120 241
120 278
120 330
120 352
120 435
120 460
120 491
120 495
121 57
121 67
121 112
121 126
121 148
121 163
121 207
121 228
121 259
121 324
121 327
121 412
121 441
121 470
121 489
121 496
122 36
122 74
122 110
122 131
122 147
122 196
122 261
122 272
122 339
122 452
122 459
122 482
123 3
123 31
123 32
123 40
123 62
123 138
123 187
123 212
123 214
123 328
123 383
123 399
123 419
123 438
124 33
124 59
124 89
124 119
124 201
124 277
124 297
124 341
124 374
124 436
125 0
125 58
125 66
125 71
125 99
125 151
125 178
125 179
125 185
125 297
125 320
125 352
125 359
125 425
125 475
125 480
125 487
125 493
126 38
126 95
126 100
126 114
126 121
126 136
126 219
126 279
126 285
126 294
126 335
126 336
126 379
126 431
126 445
126 494
127 4
127 22
127 24
127 30
127 58
127 69
127 92
127 139
127 151
127 202
127 208
127 235
127 240
127 243
127 269
127 300
127 314
127 321
127 418
128 17
128 24
128 79
128 186
128 216
128 245
128 259
128 293
128 322
128 336
128 370
128 373
128 381
128 458
129 5
129 16
129 24
129 33
129 61
129 106
129 139
129 182
129 202
129 213
129 234
129 305
129 315
129 440
129 499
130 114
130 263
130 266
130 288
130 315
130 322
130 385
130 394
130 401
130 458
130 469
131 74
131 107
131 122
131 197
131 249
131 368
131 407
131 412
131 430
131 445
131 480
131 497
132 12
132 24
132 91
132 115
132 117
132 159
132 162
132 285
132 306
132 367
132 379
132 446
132 470
132 488
133 9
133 16
133 116
133 160
133 165
133 187
133 207
133 243
133 260
133 294
133 295
133 457
133 469
133 482
134 10
134 15
134 25
134 101
134 113
134 157
134 204
134 205
134 213
134 246
134 288
134 301
134 308
134 366
134 428
134 430
134 461
134 474
134 476
135 48
135 67
135 77
135 99
135 209
135 233
135 247
135 253
135 343
135 354
135 427
135 490
135 492
135 494
136 63
136 118
136 126
136 151
136 176
136 178
136 240
136 267
136 275
136 358
136 372
136 373
136 397
137 96
137 163
137 209
137 263
137 286
137 392
137 399
137 435
137 437
137 473
138 7
138 53
138 69
138 80
138 108
138 123
138 168
138 188
138 204
138 228
138 278
138 288
138 289
138 315
138 335
138 342
138 375
138 388
138 414
138 419
138 485
139 24
139 25
139 94
139 110
139 111
139 127
139 129
139 158
139 185
139 243
139 266
139 308
139 342
139 365
140 104
140 153
140 155
140 165
140 175
140 215
140 284
140 308
140 323
140 355
140 409
140 421
141 52
141 89
141 106
141 112
141 280
141 304
141 317
141 344
141 350
142 8
142 152
142 168
142 170
142 328
142 333
142 367
142 392
142 396
143 33
143 90
143 191
143 246
143 408
143 422
143 423
143 461
143 469
143 476
144 27
144 146
144 149
144 203
144 251
144 270
144 281
144 293
144 300
144 336
144 338
144 355
145 37
145 46
145 58
145 94
145 172
145 180
145 191
145 221
145 230
145 253
145 290
145 409
145 456
146 43
146 80
146 84
146 90
146 97
146 144
146 316
147 23
147 92
147 122
147 196
147 198
147 294
147 383
147 390
147 429
147 465
147 472
147 497
148 41
148 51
148 61
148 81
148 121
148 167
148 190
148 198
148 225
148 348
148 365
148 421
148 427
148 436
148 464
149 71
149 87
149 144
149 163
149 169
149 192
149 225
149 262
149 341
149 433
149 451
149 466
149 470
150 22
150 23
150 95
150 327
150 405
150 414
150 421
150 454
151 88
151 108
151 125
151 127
151 136
151 160
151 162
151 223
151 243
151 249
151 293
151 303
151 365
151 424
152 41
152 95
152 109
152 142
152 168
152 230
152 396
152 472
152 494
153 113
153 140
153 166
153 179
153 217
153 261
153 291
153 311
153 341
153 387
153 456
153 459
153 464
153 499
154 4
154 22
154 108
154 115
154 175
154 209
154 281
154 318
154 332
154 354
154 371
154 396
154 423
154 431
154 446
154 463
154 477
154 493
155 6
155 43
155 88
155 104
155 140
155 206
155 232
155 288
155 334
155 380
155 388
155 452
155 487
156 107
156 216
156 265
156 325
156 357
156 420
156 422
156 427
156 445
156 452
157 0
157 68
157 85
157 103
157 120
157 134
157 160
157 275
157 377
157 392
157 404
157 414
157 434
157 443
157 464
157 465
158 14
158 75
158 101
158 111
158 139
158 206
158 237
158 249
158 256
158 423
158 473
158 483
159 32
159 35
159 64
159 132
159 167
159 196
159 214
159 223
159 278
159 312
159 320
159 349
159 359
159 368
159 469
159 485
160 11
160 15
160 26
160 35
160 51
160 133
160 151
160 157
160 193
160 230
160 236
160 247
160 385
160 421
160 423
160 427
161 2
161 76
161 92
161 176
161 194
161 202
161 227
161 231
161 271
161 424
161 482
162 29
162 90
162 132
162 151
162 170
162 272
162 301
162 384
162 385
162 394
162 410
162 464
162 472
163 5
163 23
163 31
163 50
163 81
163 88
163 91
163 96
163 121
163 137
163 149
163 179
163 226
163 248
163 283
163 348
163 420
163 449
163 454
164 27
164 56
164 86
164 314
165 31
165 36
165 103
165 106
165 133
165 140
165 167
165 172
165 176
165 200
165 272
165 312
165 313
165 385
165 438
166 48
166 56
166 83
166 90
166 153
166 206
166 297
166 467
166 470
166 475
166 481
167 66
167 148
167 159
167 165
167 201
167 272
167 309
167 400
167 406
167 426
167 469
167 488
167 492
168 19
168 24
168 80
168 85
168 105
168 138
168 142
168 152
168 182
168 213
168 273
168 288
168 385
168 398
169 49
169 149
169 191
169 219
169 277
169 495
170 21
170 97
170 108
170 142
170 162
170 181
170 202
170 220
170 272
170 378
170 461
170 467
170 495
170 496
171 16
171 27
171 32
171 44
171 49
171 172
171 259
171 303
171 346
171 446
172 1
172 71
172 145
172 165
172 171
172 329
172 342
172 344
172 358
172 407
172 454
172 455
172 476
173 28
173 41
173 56
173 73
173 105
173 107
173 212
173 215
173 223
173 227
173 285
173 330
173 337
173 346
173 381
173 416
173 443
173 479
174 46
174 106
174 187
174 310
174 328
174 342
174 350
174 354
174 363
174 391
174 394
174 428
174 460
174 465
174 470
175 3
175 104
175 140
175 154
175 182
175 194
175 239
175 319
175 361
175 396
175 411
175 431
175 456
175 472
176 40
176 116
176 136
176 161
176 165
176 203
176 214
176 285
176 299
176 321
176 377
176 388
176 407
176 434
176 455
177 96
177 104
177 212
177 254
177 292
177 306
177 334
177 468
177 484
177 487
178 32
178 125
178 136
178 309
178 315
178 398
178 442
178 449
178 461
178 483
179 31
179 45
179 125
179 153
179 163
179 288
179 326
179 350
179 387
179 388
179 396
179 399
180 15
180 33
180 38
180 145
180 250
180 253
180 332
180 340
180 348
180 354
180 381
180 475
181 23
181 35
181 112
181 170
181 185
181 233
181 237
181 344
181 364
181 368
181 467
181 490
181 494
182 1
182 30
182 37
182 54
182 85
182 94
182 129
182 168
182 175
182 222
182 290
182 294
182 301
182 390
183 43
183 56
183 65
183 75
183 110
183 186
183 320
183 341
183 378
183 469
183 478
183 483
184 8
184 42
184 65
184 72
184 88
184 119
184 246
184 304
185 1
185 71
185 117
185 125
185 139
185 181
185 204
185 239
185 309
185 360
185 404
186 21
186 57
186 128
186 183
186 220
186 222
186 228
186 229
186 242
186 257
186 273
186 337
186 363
186 374
186 419
187 1
187 42
187 52
187 60
187 114
187 123
187 133
187 174
187 217
187 254
187 255
187 273
187 302
187 319
187 322
187 331
187 352
187 356
187 367
187 378
187 427
187 439
187 447
187 461
187 474
187 478
188 16
188 85
188 100
188 138
188 223
188 253
188 259
188 268
188 325
188 397
188 399
188 438
188 475
189 10
189 50
189 78
189 102
189 190
189 196
189 238
189 300
189 364
189 378
189 384
189 386
189 425
189 440
189 445
189 484
189 493
190 64
190 148
190 189
190 215
190 238
190 239
190 248
190 285
190 315
190 319
190 386
190 416
191 32
191 34
191 74
191 95
191 111
191 143
191 145
191 169
191 220
191 331
191 438
191 447
191 494
192 4
192 61
192 81
192 96
192 149
192 213
192 226
192 265
192 270
192 293
192 309
192 319
192 337
192 355
192 385
192 396
193 52
193 160
193 261
193 378
193 432
194 3
194 41
194 97
194 120
194 161
194 175
194 223
194 243
194 259
194 274
194 326
194 334
194 335
194 342
194 373
194 404
194 465
195 6
195 59
195 63
195 77
195 196
195 204
195 221
195 276
195 320
195 323
195 355
195 376
195 416
195 452
196 5
196 16
196 45
196 99
196 122
196 147
196 159
196 189
196 195
196 230
196 304
196 416
196 444
196 494
197 15
197 22
197 43
197 67
197 120
197 131
197 226
197 247
197 253
197 322
197 336
197 368
197 460
197 492
198 119
198 147
198 148
198 225
198 226
198 229
198 244
198 257
198 275
198 283
198 285
198 328
198 335
198 370
198 394
198 420
198 453
198 464
198 491
199 92
199 93
199 202
199 236
199 286
199 301
199 321
199 373
199 388
199 392
199 440
200 60
200 71
200 165
200 249
200 261
200 344
200 349
200 352
200 375
201 104
201 111
201 124
201 167
201 250
201 257
201 315
201 399
201 468
202 42
202 63
202 72
202 127
202 129
202 161
202 170
202 199
202 210
202 221
202 247
202 315
202 347
202 350
202 464
202 472
202 490
203 32
203 144
203 176
203 226
203 244
203 257
203 261
203 265
203 278
203 287
203 316
203 338
203 348
203 351
203 369
203 392
203 480
203 485
204 52
204 82
204 134
204 138
204 185
204 195
204 209
204 254
204 271
204 308
204 490
205 134
205 267
205 288
205 312
205 343
205 364
205 380
205 394
205 431
205 485
206 11
206 68
206 75
206 93
206 155
206 158
206 166
206 233
206 295
206 371
206 441
206 462
206 475
206 477
206 485
207 27
207 64
207 68
207 85
207 121
207 133
207 308
207 379
207 390
207 400
207 418
207 462
207 467
208 20
208 27
208 55
208 127
208 236
208 285
208 292
208 304
208 378
208 404
208 418
208 435
208 454
208 481
208 488
208 492
209 114
209 135
209 137
209 154
209 204
209 305
209 312
209 333
209 456
209 464
209 493
210 46
210 77
210 202
210 268
210 290
210 329
210 343
210 363
210 366
210 370
210 384
210 415
210 425
210 426
210 477
210 490
211 0
211 97
211 251
211 302
211 378
211 402
212 5
212 41
212 123
212 173
212 177
212 239
212 243
212 250
212 368
212 370
212 377
212 424
212 493
212 494
213 13
213 40
213 79
213 129
213 134
213 168
213 192
213 215
213 341
213 385
213 404
213 405
214 99
214 123
214 159
214 176
214 263
214 265
214 271
214 290
214 377
214 389
214 434
215 110
215 118
215 140
215 173
215 190
215 213
215 244
215 250
215 332
215 335
215 360
215 406
215 435
215 436
215 491
216 54
216 62
216 100
216 128
216 156
216 236
216 295
216 348
216 378
216 394
216 404
216 405
216 413
216 450
216 497
217 7
217 77
217 82
217 153
217 187
217 222
217 245
217 330
217 388
217 462
217 491
218 8
218 61
218 66
218 101
218 275
218 292
218 350
218 492
219 51
219 126
219 169
219 250
219 316
219 335
219 353
219 380
219 382
219 394
219 416
219 424
220 41
220 116
220 170
220 186
220 191
220 244
220 287
220 294
220 299
220 370
220 411
220 426
220 485
221 58
221 145
221 195
221 202
221 227
221 253
221 281
221 292
221 317
221 333
221 339
221 354
221 368
221 407
221 435
221 450
221 458
221 493
221 496
222 64
222 81
222 94
222 110
222 182
222 186
222 217
222 346
222 418
222 445
223 10
223 44
223 58
223 151
223 159
223 173
223 188
223 194
223 247
223 260
223 285
223 308
223 314
223 399
223 419
223 468
224 12
224 30
224 35
224 80
224 106
224 227
224 289
224 297
224 302
224 350
224 358
224 360
224 367
224 385
224 393
224 407
224 424
224 449
225 24
225 52
225 58
225 80
225 148
225 149
225 198
225 265
225 281
225 320
225 330
225 368
225 377
225 387
225 391
225 413
225 471
225 493
226 39
226 44
226 45
226 58
226 79
226 119
226 163
226 192
226 197
226 198
226 203
226 234
226 464
227 13
227 19
227 32
227 34
227 51
227 55
227 75
227 82
227 86
227 90
227 161
227 173
227 221
227 224
227 266
227 270
227 273
227 375
227 418
227 434
227 445
227 462
228 35
228 121
228 138
228 186
228 233
228 254
228 312
228 334
228 377
228 461
228 476
228 480
229 69
229 80
229 96
229 186
229 198
229 269
229 284
229 290
229 326
229 381
229 484
229 496
230 83
230 115
230 145
230 152
230 160
230 196
230 250
230 286
230 312
230 317
230 323
230 471
230 491
231 63
231 161
231 237
231 296
231 303
231 330
231 347
231 399
231 432
231 473
232 7
232 8
232 13
232 62
232 94
232 100
232 155
232 351
232 358
232 362
232 376
232 411
232 427
232 465
233 71
233 86
233 107
233 135
233 181
233 206
233 228
233 250
233 273
233 279
233 296
233 297
233 338
233 339
233 361
233 372
233 386
233 414
233 419
233 422
234 36
234 40
234 60
234 73
234 115
234 129
234 226
234 243
234 258
234 268
234 288
234 335
234 357
234 377
234 381
234 394
234 424
235 14
235 48
235 70
235 127
235 427
235 437
235 468
236 83
236 85
236 160
236 199
236 208
236 216
236 247
236 253
236 311
236 315
236 334
236 342
236 382
236 390
236 397
236 433
237 41
237 79
237 158
237 181
237 231
237 275
237 305
237 361
237 411
237 477
238 11
238 42
238 99
238 119
238 189
238 190
238 262
238 281
238 334
238 338
238 348
238 368
238 391
238 423
238 438
238 483
238 492
238 498
239 0
239 33
239 41
239 44
239 175
239 185
239 190
239 212
239 286
239 287
239 332
239 425
239 473
239 483
239 499
240 8
240 103
240 127
240 136
240 257
240 264
240 285
240 300
240 310
240 377
240 425
241 5
241 43
241 83
241 99
241 120
241 246
241 314
241 323
241 356
241 377
241 384
241 420
241 443
241 473
241 492
242 22
242 31
242 88
242 115
242 186
242 286
242 350
242 429
242 466
243 22
243 73
243 127
243 133
243 139
243 151
243 194
243 212
243 234
243 256
243 356
243 384
243 413
243 457
243 471
244 33
244 198
244 203
244 215
244 220
244 313
244 361
244 390
244 459
244 460
245 17
245 74
245 86
245 102
245 128
245 217
245 282
245 325
245 372
245 385
245 412
245 422
245 447
245 477
246 65
246 103
246 134
246 143
246 184
246 241
246 342
246 360
246 374
246 390
246 459
247 15
247 27
247 48
247 107
247 135
247 160
247 197
247 202
247 223
247 236
247 382
247 461
247 471
247 481
247 482
248 58
248 86
248 89
248 115
248 118
248 163
248 190
248 284
248 321
248 349
248 359
249 41
249 131
249 151
249 158
249 200
249 253
249 302
249 379
249 475
249 491
249 497
250 6
250 53
250 116
250 180
250 201
250 212
250 215
250 219
250 230
250 233
250 275
250 310
250 311
250 424
250 426
250 438
250 447
251 40
251 61
251 75
251 101
251 113
251 144
251 211
251 270
251 479
252 91
252 372
252 414
252 442
253 12
253 49
253 56
253 69
253 135
253 145
253 180
253 188
253 197
253 221
253 236
253 249
253 358
253 434
253 471
254 53
254 54
254 87
254 177
254 187
254 204
254 228
254 297
254 315
254 376
254 379
254 382
254 397
254 476
254 488
254 491
255 89
255 187
255 268
255 274
255 289
255 341
255 359
255 445
256 12
256 58
256 158
256 243
256 260
256 299
256 350
256 374
256 446
256 494
257 13
257 87
257 111
257 186
257 198
257 201
257 203
257 240
257 306
257 365
257 395
257 418
257 433
257 467
258 21
258 47
258 117
258 234
258 321
258 339
258 388
258 419
258 428
258 429
258 445
258 472
259 23
259 43
259 77
259 121
259 128
259 171
259 188
259 194
259 270
259 319
259 336
259 386
260 16
260 17
260 133
260 223
260 256
260 313
260 360
260 369
260 392
260 397
260 400
260 434
261 16
261 73
261 107
261 122
261 153
261 193
261 200
261 203
261 491
262 26
262 34
262 41
262 102
262 149
262 238
262 357
262 372
262 434
263 46
263 63
263 107
263 110
263 130
263 137
263 214
263 279
263 306
263 312
263 314
263 343
263 348
263 374
263 399
264 112
264 240
264 296
264 334
264 348
264 431
264 439
265 12
265 22
265 23
265 27
265 58
265 80
265 156
265 192
265 203
265 214
265 225
265 282
265 289
265 293
265 358
265 373
265 400
265 457
265 466
265 482
266 82
266 130
266 139
266 227
266 267
266 319
266 365
266 413
266 420
266 435
266 472
267 9
267 114
267 136
267 205
267 266
267 278
267 309
267 321
267 337
267 402
267 493
268 62
268 81
268 188
268 210
268 234
268 255
268 325
268 353
268 363
268 398
268 411
268 421
268 425
268 429
268 448
268 466
269 90
269 127
269 229
269 320
269 334
269 382
269 421
269 431
269 487
270 23
270 25
270 76
270 86
270 112
270 144
270 192
270 227
270 251
270 259
270 293
270 341
270 362
270 415
270 426
270 443
270 457
271 27
271 78
271 110
271 161
271 204
271 214
271 324
271 430
271 462
271 481
272 15
272 38
272 77
272 122
272 162
272 165
272 167
272 170
272 363
272 428
272 449
273 7
273 10
273 14
273 27
273 168
273 186
273 187
273 227
273 233
273 442
274 44
274 64
274 194
274 255
274 337
274 402
274 414
274 415
274 458
274 468
275 136
275 157
275 198
275 218
275 237
275 250
275 391
275 477
276 27
276 44
276 114
276 195
276 323
276 360
276 448
276 491
277 6
277 108
277 124
277 169
277 458
277 475
278 14
278 65
278 120
278 138
278 159
278 203
278 267
278 324
278 365
278 397
278 426
278 450
279 56
279 75
279 83
279 126
279 233
279 263
279 336
279 346
279 373
279 465
280 74
280 82
280 91
280 100
280 107
280 119
280 141
280 285
280 370
280 393
280 441
280 466
280 470
281 11
281 16
281 72
281 80
281 98
281 144
281 154
281 221
281 225
281 238
281 323
281 397
281 416
281 447
281 465
282 39
282 99
282 104
282 245
282 265
282 350
282 453
283 163
283 198
283 298
283 306
283 427
283 440
283 478
284 29
284 76
284 85
284 93
284 140
284 229
284 248
284 295
284 302
284 371
284 376
284 412
285 17
285 20
285 24
285 93
285 96
285 119
285 126
285 132
285 173
285 176
285 190
285 198
285 208
285 223
285 240
285 280
285 291
285 372
285 394
285 399
285 402
285 420
285 479
286 21
286 68
286 137
286 199
286 230
286 239
286 242
286 313
286 394
287 29
287 47
287 62
287 203
287 220
287 239
287 333
287 436
287 488
288 50
288 116
288 130
288 134
288 138
288 155
288 168
288 179
288 205
288 234
288 319
288 379
288 387
288 413
288 465
288 473
288 487
289 40
289 71
289 138
289 224
289 255
289 265
289 314
289 330
289 399
289 461
289 476
289 488
289 494
290 46
290 96
290 145
290 182
290 210
290 214
290 229
290 315
290 329
290 397
290 433
290 438
290 493
291 0
291 18
291 70
291 153
291 285
291 328
291 389
291 452
291 474
291 493
292 60
292 78
292 177
292 208
292 218
292 221
292 307
292 310
292 349
292 439
292 474
292 494
293 12
293 34
293 104
293 108
293 113
293 128
293 144
293 151
293 192
293 265
293 270
293 315
293 321
293 462
293 470
293 472
294 43
294 68
294 126
294 133
294 147
294 182
294 220
294 353
294 362
294 369
294 409
294 450
294 454
294 462
294 472
294 480
295 65
295 66
295 133
295 206
295 216
295 284
295 315
295 364
295 477
295 486
296 119
296 231
296 233
296 264
296 353
296 361
296 436
296 455
296 468
296 485
297 1
297 15
297 66
297 77
297 105
297 112
297 124
297 125
297 166
297 224
297 233
297 254
297 361
297 378
297 402
297 406
297 413
297 432
298 14
298 16
298 29
298 61
298 283
298 347
298 370
298 391
298 460
298 475
298 490
299 44
299 176
299 220
299 256
299 337
299 354
299 382
299 424
299 466
300 36
300 95
300 127
300 144
300 189
300 240
300 371
300 458
301 97
301 134
301 162
301 182
301 199
301 362
301 364
301 378
301 438
301 445
301 488
302 8
302 39
302 81
302 108
302 187
302 211
302 224
302 249
302 284
302 383
302 407
302 408
303 0
303 12
303 33
303 61
303 81
303 151
303 171
303 231
303 336
303 469
304 15
304 16
304 141
304 184
304 196
304 208
304 451
304 483
304 486
305 30
305 105
305 129
305 209
305 237
305 308
305 390
305 427
305 438
305 440
306 70
306 74
306 119
306 132
306 177
306 257
306 263
306 283
306 324
306 326
306 327
306 343
306 453
306 487
307 13
307 26
307 72
307 87
307 91
307 292
307 353
307 366
307 401
307 436
307 449
307 468
307 472
308 36
308 68
308 97
308 117
308 134
308 139
308 140
308 204
308 207
308 223
308 305
308 364
308 375
308 379
308 409
308 474
308 490
309 9
309 40
309 97
309 167
309 178
309 185
309 192
309 267
309 318
309 350
309 355
309 422
309 433
310 21
310 35
310 77
310 86
310 174
310 240
310 250
310 292
310 339
310 343
310 353
310 377
310 386
310 437
310 479
310 485
310 498
311 1
311 11
311 78
311 97
311 153
311 236
311 250
311 340
311 348
311 404
311 429
311 498
312 21
312 22
312 52
312 63
312 107
312 159
312 165
312 205
312 209
312 228
312 230
312 263
312 313
312 370
312 376
312 393
312 415
312 423
313 27
313 30
313 69
313 80
313 84
313 95
313 105
313 115
313 165
313 244
313 260
313 286
313 312
313 322
313 412
313 456
313 478
314 62
314 83
314 93
314 96
314 104
314 119
314 127
314 164
314 223
314 241
314 263
314 289
314 346
314 454
315 21
315 129
315 130
315 138
315 178
315 190
315 201
315 202
315 236
315 254
315 290
315 293
315 295
315 402
315 475
315 483
316 32
316 47
316 54
316 146
316 203
316 219
316 403
316 460
316 497
317 27
317 46
317 115
317 141
317 221
317 230
317 342
317 356
317 479
318 57
318 154
318 309
318 327
318 374
318 388
318 402
318 474
318 486
319 42
319 57
319 175
319 187
319 190
319 192
319 259
319 266
319 288
319 328
319 432
319 449
320 20
320 22
320 125
320 159
320 183
320 195
320 225
320 269
320 321
320 421
321 36
321 56
321 127
321 176
321 199
321 248
321 258
321 267
321 293
321 320
321 341
321 344
321 383
321 408
321 460
321 485
322 3
322 28
322 38
322 70
322 104
322 128
322 130
322 187
322 197
322 313
322 351
322 397
322 401
322 452
323 39
323 89
323 109
323 112
323 140
323 195
323 230
323 241
323 276
323 281
323 325
323 473
324 59
324 121
324 271
324 278
324 306
324 430
324 450
324 480
325 0
325 19
325 47
325 51
325 79
325 106
325 156
325 188
325 245
325 268
325 323
325 328
325 443
326 179
326 194
326 229
326 306
326 401
326 472
326 499
327 0
327 2
327 121
327 150
327 306
327 318
327 380
327 390
327 432
327 473
327 486
328 22
328 44
328 84
328 85
328 87
328 123
328 142
328 174
328 198
328 291
328 319
328 325
328 348
328 365
328 481
329 5
329 7
329 20
329 29
329 76
329 93
329 172
329 210
329 290
329 362
329 456
330 30
330 98
330 115
330 120
330 173
330 217
330 225
330 231
330 289
330 350
330 379
330 443
330 472
331 43
331 70
331 102
331 115
331 187
331 191
331 343
331 360
331 404
331 410
332 48
332 66
332 91
332 118
332 154
332 180
332 215
332 239
332 379
332 468
333 12
333 45
333 48
333 79
333 142
333 209
333 221
333 287
333 334
333 404
333 410
333 464
334 69
334 115
334 155
334 177
334 194
334 228
334 236
334 238
334 264
334 269
334 333
334 369
334 388
334 429
334 492
335 23
335 49
335 126
335 138
335 194
335 198
335 215
335 219
335 234
335 400
335 442
336 62
336 104
336 126
336 128
336 144
336 197
336 259
336 279
336 303
336 337
336 379
336 383
336 389
336 485
337 51
337 75
337 80
337 115
337 173
337 186
337 192
337 267
337 274
337 299
337 336
337 347
338 32
338 41
338 55
338 110
338 144
338 203
338 233
338 238
338 377
338 388
338 400
338 462
339 51
339 100
339 111
339 122
339 221
339 233
339 258
339 310
339 342
339 344
339 372
339 386
339 413
339 496
340 4
340 61
340 99
340 180
340 311
340 480
341 23
341 38
341 124
341 149
341 153
341 183
341 213
341 255
341 270
341 321
341 370
341 371
341 372
341 382
342 138
342 139
342 172
342 174
342 194
342 236
342 246
342 317
342 339
342 353
342 364
342 387
342 401
342 403
342 413
342 494
342 495
343 12
343 77
343 108
343 135
343 205
343 210
343 263
343 306
343 310
343 331
343 419
344 54
344 141
344 172
344 181
344 200
344 321
344 339
344 414
344 437
344 444
344 460
344 464
345 24
345 73
345 114
345 119
345 413
345 441
345 485
346 171
346 173
346 222
346 279
346 314
346 402
346 435
346 474
347 10
347 11
347 19
347 77
347 83
347 202
347 231
347 298
347 337
347 376
347 378
347 391
347 434
347 473
348 54
348 148
348 163
348 180
348 203
348 216
348 238
348 263
348 264
348 311
348 328
348 362
348 386
348 387
348 398
348 419
348 458
349 3
349 34
349 63
349 87
349 110
349 159
349 200
349 248
349 292
349 391
349 421
349 433
349 444
349 453
349 466
349 497
350 22
350 90
350 112
350 141
350 174
350 179
350 202
350 218
350 224
350 242
350 256
350 282
350 309
350 330
350 366
350 381
350 392
350 478
350 491
351 8
351 74
351 203
351 232
351 322
351 435
351 460
351 489
352 6
352 7
352 13
352 37
352 47
352 59
352 90
352 120
352 125
352 187
352 200
352 372
352 375
352 398
352 403
352 450
353 58
353 92
353 219
353 268
353 294
353 296
353 307
353 310
353 342
353 412
353 473
353 497
354 23
354 45
354 135
354 154
354 174
354 180
354 221
354 299
354 373
354 464
354 490
354 497
355 2
355 3
355 110
355 140
355 144
355 192
355 195
355 309
355 409
355 444
355 451
355 484
356 6
356 104
356 187
356 241
356 243
356 317
356 383
356 409
356 424
356 428
356 497
356 498
357 1
357 14
357 156
357 234
357 262
357 396
358 6
358 10
358 136
358 172
358 224
358 232
358 253
358 265
358 410
358 474
358 487
359 22
359 37
359 80
359 125
359 159
359 248
359 255
359 367
359 382
359 413
359 459
359 478
360 9
360 40
360 185
360 215
360 224
360 246
360 260
360 276
360 331
360 369
360 373
360 456
360 479
360 498
361 46
361 66
361 72
361 118
361 175
361 233
361 237
361 244
361 296
361 297
361 416
361 420
361 473
362 30
362 46
362 232
362 270
362 294
362 301
362 329
362 348
362 481
363 10
363 174
363 186
363 210
363 268
363 272
363 424
363 456
363 476
363 487
364 22
364 47
364 68
364 75
364 93
364 181
364 189
364 205
364 295
364 301
364 308
364 342
364 385
364 424
364 450
364 458
364 459
365 4
365 115
365 139
365 148
365 151
365 257
365 266
365 278
365 328
365 374
365 442
366 7
366 40
366 46
366 101
366 134
366 210
366 307
366 350
366 371
367 132
367 142
367 187
367 224
367 359
367 393
367 490
367 498
368 7
368 76
368 131
368 159
368 181
368 197
368 212
368 221
368 225
368 238
368 384
368 398
368 431
368 469
369 203
369 260
369 294
369 334
369 360
369 378
369 396
369 450
369 473
370 65
370 119
370 128
370 198
370 210
370 212
370 220
370 280
370 298
370 312
370 341
370 449
370 452
371 8
371 46
371 55
371 154
371 206
371 284
371 300
371 341
371 366
371 385
371 427
371 441
371 446
372 62
372 112
372 136
372 233
372 245
372 252
372 262
372 285
372 339
372 341
372 352
372 461
373 11
373 49
373 128
373 136
373 194
373 199
373 265
373 279
373 354
373 360
373 393
373 425
374 8
374 109
374 124
374 186
374 246
374 256
374 263
374 318
374 365
374 395
374 493
375 42
375 86
375 138
375 200
375 227
375 308
375 352
375 380
375 404
375 472
376 33
376 56
376 90
376 91
376 115
376 195
376 232
376 254
376 284
376 312
376 347
376 439
376 445
377 1
377 64
377 70
377 157
377 176
377 212
377 214
377 225
377 228
377 234
377 240
377 241
377 310
377 338
377 406
377 465
378 4
378 51
378 66
378 87
378 101
378 170
378 183
378 187
378 189
378 193
378 208
378 211
378 216
378 297
378 301
378 347
378 369
378 471
378 480
378 488
378 494
379 13
379 34
379 108
379 126
379 132
379 207
379 249
379 254
379 288
379 308
379 330
379 332
379 336
379 419
379 451
379 474
379 481
380 72
380 97
380 155
380 205
380 219
380 327
380 375
380 394
380 421
380 433
380 439
380 470
380 491
381 1
381 55
381 117
381 128
381 173
381 180
381 229
381 234
381 350
381 413
382 12
382 14
382 47
382 89
382 95
382 98
382 219
382 236
382 247
382 254
382 269
382 299
382 341
382 359
382 494
383 13
383 119
383 123
383 147
383 302
383 321
383 336
383 356
383 462
383 472
384 80
384 88
384 92
384 162
384 189
384 210
384 241
384 243
384 368
384 397
384 401
384 405
384 482
385 13
385 33
385 43
385 84
385 130
385 160
385 162
385 165
385 168
385 192
385 213
385 224
385 245
385 364
385 371
385 406
385 414
385 458
385 470
386 25
386 35
386 62
386 88
386 189
386 190
386 233
386 259
386 310
386 339
386 348
386 414
386 476
387 9
387 47
387 99
387 105
387 153
387 179
387 225
387 288
387 342
387 348
387 413
388 70
388 88
388 138
388 155
388 176
388 179
388 199
388 217
388 258
388 318
388 334
388 338
388 417
389 2
389 49
389 214
389 291
389 336
389 410
390 86
390 147
390 182
390 207
390 236
390 244
390 246
390 305
390 327
391 22
391 23
391 87
391 88
391 174
391 225
391 238
391 275
391 298
391 347
391 349
391 462
391 463
391 486
392 14
392 43
392 61
392 71
392 79
392 80
392 101
392 137
392 142
392 157
392 199
392 203
392 260
392 350
393 4
393 7
393 115
393 224
393 280
393 312
393 367
393 373
393 480
394 14
394 84
394 130
394 162
394 174
394 198
394 205
394 216
394 219
394 234
394 285
394 286
394 380
394 466
394 471
394 482
395 31
395 52
395 257
395 374
395 423
395 466
395 492
396 24
396 49
396 67
396 142
396 152
396 154
396 175
396 179
396 192
396 357
396 369
396 441
397 136
397 188
397 236
397 254
397 260
397 278
397 281
397 290
397 322
397 384
397 492
398 7
398 26
398 56
398 69
398 168
398 178
398 268
398 348
398 352
398 368
398 407
399 15
399 19
399 92
399 107
399 123
399 137
399 179
399 188
399 201
399 223
399 231
399 263
399 285
399 289
399 441
399 481
399 485
400 94
400 100
400 167
400 207
400 260
400 265
400 335
400 338
400 465
400 478
400 488
401 68
401 91
401 130
401 307
401 322
401 326
401 342
401 384
401 434
401 445
401 493
402 30
402 211
402 267
402 274
402 285
402 297
402 315
402 318
402 346
402 405
402 443
402 454
402 469
402 475
402 477
403 94
403 316
403 342
403 352
403 426
403 435
404 76
404 86
404 114
404 157
404 185
404 194
404 208
404 213
404 216
404 311
404 331
404 333
404 375
404 414
404 483
404 491
405 150
405 213
405 216
405 384
405 402
405 469
406 51
406 167
406 215
406 297
406 377
406 385
406 475
407 131
407 172
407 176
407 221
407 224
407 302
407 398
407 433
408 108
408 143
408 302
408 321
408 425
408 474
408 492
409 16
409 59
409 140
409 145
409 294
409 308
409 355
409 356
409 420
410 4
410 88
410 102
410 162
410 331
410 333
410 358
410 389
410 461
410 468
410 473
411 30
411 113
411 116
411 118
411 175
411 220
411 232
411 237
411 268
411 463
412 12
412 16
412 28
412 90
412 121
412 131
412 245
412 284
412 313
412 353
412 439
412 461
412 471
413 8
413 46
413 48
413 54
413 67
413 71
413 87
413 216
413 225
413 243
413 266
413 288
413 297
413 339
413 342
413 345
413 359
413 381
413 387
413 423
414 2
414 138
414 150
414 157
414 233
414 252
414 274
414 344
414 385
414 386
414 404
414 442
415 27
415 71
415 210
415 270
415 274
415 312
415 475
416 92
416 173
416 190
416 195
416 196
416 219
416 281
416 361
416 465
417 10
417 84
417 97
417 388
417 467
417 480
418 11
418 108
418 127
418 207
418 208
418 222
418 227
418 257
418 429
419 25
419 54
419 111
419 123
419 138
419 186
419 223
419 233
419 258
419 343
419 348
419 379
419 438
420 1
420 8
420 15
420 17
420 27
420 55
420 102
420 156
420 163
420 198
420 241
420 266
420 285
420 361
420 409
420 438
420 468
421 19
421 77
421 81
421 93
421 140
421 148
421 150
421 160
421 268
421 269
421 320
421 349
421 380
421 452
422 4
422 41
422 76
422 143
422 156
422 233
422 245
422 309
422 437
422 468
423 0
423 101
423 143
423 154
423 158
423 160
423 238
423 312
423 395
423 413
424 4
424 42
424 151
424 161
424 212
424 219
424 224
424 234
424 250
424 299
424 356
424 363
424 364
424 446
425 48
425 52
425 58
425 76
425 125
425 189
425 210
425 239
425 240
425 268
425 373
425 408
425 463
425 482
426 65
426 107
426 167
426 210
426 220
426 250
426 270
426 278
426 403
427 43
427 50
427 71
427 114
427 135
427 148
427 156
427 160
427 187
427 232
427 235
427 283
427 305
427 371
427 442
428 22
428 50
428 67
428 116
428 134
428 174
428 258
428 272
428 356
429 34
429 69
429 70
429 77
429 147
429 242
429 258
429 268
429 311
429 334
429 418
429 454
430 0
430 52
430 65
430 71
430 88
430 101
430 107
430 131
430 134
430 271
430 324
430 455
431 14
431 126
431 154
431 175
431 205
431 264
431 269
431 368
431 472
432 1
432 17
432 54
432 85
432 193
432 231
432 297
432 319
432 327
432 489
433 19
433 83
433 87
433 149
433 236
433 257
433 290
433 309
433 349
433 380
433 407
433 444
434 80
434 157
434 176
434 214
434 227
434 253
434 260
434 262
434 347
434 401
434 447
434 463
435 17
435 95
435 120
435 137
435 208
435 215
435 221
435 266
435 346
435 351
435 403
435 484
435 492
435 493
435 496
435 497
436 8
436 76
436 85
436 124
436 148
436 215
436 287
436 296
436 307
436 478
437 3
437 62
437 75
437 111
437 137
437 235
437 310
437 344
437 422
437 447
437 490
437 498
438 15
438 26
438 123
438 165
438 188
438 191
438 238
438 250
438 290
438 301
438 305
438 419
438 420
438 450
438 452
438 497
439 1
439 16
439 20
439 68
439 69
439 94
439 118
439 187
439 264
439 292
439 376
439 380
439 412
439 445
440 4
440 43
440 80
440 112
440 129
440 189
440 199
440 283
440 305
441 13
441 21
441 61
441 62
441 76
441 121
441 206
441 280
441 345
441 371
441 396
441 399
441 453
441 459
442 44
442 82
442 116
442 178
442 252
442 273
442 335
442 365
442 414
442 427
442 453
442 456
442 457
442 462
442 463
443 37
443 157
443 173
443 241
443 270
443 325
443 330
443 402
443 457
443 494
443 495
444 69
444 196
444 344
444 349
444 355
444 433
444 491
445 72
445 126
445 131
445 156
445 189
445 222
445 227
445 255
445 258
445 301
445 376
445 401
445 439
445 471
445 494
446 26
446 68
446 132
446 154
446 171
446 256
446 371
446 424
446 474
446 475
447 0
447 84
447 187
447 191
447 245
447 250
447 281
447 434
447 437
448 21
448 97
448 100
448 268
448 276
448 450
448 470
449 12
449 27
449 68
449 75
449 86
449 107
449 163
449 178
449 224
449 272
449 307
449 319
449 370
449 468
449 474
449 486
449 497
450 17
450 72
450 93
450 216
450 221
450 278
450 294
450 324
450 352
450 364
450 369
450 438
450 448
451 22
451 35
451 38
451 103
451 117
451 149
451 304
451 355
451 379
451 497
452 6
452 17
452 20
452 22
452 26
452 88
452 89
452 93
452 108
452 122
452 155
452 156
452 195
452 291
452 322
452 370
452 421
452 438
452 490
452 498
453 2
453 15
453 36
453 85
453 117
453 198
453 282
453 306
453 349
453 441
453 442
453 458
453 466
454 91
454 150
454 163
454 172
454 208
454 294
454 314
454 402
454 429
455 1
455 38
455 62
455 71
455 95
455 172
455 176
455 296
455 430
455 456
456 8
456 37
456 94
456 99
456 145
456 153
456 175
456 209
456 313
456 329
456 360
456 363
456 442
456 455
457 24
457 29
457 49
457 55
457 60
457 82
457 89
457 113
457 133
457 243
457 265
457 270
457 442
457 443
458 8
458 26
458 41
458 42
458 91
458 128
458 130
458 221
458 274
458 277
458 300
458 348
458 364
458 385
458 453
459 23
459 60
459 62
459 82
459 93
459 122
459 153
459 244
459 246
459 359
459 364
459 441
459 488
460 40
460 80
460 110
460 120
460 174
460 197
460 244
460 298
460 316
460 321
460 344
460 351
460 478
461 23
461 91
461 134
461 143
461 170
461 178
461 187
461 228
461 247
461 289
461 372
461 410
461 412
461 466
461 487
462 30
462 67
462 206
462 207
462 217
462 227
462 271
462 293
462 294
462 338
462 383
462 391
462 442
462 475
463 2
463 27
463 61
463 83
463 85
463 154
463 391
463 411
463 425
463 434
463 442
464 16
464 40
464 78
464 98
464 101
464 106
464 148
464 153
464 157
464 162
464 198
464 202
464 209
464 226
464 333
464 344
464 354
464 487
465 147
465 157
465 174
465 194
465 232
465 279
465 281
465 288
465 377
465 400
465 416
465 498
465 499
466 5
466 33
466 57
466 112
466 149
466 242
466 265
466 268
466 280
466 299
466 349
466 394
466 395
466 453
466 461
466 477
466 484
467 166
467 170
467 181
467 207
467 257
467 417
468 6
468 74
468 177
468 201
468 223
468 235
468 274
468 296
468 307
468 332
468 410
468 420
468 422
468 449
468 496
469 36
469 59
469 74
469 97
469 99
469 103
469 130
469 133
469 143
469 159
469 167
469 183
469 303
469 368
469 402
469 405
470 121
470 132
470 149
470 166
470 174
470 280
470 293
470 380
470 385
470 448
470 471
471 57
471 225
471 230
471 243
471 247
471 253
471 378
471 394
471 412
471 445
471 470
472 10
472 21
472 31
472 73
472 103
472 147
472 152
472 162
472 175
472 202
472 258
472 266
472 293
472 294
472 307
472 326
472 330
472 375
472 383
472 431
472 473
472 499
473 23
473 60
473 92
473 137
473 158
473 231
473 239
473 241
473 288
473 323
473 327
473 347
473 353
473 361
473 369
473 410
473 472
473 498
474 134
474 187
474 291
474 292
474 308
474 318
474 346
474 358
474 379
474 408
474 446
474 449
475 4
475 20
475 61
475 125
475 166
475 180
475 188
475 206
475 249
475 277
475 298
475 315
475 402
475 406
475 415
475 446
475 462
475 483
476 4
476 8
476 54
476 134
476 143
476 172
476 228
476 254
476 289
476 363
476 386
477 1
477 6
477 15
477 66
477 97
477 154
477 206
477 210
477 237
477 245
477 275
477 295
477 402
477 466
477 499
478 9
478 11
478 34
478 56
478 71
478 183
478 187
478 283
478 313
478 350
478 359
478 400
478 436
478 460
479 14
479 104
479 173
479 251
479 285
479 310
479 317
479 360
480 114
480 125
480 131
480 203
480 228
480 294
480 324
480 340
480 378
480 393
480 417
480 482
481 14
481 17
481 32
481 108
481 166
481 208
481 247
481 271
481 328
481 362
481 379
481 399
482 23
482 34
482 48
482 122
482 133
482 161
482 247
482 265
482 384
482 394
482 425
482 480
483 85
483 158
483 178
483 183
483 238
483 239
483 304
483 315
483 404
483 475
484 28
484 50
484 114
484 177
484 189
484 229
484 355
484 435
484 466
485 22
485 117
485 138
485 159
485 203
485 205
485 206
485 220
485 296
485 310
485 321
485 336
485 345
485 399
485 489
486 16
486 64
486 295
486 304
486 318
486 327
486 391
486 449
487 6
487 64
487 103
487 114
487 125
487 155
487 177
487 269
487 288
487 306
487 358
487 363
487 461
487 464
488 67
488 97
488 132
488 167
488 208
488 254
488 287
488 289
488 301
488 378
488 400
488 459
489 7
489 62
489 101
489 121
489 351
489 432
489 485
490 66
490 76
490 92
490 135
490 181
490 202
490 204
490 210
490 298
490 308
490 354
490 367
490 437
490 452
491 0
491 71
491 120
491 198
491 215
491 217
491 230
491 249
491 254
491 261
491 276
491 350
491 380
491 404
491 444
491 495
492 13
492 47
492 48
492 63
492 64
492 110
492 135
492 167
492 197
492 208
492 218
492 238
492 241
492 334
492 395
492 397
492 408
492 435
493 35
493 44
493 49
493 67
493 70
493 73
493 77
493 91
493 125
493 154
493 189
493 209
493 212
493 221
493 225
493 267
493 290
493 291
493 374
493 401
493 435
494 4
494 72
494 83
494 126
494 135
494 152
494 181
494 191
494 196
494 212
494 256
494 289
494 292
494 342
494 378
494 382
494 443
494 445
495 86
495 120
495 169
495 170
495 342
495 443
495 491
496 5
496 56
496 121
496 170
496 221
496 229
496 339
496 435
496 468
497 17
497 29
497 36
497 111
497 131
497 147
497 216
497 249
497 316
497 349
497 353
497 354
497 356
497 435
497 438
497 449
497 451
498 7
498 42
498 59
498 101
498 112
498 238
498 310
498 311
498 356
498 360
498 367
498 437
498 452
498 465
498 473
499 30
499 49
499 129
499 153
499 239
499 326
499 465
499 472
499 477