500 3134
0 14
0 36
0 92
0 125
0 126
0 141
0 151
0 152
0 180
0 204
0 258
0 282
0 322
0 374
0 388
0 465
0 468
1 6
1 17
1 34
1 72
1 176
1 240
1 339
1 372
1 417
1 490
2 50
2 51
2 61
2 142
2 160
2 204
2 240
2 247
2 278
2 375
2 458
2 471
3 45
3 50
3 69
3 70
3 116
3 120
3 160
3 176
3 195
3 200
3 203
3 204
3 218
3 278
3 331
3 371
3 393
3 436
3 460
3 487
4 58
4 170
4 196
4 204
4 225
4 318
4 355
4 387
4 438
4 487
5 26
5 39
5 61
5 63
5 69
5 103
5 114
5 174
5 193
5 199
5 206
5 213
5 254
5 262
5 336
5 337
5 378
5 423
5 461
6 1
6 43
6 44
6 137
6 144
6 197
6 199
6 212
6 213
6 243
6 277
6 322
6 402
6 411
6 421
6 482
6 499
7 19
7 32
7 59
7 74
7 81
7 181
7 237
7 347
7 353
7 359
7 368
7 408
7 454
7 474
7 495
8 46
8 134
8 164
8 317
8 398
8 403
8 430
8 467
8 486
9 15
9 25
9 29
9 63
9 64
9 244
9 316
9 356
9 395
9 399
9 400
10 79
10 83
10 180
10 270
10 394
10 405
10 482
11 38
11 68
11 135
11 206
11 207
11 231
11 233
11 310
11 383
11 405
12 18
12 106
12 137
12 198
12 284
12 310
12 358
12 363
12 451
13 43
13 74
13 114
13 126
13 296
13 298
13 319
13 321
13 336
13 338
13 346
13 355
13 356
13 422
14 0
14 56
14 97
14 100
14 158
14 188
14 207
14 217
14 231
14 243
14 275
14 298
14 311
14 343
14 409
14 462
15 9
15 50
15 89
15 92
15 257
15 317
15 325
15 338
15 355
15 388
15 419
15 426
15 434
15 450
15 468
16 60
16 65
16 87
16 100
16 115
16 132
16 206
16 223
16 231
16 384
16 388
16 405
16 458
16 459
17 1
17 29
17 40
17 60
17 79
17 106
17 224
17 308
17 327
17 415
17 433
18 12
18 23
18 65
18 92
18 256
18 297
18 318
18 329
18 336
18 339
18 361
18 383
18 433
18 442
18 453
19 7
19 53
19 70
19 107
19 149
19 182
19 212
19 218
19 224
19 243
19 247
19 279
19 290
19 294
19 300
19 335
19 363
20 149
20 170
20 176
20 177
20 220
20 221
20 228
20 324
20 349
20 353
20 363
20 370
20 413
20 459
20 484
20 495
20 499
21 84
21 100
21 128
21 142
21 154
21 268
21 326
21 331
21 350
21 398
21 415
21 449
21 458
21 460
21 484
22 24
22 104
22 144
22 165
22 236
22 247
22 363
22 424
22 467
23 18
23 47
23 145
23 189
23 218
23 248
23 276
23 316
23 451
23 481
24 22
24 118
24 170
24 206
24 218
24 259
24 275
24 303
24 310
24 311
24 328
24 335
24 348
24 399
24 401
24 436
24 444
25 9
25 29
25 50
25 52
25 53
25 69
25 82
25 88
25 127
25 197
25 204
25 210
25 249
25 317
25 340
25 376
25 383
25 445
26 5
26 128
26 152
26 223
26 248
26 251
26 328
26 365
26 386
26 411
26 440
26 469
26 486
27 40
27 134
27 276
27 313
27 342
27 374
27 389
27 392
27 412
27 427
27 428
27 449
28 129
28 159
28 196
28 253
28 300
28 359
28 385
28 495
29 9
29 17
29 25
29 34
29 86
29 104
29 105
29 117
29 138
29 166
29 174
29 182
29 226
29 255
29 284
29 303
29 329
29 337
29 339
29 355
29 377
29 393
29 394
29 464
29 487
30 32
30 77
30 133
30 134
30 149
30 219
30 231
30 313
30 342
30 373
30 377
30 389
30 447
31 49
31 100
31 163
31 196
31 267
31 270
31 346
31 382
31 457
31 482
31 493
32 7
32 30
32 68
32 82
32 88
32 111
32 126
32 158
32 233
32 304
32 384
32 405
32 431
32 434
32 436
32 460
32 468
33 71
33 95
33 203
33 237
33 253
33 258
33 397
33 398
33 413
33 418
34 1
34 29
34 41
34 52
34 90
34 123
34 177
34 249
34 298
34 320
34 351
34 485
35 37
35 63
35 72
35 187
35 212
35 216
35 217
35 240
35 275
35 352
35 384
35 470
35 476
36 0
36 56
36 65
36 168
36 190
36 283
36 303
36 327
36 355
36 369
36 456
37 35
37 48
37 72
37 73
37 122
37 139
37 143
37 150
37 173
37 264
37 286
37 290
37 299
37 301
37 303
37 421
37 432
37 454
38 11
38 46
38 91
38 115
38 120
38 153
38 165
38 187
38 202
38 359
38 380
39 5
39 81
39 89
39 123
39 143
39 164
39 187
39 276
39 410
39 445
39 469
39 483
40 17
40 27
40 89
40 139
40 165
40 312
40 328
40 339
40 409
40 427
40 442
41 34
41 59
41 76
41 131
41 156
41 233
41 248
41 326
41 343
41 438
41 462
42 101
42 196
42 306
42 314
42 315
42 319
42 334
42 356
42 385
42 450
42 464
42 469
42 476
42 489
43 6
43 13
43 52
43 75
43 93
43 96
43 158
43 192
43 197
43 198
43 238
43 291
43 339
43 373
44 6
44 204
44 299
44 307
44 339
44 386
44 388
44 421
44 443
45 3
45 58
45 140
45 149
45 162
45 219
45 270
45 416
45 422
45 442
45 450
46 8
46 38
46 47
46 48
46 60
46 99
46 164
46 182
46 198
46 217
46 237
46 241
46 296
46 375
46 377
46 403
46 404
46 442
46 467
46 490
47 23
47 46
47 49
47 103
47 147
47 163
47 201
47 213
47 250
47 257
47 315
47 348
47 349
47 373
47 420
47 433
47 440
48 37
48 46
48 93
48 133
48 157
48 180
48 229
48 268
48 291
48 297
48 398
48 436
48 453
49 31
49 47
49 88
49 231
49 256
49 274
49 337
49 360
49 398
49 410
49 412
49 499
50 2
50 3
50 15
50 25
50 90
50 102
50 105
50 122
50 141
50 187
50 204
50 206
50 213
50 234
50 249
50 285
50 327
50 399
50 408
50 421
50 464
50 479
51 2
51 81
51 126
51 151
51 152
51 160
51 175
51 276
51 277
51 311
51 328
51 381
51 389
51 403
51 428
51 442
52 25
52 34
52 43
52 168
52 172
52 192
52 203
52 224
52 258
52 299
52 323
52 370
52 381
52 423
52 460
53 19
53 25
53 82
53 194
53 248
53 256
53 266
53 323
53 394
53 410
53 418
53 457
54 70
54 102
54 156
54 217
54 266
54 312
54 368
54 369
54 456
54 468
55 75
55 87
55 109
55 147
55 156
55 180
55 194
55 298
55 322
55 395
55 398
55 408
55 422
55 492
56 14
56 36
56 247
56 254
56 268
56 292
56 295
56 357
56 409
56 480
57 66
57 182
57 183
57 210
57 214
57 246
57 261
57 411
57 448
57 478
57 490
58 4
58 45
58 151
58 219
58 259
58 301
58 372
58 375
58 454
58 470
59 7
59 41
59 71
59 105
59 169
59 219
59 274
59 337
59 447
59 469
59 476
59 487
59 491
60 16
60 17
60 46
60 104
60 115
60 123
60 178
60 180
60 204
60 210
60 232
60 248
60 286
60 382
60 388
60 428
60 447
60 452
60 491
61 2
61 5
61 120
61 132
61 136
61 164
61 321
61 375
61 418
61 433
61 443
61 458
61 471
61 491
61 499
62 97
62 103
62 197
62 223
62 267
62 335
62 349
62 389
62 407
62 459
62 475
62 494
62 496
63 5
63 9
63 35
63 69
63 150
63 265
63 299
63 395
63 442
64 9
64 95
64 128
64 162
64 214
64 220
64 284
64 300
64 331
64 353
64 367
64 408
64 410
64 423
65 16
65 18
65 36
65 130
65 148
65 230
65 383
65 434
65 465
65 498
65 499
66 57
66 89
66 153
66 171
66 329
66 332
66 357
66 368
67 68
67 124
67 175
67 185
67 279
67 281
67 363
67 397
67 402
67 479
67 487
68 11
68 32
68 67
68 104
68 105
68 155
68 182
68 241
68 424
69 3
69 5
69 25
69 63
69 92
69 122
69 133
69 143
69 198
69 203
69 206
69 260
69 297
69 329
69 368
69 377
69 391
69 431
69 453
69 478
69 488
69 499
70 3
70 19
70 54
70 83
70 106
70 171
70 198
70 268
70 318
70 321
70 333
70 343
70 345
70 362
70 389
70 432
70 440
70 493
71 33
71 59
71 233
71 254
71 308
71 384
71 422
72 1
72 35
72 37
72 102
72 133
72 152
72 201
72 218
72 299
72 314
72 315
72 316
72 349
72 360
72 372
72 392
72 398
72 468
72 470
72 483
73 37
73 93
73 166
73 175
73 182
73 275
73 292
73 370
73 376
73 386
73 442
73 460
74 7
74 13
74 89
74 125
74 150
74 235
74 297
74 327
74 338
74 348
74 409
75 43
75 55
75 128
75 144
75 150
75 266
75 306
75 346
75 350
75 448
76 41
76 80
76 96
76 216
76 221
76 285
76 380
76 401
76 418
76 472
77 30
77 113
77 154
77 178
77 184
77 217
77 254
77 309
77 317
77 327
77 388
77 395
77 409
78 131
78 155
78 182
78 233
78 263
78 299
78 334
78 356
78 378
78 391
78 406
78 436
78 465
79 10
79 17
79 84
79 101
79 151
79 184
79 199
79 258
79 265
79 314
79 346
79 362
79 386
79 406
79 414
79 440
79 499
80 76
80 91
80 140
80 141
80 180
80 210
80 220
80 261
80 262
80 305
80 322
80 330
80 387
80 428
81 7
81 39
81 51
81 121
81 136
81 159
81 170
81 188
81 207
81 223
81 235
81 324
81 355
81 378
81 379
81 409
81 445
81 454
82 25
82 32
82 53
82 104
82 136
82 143
82 152
82 247
82 288
82 300
82 388
82 406
82 431
82 450
82 451
82 454
82 489
82 495
82 497
83 10
83 70
83 107
83 116
83 256
83 260
83 316
83 335
83 357
83 379
83 380
83 399
83 409
83 436
83 449
83 451
83 453
83 462
84 21
84 79
84 92
84 115
84 163
84 182
84 237
84 243
84 322
84 467
84 494
85 107
85 156
85 175
85 201
85 225
85 228
85 235
85 291
85 351
85 355
85 395
85 440
85 443
85 447
85 457
86 29
86 94
86 165
86 172
86 205
86 206
86 236
86 295
86 324
86 362
86 367
86 456
86 461
86 468
86 499
87 16
87 55
87 99
87 102
87 168
87 184
87 220
87 224
87 313
87 384
87 426
88 25
88 32
88 49
88 116
88 160
88 225
88 228
88 230
88 235
88 286
88 313
88 325
88 350
88 410
89 15
89 39
89 40
89 66
89 74
89 111
89 112
89 179
89 193
89 238
89 244
89 261
89 284
89 323
89 398
90 34
90 50
90 139
90 153
90 189
90 217
90 243
90 307
90 362
90 363
90 374
90 376
90 386
90 408
90 415
90 488
91 38
91 80
91 131
91 157
91 159
91 371
92 0
92 15
92 18
92 69
92 84
92 104
92 122
92 133
92 150
92 192
92 195
92 244
92 251
92 257
92 269
92 287
92 326
92 358
93 43
93 48
93 73
93 95
93 436
93 456
94 86
94 105
94 112
94 158
94 249
94 375
94 446
94 456
95 33
95 64
95 93
95 116
95 200
95 303
95 319
95 414
95 430
95 479
96 43
96 76
96 168
96 177
96 255
96 281
96 282
96 396
96 416
96 439
96 453
96 485
96 495
96 497
97 14
97 62
97 166
97 394
98 126
98 128
98 133
98 206
98 263
98 319
98 326
98 490
99 46
99 87
99 113
99 133
99 161
99 202
99 213
99 305
99 310
99 374
99 415
100 14
100 16
100 21
100 31
100 121
100 145
100 227
100 256
100 267
100 303
100 306
100 313
100 363
100 364
100 407
100 418
100 447
101 42
101 79
101 142
101 248
101 316
101 441
101 443
101 491
102 50
102 54
102 72
102 87
102 112
102 123
102 146
102 165
102 176
102 192
102 223
102 230
102 234
102 359
102 362
102 364
102 373
102 375
102 427
102 496
103 5
103 47
103 62
103 132
103 241
103 262
103 278
103 286
103 288
103 351
103 411
103 436
104 22
104 29
104 60
104 68
104 82
104 92
104 112
104 173
104 177
104 197
104 207
104 242
104 381
104 385
104 394
104 396
104 409
104 441
104 456
105 29
105 50
105 59
105 68
105 94
105 122
105 126
105 163
105 170
105 210
105 296
105 362
105 441
106 12
106 17
106 70
106 135
106 186
106 285
106 303
106 312
106 341
106 414
106 424
107 19
107 83
107 85
107 148
107 158
107 175
107 202
107 205
107 246
107 310
107 325
108 152
108 193
108 289
108 298
108 353
108 377
108 407
108 444
109 55
109 114
109 163
109 182
109 185
109 221
109 256
109 327
109 493
110 147
110 153
110 182
110 203
110 205
110 268
110 305
110 316
110 485
111 32
111 89
111 277
111 321
111 355
111 464
111 469
111 478
112 89
112 94
112 102
112 104
112 134
112 152
112 189
112 193
112 239
112 245
112 272
112 303
112 324
112 365
112 414
112 473
112 499
113 77
113 99
113 242
113 359
113 379
113 407
113 458
114 5
114 13
114 109
114 185
114 202
114 265
114 304
114 310
114 348
114 428
115 16
115 38
115 60
115 84
115 145
115 168
115 176
115 237
115 405
115 410
115 446
115 460
115 471
116 3
116 83
116 88
116 95
116 117
116 135
116 161
116 302
116 334
116 483
117 29
117 116
117 121
117 161
117 238
117 262
117 279
117 284
117 295
117 346
117 348
117 424
117 427
118 24
118 186
118 331
118 347
118 450
118 465
119 132
119 139
119 213
119 220
119 304
119 348
119 468
120 3
120 38
120 61
120 195
120 204
120 209
120 288
120 310
120 331
120 337
120 363
120 380
120 395
120 428
120 432
120 468
121 81
121 100
121 117
121 122
121 171
121 176
121 228
121 248
121 249
121 250
121 304
121 320
121 323
121 357
121 472
122 37
122 50
122 69
122 92
122 105
122 121
122 141
122 159
122 191
122 199
122 215
122 233
122 241
122 425
122 438
122 440
123 34
123 39
123 60
123 102
123 127
123 228
123 233
123 243
123 321
123 368
123 372
123 376
123 389
124 67
124 137
124 201
124 240
124 256
124 262
124 270
124 295
124 376
124 389
124 412
124 417
124 475
124 481
125 0
125 74
125 218
125 275
125 363
125 404
125 435
126 0
126 13
126 32
126 51
126 98
126 105
126 167
126 240
126 292
126 311
126 365
126 379
126 386
126 407
127 25
127 123
127 135
127 168
127 176
127 338
127 419
128 21
128 26
128 64
128 75
128 98
128 152
128 164
128 181
128 190
128 196
128 293
128 330
128 347
128 463
129 28
129 176
129 198
129 202
129 219
129 464
129 474
130 65
130 134
130 161
130 209
130 261
130 286
130 310
130 368
130 423
130 441
130 474
130 494
131 41
131 78
131 91
131 146
131 158
131 222
131 320
131 398
131 420
131 456
132 16
132 61
132 103
132 119
132 190
132 230
132 356
132 360
132 418
132 425
132 456
132 475
132 482
132 483
133 30
133 48
133 69
133 72
133 92
133 98
133 99
133 151
133 200
133 213
133 239
133 244
133 282
133 302
133 320
133 333
133 341
133 397
133 457
134 8
134 27
134 30
134 112
134 130
134 206
134 207
134 220
134 346
134 371
134 372
134 390
135 11
135 106
135 116
135 127
135 223
135 246
135 388
136 61
136 81
136 82
136 160
136 161
136 162
136 175
136 204
136 228
136 284
136 313
136 416
136 476
137 6
137 12
137 124
137 160
137 192
137 197
137 300
137 421
137 480
137 489
138 29
138 150
138 161
138 166
138 175
138 224
138 240
138 285
138 311
138 322
138 357
138 411
138 415
138 425
138 435
139 37
139 40
139 90
139 119
139 199
139 207
139 282
139 387
139 410
139 499
140 45
140 80
140 168
140 228
140 248
140 324
140 331
140 367
140 368
140 409
140 416
140 425
140 433
140 438
140 450
140 471
140 475
140 493
141 0
141 50
141 80
141 122
141 204
141 219
141 252
141 410
141 443
141 466
141 479
142 2
142 21
142 101
142 178
142 194
142 201
142 217
142 333
142 369
142 399
142 413
142 441
142 460
142 465
142 484
143 37
143 39
143 69
143 82
143 191
143 328
143 346
143 354
143 422
143 490
144 6
144 22
144 75
144 163
144 166
144 167
144 202
144 261
144 283
144 371
144 384
144 439
144 485
145 23
145 100
145 115
145 148
145 177
145 218
145 239
145 240
145 247
145 293
145 336
145 356
145 427
146 102
146 131
146 219
146 225
146 249
146 281
146 287
146 316
146 318
146 336
146 373
146 380
146 437
146 454
146 456
146 465
146 474
147 47
147 55
147 110
147 200
147 220
147 226
147 235
147 261
147 357
147 413
147 419
147 458
147 493
148 65
148 107
148 145
148 223
148 235
148 255
148 271
148 288
148 327
148 483
148 485
149 19
149 20
149 30
149 45
149 160
149 186
149 235
149 255
149 362
149 399
149 417
149 437
149 463
150 37
150 63
150 74
150 75
150 92
150 138
150 230
150 260
150 372
150 420
151 0
151 51
151 58
151 79
151 133
151 155
151 164
151 252
151 340
151 408
151 426
151 475
151 489
152 0
152 26
152 51
152 72
152 82
152 108
152 112
152 128
152 167
152 189
152 199
152 247
152 264
152 268
152 295
152 303
152 329
152 358
152 415
153 38
153 66
153 90
153 110
153 250
153 255
153 272
153 305
153 312
153 398
154 21
154 77
154 217
154 251
154 275
154 305
154 396
154 409
154 444
155 68
155 78
155 151
155 165
155 210
155 249
155 266
155 279
155 367
155 465
155 479
156 41
156 54
156 55
156 85
156 195
156 253
156 328
156 331
156 385
156 399
156 403
156 461
156 478
157 48
157 91
157 170
157 321
157 345
157 440
157 444
157 452
157 474
157 485
158 14
158 32
158 43
158 94
158 107
158 131
158 165
158 187
158 211
158 218
158 342
158 431
158 477
159 28
159 81
159 91
159 122
159 164
159 183
159 265
159 464
160 2
160 3
160 51
160 88
160 136
160 137
160 149
160 164
160 189
160 193
160 226
160 237
160 288
160 310
160 365
160 490
161 99
161 116
161 117
161 130
161 136
161 138
161 178
161 199
161 270
161 334
161 365
161 421
161 472
162 45
162 64
162 136
162 163
162 181
162 194
162 214
162 223
162 259
162 370
162 430
162 458
163 31
163 47
163 84
163 105
163 109
163 144
163 162
163 169
163 194
163 225
163 247
163 257
163 318
163 327
163 334
163 371
163 399
163 425
163 427
164 8
164 39
164 46
164 61
164 128
164 151
164 159
164 160
164 186
164 201
164 253
164 318
164 348
164 379
164 412
164 447
165 22
165 38
165 40
165 86
165 102
165 155
165 158
165 173
165 246
165 247
165 258
165 329
165 352
165 357
165 415
165 495
166 29
166 73
166 97
166 138
166 144
166 211
166 248
166 277
166 327
166 330
166 395
166 446
166 448
167 126
167 144
167 152
167 254
167 255
167 283
167 289
167 304
167 354
167 356
167 374
167 387
167 413
167 486
168 36
168 52
168 87
168 96
168 115
168 127
168 140
168 215
168 244
168 257
168 268
168 290
168 357
168 391
168 398
168 452
168 494
169 59
169 163
169 174
169 243
169 254
169 278
169 300
169 345
169 359
169 365
169 367
169 371
169 472
169 493
169 495
170 4
170 20
170 24
170 81
170 105
170 157
170 217
170 227
170 229
170 231
170 245
170 466
170 483
171 66
171 70
171 121
171 184
171 250
171 346
171 361
171 366
171 369
171 375
171 455
171 478
172 52
172 86
172 197
172 211
172 247
172 260
172 382
172 399
172 439
172 446
172 450
173 37
173 104
173 165
173 264
173 269
173 270
173 275
173 305
173 313
173 361
173 402
173 418
173 439
173 459
173 477
173 487
174 5
174 29
174 169
174 248
174 251
174 266
174 283
174 369
174 384
174 389
174 455
174 461
175 51
175 67
175 73
175 85
175 107
175 136
175 138
175 248
175 252
175 317
175 345
175 381
175 442
175 469
175 495
176 1
176 3
176 20
176 102
176 115
176 121
176 127
176 129
176 186
176 232
176 234
176 240
176 316
176 325
176 411
176 437
176 485
176 490
177 20
177 34
177 96
177 104
177 145
177 193
177 226
177 308
177 445
177 449
177 462
178 60
178 77
178 142
178 161
178 182
178 250
178 257
178 272
178 289
178 300
178 322
178 353
178 433
178 440
178 454
179 89
179 183
179 195
179 208
179 217
179 328
179 410
179 450
179 471
179 488
179 489
180 0
180 10
180 48
180 55
180 60
180 80
180 199
180 226
180 238
180 240
180 280
180 297
180 325
180 328
180 339
180 425
180 498
181 7
181 128
181 162
181 238
181 326
181 390
181 445
182 19
182 29
182 46
182 57
182 68
182 73
182 78
182 84
182 109
182 110
182 178
182 213
182 218
182 226
182 287
182 336
182 367
182 396
182 458
183 57
183 159
183 179
183 265
183 269
183 291
183 382
184 77
184 79
184 87
184 171
184 189
184 203
184 222
184 256
184 262
184 317
184 382
184 451
185 67
185 109
185 114
185 195
185 264
185 283
185 339
185 350
185 448
185 464
185 465
186 106
186 118
186 149
186 164
186 176
186 214
186 252
186 323
186 324
186 378
186 411
186 420
186 433
186 444
187 35
187 38
187 39
187 50
187 158
187 286
187 328
187 382
187 410
187 476
188 14
188 81
188 251
188 270
188 281
188 305
188 367
189 23
189 90
189 112
189 152
189 160
189 184
189 192
189 260
189 263
189 356
189 373
189 376
189 388
189 392
189 412
190 36
190 128
190 132
190 246
190 251
190 335
190 367
190 377
190 418
190 459
190 488
190 492
190 499
191 122
191 143
191 196
191 264
191 320
191 391
191 413
192 43
192 52
192 92
192 102
192 137
192 189
192 227
192 283
192 286
192 369
192 402
192 432
192 459
193 5
193 89
193 108
193 112
193 160
193 177
193 235
193 287
193 290
193 354
193 356
193 381
193 404
193 412
193 428
193 431
193 471
194 53
194 55
194 142
194 162
194 163
194 286
194 360
195 3
195 92
195 120
195 156
195 179
195 185
195 219
195 282
195 328
196 4
196 28
196 31
196 42
196 128
196 191
196 256
196 267
196 282
196 284
196 371
196 430
196 438
196 492
197 6
197 25
197 43
197 62
197 104
197 137
197 172
197 289
197 308
197 319
197 353
197 391
197 446
198 12
198 43
198 46
198 69
198 70
198 129
198 204
198 220
198 221
198 222
198 257
198 260
198 322
198 398
198 446
198 471
199 5
199 6
199 79
199 122
199 139
199 152
199 161
199 180
199 204
199 246
199 297
199 307
199 328
199 334
199 446
200 3
200 95
200 133
200 147
200 425
201 47
201 72
201 85
201 124
201 142
201 164
201 224
201 243
201 343
201 347
201 386
201 437
201 478
202 38
202 99
202 107
202 114
202 129
202 144
202 225
202 260
202 335
202 488
202 498
203 3
203 33
203 52
203 69
203 110
203 184
203 223
203 254
203 255
203 349
203 364
203 384
203 407
204 0
204 2
204 3
204 4
204 25
204 44
204 50
204 60
204 120
204 136
204 141
204 198
204 199
204 233
204 267
204 274
204 297
204 319
204 333
204 337
204 372
204 409
205 86
205 107
205 110
205 219
205 229
205 235
205 319
205 328
205 357
205 359
205 369
205 406
205 451
206 5
206 11
206 16
206 24
206 50
206 69
206 86
206 98
206 134
206 244
206 348
206 406
206 447
206 473
206 484
207 11
207 14
207 81
207 104
207 134
207 139
207 310
207 311
207 361
207 372
207 404
207 406
207 412
207 468
208 179
208 264
208 285
208 369
208 383
208 410
208 450
208 473
208 492
209 120
209 130
209 226
209 284
209 355
209 371
209 421
209 498
210 25
210 57
210 60
210 80
210 105
210 155
210 296
210 301
210 314
210 342
210 380
210 413
210 451
210 469
210 473
210 483
211 158
211 166
211 172
211 227
211 242
211 262
211 294
211 498
212 6
212 19
212 35
212 252
212 274
212 290
212 314
212 396
212 408
212 478
213 5
213 6
213 47
213 50
213 99
213 119
213 133
213 182
213 214
213 227
213 254
213 345
213 366
213 391
213 394
213 420
213 432
213 459
213 491
213 492
214 57
214 64
214 162
214 186
214 213
214 279
214 289
214 302
214 369
214 421
214 461
214 493
215 122
215 168
215 237
215 244
215 353
215 394
215 412
215 442
215 455
216 35
216 76
216 234
216 242
216 277
216 335
216 352
216 386
216 398
216 434
216 438
217 14
217 35
217 46
217 54
217 77
217 90
217 142
217 154
217 170
217 179
217 285
217 327
217 333
217 365
218 3
218 19
218 23
218 24
218 72
218 125
218 145
218 158
218 182
218 262
218 364
218 371
218 382
219 30
219 45
219 58
219 59
219 129
219 141
219 146
219 195
219 205
219 295
219 324
219 339
219 364
219 383
219 451
219 456
220 20
220 64
220 80
220 87
220 119
220 134
220 147
220 198
220 255
220 299
220 333
220 345
220 412
221 20
221 76
221 109
221 198
221 228
221 249
221 255
221 259
221 288
221 323
221 386
221 408
221 411
221 428
221 499
222 131
222 184
222 198
222 263
222 266
222 324
222 341
222 343
222 366
222 434
222 457
222 468
222 471
222 472
223 16
223 26
223 62
223 81
223 102
223 135
223 148
223 162
223 203
223 226
223 285
223 354
223 482
224 17
224 19
224 52
224 87
224 138
224 201
224 329
224 351
224 387
225 4
225 85
225 88
225 146
225 163
225 202
225 242
225 295
225 309
225 413
225 466
226 29
226 147
226 160
226 177
226 180
226 182
226 209
226 223
226 347
226 352
226 355
226 418
226 452
226 484
226 490
227 100
227 170
227 192
227 211
227 213
227 228
227 277
227 295
227 312
227 341
227 415
227 445
228 20
228 85
228 88
228 121
228 123
228 136
228 140
228 221
228 227
228 277
228 303
228 319
228 351
228 401
229 48
229 170
229 205
229 246
229 296
229 334
229 351
229 428
229 485
230 65
230 88
230 102
230 132
230 150
230 380
230 390
230 442
230 448
230 449
231 11
231 14
231 16
231 30
231 49
231 170
231 244
231 327
231 364
231 452
232 60
232 176
232 233
232 264
232 376
232 394
232 414
232 418
232 474
232 477
232 494
233 11
233 32
233 41
233 71
233 78
233 122
233 123
233 204
233 232
233 340
233 386
233 406
233 414
233 424
234 50
234 102
234 176
234 216
234 264
234 275
234 325
234 455
234 458
235 74
235 81
235 85
235 88
235 147
235 148
235 149
235 193
235 205
235 281
235 283
235 347
235 392
235 449
235 466
235 499
236 22
236 86
236 318
236 381
236 457
236 488
237 7
237 33
237 46
237 84
237 115
237 160
237 215
237 420
237 453
237 455
237 482
238 43
238 89
238 117
238 180
238 181
238 250
238 260
238 353
238 359
238 363
238 370
238 374
238 448
239 112
239 133
239 145
239 258
239 259
239 262
239 268
239 322
239 476
240 1
240 2
240 35
240 124
240 126
240 138
240 145
240 176
240 180
240 265
240 277
240 340
240 376
240 458
241 46
241 68
241 103
241 122
241 256
241 324
241 341
241 485
242 104
242 113
242 211
242 216
242 225
242 321
242 342
242 346
242 360
242 374
243 6
243 14
243 19
243 84
243 90
243 123
243 169
243 201
243 253
243 332
243 357
243 453
244 9
244 89
244 92
244 133
244 168
244 206
244 215
244 231
244 272
244 325
244 368
244 390
244 394
244 409
244 414
245 112
245 170
245 261
245 279
245 289
245 323
245 413
245 426
245 468
246 57
246 107
246 135
246 165
246 190
246 199
246 229
246 284
246 329
246 341
246 433
246 437
246 443
247 2
247 19
247 22
247 56
247 82
247 145
247 152
247 163
247 165
247 172
247 300
247 302
247 494
248 23
248 26
248 41
248 53
248 60
248 101
248 121
248 140
248 166
248 174
248 175
248 300
248 323
248 328
248 360
248 381
248 402
248 464
249 25
249 34
249 50
249 94
249 121
249 146
249 155
249 221
249 277
249 327
249 341
249 471
249 472
250 47
250 121
250 153
250 171
250 178
250 238
250 264
250 280
250 285
250 307
250 311
250 362
250 397
250 400
250 401
250 434
250 453
250 456
251 26
251 92
251 154
251 174
251 188
251 190
251 265
251 274
251 449
251 461
252 141
252 151
252 175
252 186
252 212
252 284
252 369
252 391
252 392
252 444
253 28
253 33
253 156
253 164
253 243
253 298
253 391
253 398
253 438
253 444
253 461
254 5
254 56
254 71
254 77
254 167
254 169
254 203
254 213
254 261
254 264
254 386
254 466
255 29
255 96
255 148
255 149
255 153
255 167
255 203
255 220
255 221
255 258
255 268
255 313
255 324
255 403
256 18
256 49
256 53
256 83
256 100
256 109
256 124
256 184
256 196
256 241
256 286
256 360
256 364
256 437
256 471
257 15
257 47
257 92
257 163
257 168
257 178
257 198
257 299
257 352
257 426
257 459
257 469
257 471
258 0
258 33
258 52
258 79
258 165
258 239
258 255
258 259
258 271
258 292
258 386
258 460
258 468
258 499
259 24
259 58
259 162
259 221
259 239
259 258
259 285
259 315
259 348
259 473
260 69
260 83
260 150
260 172
260 189
260 198
260 202
260 238
260 363
260 373
260 387
260 425
260 427
260 486
261 57
261 80
261 89
261 130
261 144
261 147
261 245
261 254
261 293
261 328
262 5
262 80
262 103
262 117
262 124
262 184
262 211
262 218
262 239
262 302
262 306
262 347
262 392
262 418
262 421
262 432
262 460
262 487
263 78
263 98
263 189
263 222
263 314
263 336
263 371
263 378
263 391
263 395
263 401
263 447
263 450
263 460
264 37
264 152
264 173
264 185
264 191
264 208
264 232
264 234
264 250
264 254
264 284
264 460
264 492
265 63
265 79
265 114
265 159
265 183
265 240
265 251
265 302
265 387
265 400
265 409
265 412
265 413
265 431
266 53
266 54
266 75
266 155
266 174
266 222
266 279
266 296
266 447
266 488
267 31
267 62
267 100
267 196
267 204
267 298
267 309
267 349
267 372
267 400
267 413
267 417
267 453
268 21
268 48
268 56
268 70
268 110
268 152
268 168
268 239
268 255
268 355
268 431
268 484
269 92
269 173
269 183
269 288
269 296
269 374
269 415
269 435
269 492
269 494
270 10
270 31
270 45
270 124
270 161
270 173
270 188
270 339
270 382
270 474
270 494
271 148
271 258
271 278
271 297
271 359
272 112
272 153
272 178
272 244
272 325
272 417
272 429
272 457
272 467
273 304
273 338
274 49
274 59
274 204
274 212
274 251
274 353
274 428
274 456
274 465
274 493
275 14
275 24
275 35
275 73
275 125
275 154
275 173
275 234
275 287
275 421
275 484
276 23
276 27
276 39
276 51
276 281
276 320
276 352
276 355
276 365
276 381
276 405
276 419
276 455
276 482
277 6
277 51
277 111
277 166
277 216
277 227
277 228
277 240
277 249
277 299
277 338
277 363
277 369
277 460
278 2
278 3
278 103
278 169
278 271
278 392
278 410
278 416
279 19
279 67
279 117
279 155
279 214
279 245
279 266
279 374
279 378
280 180
280 250
280 306
280 309
280 311
280 316
280 337
280 364
280 377
280 399
280 405
280 417
280 421
280 434
280 464
280 487
281 67
281 96
281 146
281 188
281 235
281 276
281 328
281 331
281 490
282 0
282 96
282 133
282 139
282 195
282 196
282 294
282 322
282 323
282 330
282 336
282 340
282 413
283 36
283 144
283 167
283 174
283 185
283 192
283 235
283 288
283 292
283 320
283 345
283 357
283 413
283 441
283 467
284 12
284 29
284 64
284 89
284 117
284 136
284 196
284 209
284 246
284 252
284 264
284 333
284 345
284 371
284 373
284 413
284 416
285 50
285 76
285 106
285 138
285 208
285 217
285 223
285 250
285 259
285 322
285 370
285 445
285 495
286 37
286 60
286 88
286 103
286 130
286 187
286 192
286 194
286 256
286 312
286 314
286 382
286 412
286 441
286 475
286 489
286 493
287 92
287 146
287 182
287 193
287 275
287 370
287 418
287 442
287 457
287 469
288 82
288 103
288 120
288 148
288 160
288 221
288 269
288 283
288 346
288 369
288 399
289 108
289 167
289 178
289 197
289 214
289 245
289 318
289 321
289 391
289 419
289 447
290 19
290 37
290 168
290 193
290 212
290 330
290 340
290 359
290 368
290 380
290 405
290 433
290 487
291 43
291 48
291 85
291 183
291 309
291 311
291 341
291 381
291 406
291 430
291 444
292 56
292 73
292 126
292 258
292 283
292 340
292 342
292 343
292 350
292 357
292 421
292 442
292 445
293 128
293 145
293 261
293 329
293 398
293 425
293 445
294 19
294 211
294 282
295 56
295 86
295 117
295 124
295 152
295 219
295 225
295 227
295 296
295 306
295 374
295 406
295 446
295 478
296 13
296 46
296 105
296 210
296 229
296 266
296 269
296 295
296 390
296 456
296 494
296 498
297 18
297 48
297 69
297 74
297 180
297 199
297 204
297 271
297 311
297 332
297 405
297 406
298 13
298 14
298 34
298 55
298 108
298 253
298 267
298 371
298 380
298 400
298 418
298 431
298 477
298 486
299 37
299 44
299 52
299 63
299 72
299 78
299 220
299 257
299 277
299 343
299 369
299 431
299 457
300 19
300 28
300 64
300 82
300 137
300 169
300 178
300 247
300 248
300 374
300 427
300 428
301 37
301 58
301 210
301 385
301 400
302 116
302 133
302 214
302 247
302 262
302 265
302 342
302 355
303 24
303 29
303 36
303 37
303 95
303 100
303 106
303 112
303 152
303 228
303 342
303 348
303 369
303 377
303 436
303 443
303 456
303 466
304 32
304 114
304 119
304 121
304 167
304 273
304 344
304 400
304 443
304 444
305 80
305 99
305 110
305 153
305 154
305 173
305 188
305 308
305 376
305 393
305 394
305 463
305 485
306 42
306 75
306 100
306 262
306 280
306 295
306 405
306 449
306 467
306 484
307 44
307 90
307 199
307 250
307 365
307 397
307 434
307 436
307 438
307 446
307 451
307 465
307 467
307 489
308 17
308 71
308 177
308 197
308 305
308 325
308 374
308 387
309 77
309 225
309 267
309 280
309 291
309 342
309 364
309 379
309 428
309 460
309 465
310 11
310 12
310 24
310 99
310 107
310 114
310 120
310 130
310 160
310 207
310 335
310 337
310 355
310 361
310 424
311 14
311 24
311 51
311 126
311 138
311 207
311 250
311 280
311 291
311 297
311 393
311 441
312 40
312 54
312 106
312 153
312 227
312 286
312 349
312 444
312 456
313 27
313 30
313 87
313 88
313 100
313 136
313 173
313 255
313 326
313 329
313 358
313 413
313 419
313 420
313 450
313 472
313 485
314 42
314 72
314 79
314 210
314 212
314 263
314 286
314 341
314 446
315 42
315 47
315 72
315 259
315 349
315 399
315 481
315 485
316 9
316 23
316 72
316 83
316 101
316 110
316 146
316 176
316 280
316 350
316 392
316 404
316 479
316 490
317 8
317 15
317 25
317 77
317 175
317 184
317 323
317 349
317 453
317 476
317 490
318 4
318 18
318 70
318 146
318 163
318 164
318 236
318 289
318 334
318 388
318 412
318 447
318 469
318 494
319 13
319 42
319 95
319 98
319 197
319 204
319 205
319 228
319 341
319 411
319 428
319 446
319 476
320 34
320 121
320 131
320 133
320 191
320 276
320 283
320 327
320 343
320 361
320 366
320 436
321 13
321 61
321 70
321 111
321 123
321 157
321 242
321 289
321 462
322 0
322 6
322 55
322 80
322 84
322 138
322 178
322 198
322 239
322 282
322 285
322 392
322 399
322 412
322 422
322 470
323 52
323 53
323 89
323 121
323 186
323 221
323 245
323 248
323 282
323 317
323 363
323 399
323 406
323 413
323 484
324 20
324 81
324 86
324 112
324 140
324 186
324 219
324 222
324 241
324 255
324 353
324 457
324 469
324 470
324 473
324 486
325 15
325 88
325 107
325 176
325 180
325 234
325 244
325 272
325 308
325 342
325 361
325 369
325 374
325 379
325 400
325 419
325 464
326 21
326 41
326 92
326 98
326 181
326 313
326 350
326 402
326 422
326 427
326 435
326 438
326 488
327 17
327 36
327 50
327 74
327 77
327 109
327 148
327 163
327 166
327 217
327 231
327 249
327 320
327 331
327 374
327 378
327 465
328 24
328 26
328 40
328 51
328 143
328 156
328 179
328 180
328 187
328 195
328 199
328 205
328 248
328 261
328 281
328 384
328 423
329 18
329 29
329 66
329 69
329 152
329 165
329 224
329 246
329 293
329 313
329 380
329 385
329 477
330 80
330 128
330 166
330 282
330 290
330 374
330 381
330 452
330 472
331 3
331 21
331 64
331 118
331 120
331 140
331 156
331 281
331 327
331 346
331 379
331 383
331 390
331 428
331 460
331 478
331 481
331 487
332 66
332 243
332 297
332 337
332 347
332 348
332 367
332 485
333 70
333 133
333 142
333 204
333 217
333 220
333 284
333 363
333 397
333 445
333 478
334 42
334 78
334 116
334 161
334 163
334 199
334 229
334 318
334 445
334 455
334 462
335 19
335 24
335 62
335 83
335 190
335 202
335 216
335 310
335 418
336 5
336 13
336 18
336 145
336 146
336 182
336 263
336 282
336 353
336 419
336 437
336 447
336 465
337 5
337 29
337 49
337 59
337 120
337 204
337 280
337 310
337 332
337 350
337 382
337 403
337 416
337 424
337 450
337 451
337 498
338 13
338 15
338 74
338 127
338 273
338 277
338 368
338 444
338 464
339 1
339 18
339 29
339 40
339 43
339 44
339 180
339 185
339 219
339 270
339 345
339 352
339 378
339 396
340 25
340 151
340 233
340 240
340 282
340 290
340 292
340 350
340 352
340 382
340 437
340 449
340 493
341 106
341 133
341 222
341 227
341 241
341 246
341 249
341 291
341 314
341 319
341 398
342 27
342 30
342 158
342 210
342 242
342 292
342 302
342 303
342 309
342 325
342 365
342 403
342 408
342 413
343 14
343 41
343 70
343 201
343 222
343 292
343 299
343 320
343 366
343 388
343 419
343 435
343 442
343 444
343 479
344 304
344 346
344 400
344 428
344 447
344 470
345 70
345 157
345 169
345 175
345 213
345 220
345 283
345 284
345 339
345 368
345 499
346 13
346 31
346 75
346 79
346 117
346 134
346 143
346 171
346 242
346 288
346 331
346 344
346 365
346 439
346 442
346 460
347 7
347 118
347 128
347 201
347 226
347 235
347 262
347 332
347 349
347 419
347 435
347 445
348 24
348 47
348 74
348 114
348 117
348 119
348 164
348 206
348 259
348 303
348 332
348 350
348 446
348 462
348 467
348 470
349 20
349 47
349 62
349 72
349 203
349 267
349 312
349 315
349 317
349 347
349 405
349 425
349 445
349 448
349 475
349 495
350 21
350 75
350 88
350 185
350 292
350 316
350 326
350 337
350 340
350 348
350 368
350 374
350 381
350 395
350 460
350 479
351 34
351 85
351 103
351 224
351 228
351 229
351 425
351 440
351 446
352 35
352 165
352 216
352 226
352 257
352 276
352 339
352 340
352 427
353 7
353 20
353 64
353 108
353 178
353 197
353 215
353 238
353 274
353 324
353 336
353 400
353 468
353 495
354 143
354 167
354 193
354 223
354 499
355 4
355 13
355 15
355 29
355 36
355 81
355 85
355 111
355 209
355 226
355 268
355 276
355 302
355 310
355 381
355 382
355 460
355 468
356 9
356 13
356 42
356 78
356 132
356 145
356 167
356 189
356 193
356 388
356 389
356 390
356 452
356 459
356 461
356 490
356 492
356 493
357 56
357 66
357 83
357 121
357 138
357 147
357 165
357 168
357 205
357 243
357 283
357 292
357 414
358 12
358 92
358 152
358 313
358 366
358 373
358 382
358 406
358 418
358 460
359 7
359 28
359 38
359 102
359 113
359 169
359 205
359 238
359 271
359 290
359 385
359 391
359 457
359 490
360 49
360 72
360 132
360 194
360 242
360 248
360 256
360 364
360 372
360 375
360 384
360 410
360 421
360 456
360 497
361 18
361 171
361 173
361 207
361 310
361 320
361 325
361 380
361 406
362 70
362 79
362 86
362 90
362 102
362 105
362 149
362 250
362 379
362 394
362 406
362 461
363 12
363 19
363 20
363 22
363 67
363 90
363 100
363 120
363 125
363 238
363 260
363 277
363 323
363 333
363 399
363 485
363 490
364 100
364 102
364 203
364 218
364 219
364 231
364 256
364 280
364 309
364 360
364 401
364 461
365 26
365 112
365 126
365 160
365 161
365 169
365 217
365 276
365 307
365 342
365 346
365 389
365 399
365 452
365 460
365 466
365 471
366 171
366 213
366 222
366 320
366 343
366 358
366 405
366 451
366 490
367 64
367 86
367 140
367 155
367 169
367 182
367 188
367 190
367 332
367 462
368 7
368 54
368 66
368 69
368 123
368 130
368 140
368 244
368 290
368 338
368 345
368 350
368 387
368 415
368 497
369 36
369 54
369 142
369 171
369 174
369 192
369 205
369 208
369 214
369 252
369 277
369 288
369 299
369 303
369 325
369 387
369 390
369 416
369 455
370 20
370 52
370 73
370 162
370 238
370 285
370 287
370 495
371 3
371 91
371 134
371 144
371 163
371 169
371 196
371 209
371 218
371 263
371 284
371 298
371 436
371 443
371 495
371 499
372 1
372 58
372 72
372 123
372 134
372 150
372 204
372 207
372 267
372 360
372 462
372 479
373 30
373 43
373 47
373 102
373 146
373 189
373 260
373 284
373 358
373 390
373 407
373 436
373 438
373 442
373 484
374 0
374 27
374 90
374 99
374 167
374 238
374 242
374 269
374 279
374 295
374 300
374 308
374 325
374 327
374 330
374 350
374 381
374 391
374 421
374 424
374 465
374 468
375 2
375 46
375 58
375 61
375 94
375 102
375 171
375 360
375 442
375 459
375 482
376 25
376 73
376 90
376 123
376 124
376 189
376 232
376 240
376 305
376 381
376 417
376 481
377 29
377 30
377 46
377 69
377 108
377 190
377 280
377 303
377 379
377 457
378 5
378 78
378 81
378 186
378 263
378 279
378 327
378 339
378 476
378 479
379 81
379 83
379 113
379 126
379 164
379 309
379 325
379 331
379 362
379 377
379 384
379 432
380 38
380 76
380 83
380 120
380 146
380 210
380 230
380 290
380 298
380 329
380 361
380 392
380 467
380 497
380 499
381 51
381 52
381 104
381 175
381 193
381 236
381 248
381 276
381 291
381 330
381 350
381 355
381 374
381 376
381 434
381 441
381 460
381 479
381 487
382 31
382 60
382 172
382 183
382 184
382 187
382 218
382 270
382 286
382 337
382 340
382 355
382 358
382 491
383 11
383 18
383 25
383 65
383 208
383 219
383 331
383 422
384 16
384 32
384 35
384 71
384 87
384 144
384 174
384 203
384 328
384 360
384 379
384 391
384 395
384 406
385 28
385 42
385 104
385 156
385 301
385 329
385 359
385 494
386 26
386 44
386 73
386 79
386 90
386 126
386 201
386 216
386 221
386 233
386 254
386 258
386 404
386 455
386 464
386 493
387 4
387 80
387 139
387 167
387 224
387 260
387 265
387 308
387 368
387 369
387 388
387 449
387 469
387 494
388 0
388 15
388 16
388 44
388 60
388 77
388 82
388 135
388 189
388 318
388 343
388 356
388 387
388 404
388 407
388 467
389 27
389 30
389 51
389 62
389 70
389 123
389 124
389 174
389 356
389 365
389 405
389 417
389 461
389 467
390 134
390 181
390 230
390 244
390 296
390 331
390 356
390 369
390 373
390 396
391 69
391 78
391 168
391 191
391 197
391 213
391 252
391 253
391 263
391 289
391 359
391 374
391 384
391 424
391 445
391 467
392 27
392 72
392 189
392 235
392 252
392 262
392 278
392 316
392 322
392 380
392 395
392 397
392 475
393 3
393 29
393 305
393 311
393 466
394 10
394 29
394 53
394 97
394 104
394 213
394 215
394 232
394 244
394 305
394 362
394 399
394 462
394 471
394 476
394 483
395 9
395 55
395 63
395 77
395 85
395 120
395 166
395 263
395 350
395 384
395 392
395 432
396 96
396 104
396 154
396 182
396 212
396 339
396 390
396 415
397 33
397 67
397 133
397 250
397 307
397 333
397 392
397 399
397 426
397 432
397 464
398 8
398 21
398 33
398 48
398 49
398 55
398 72
398 89
398 131
398 153
398 168
398 198
398 216
398 253
398 293
398 341
399 9
399 24
399 50
399 83
399 142
399 149
399 156
399 163
399 172
399 280
399 288
399 315
399 322
399 323
399 363
399 365
399 394
399 397
399 401
399 428
399 480
399 486
399 494
400 9
400 250
400 265
400 267
400 298
400 301
400 304
400 325
400 344
400 353
401 24
401 76
401 228
401 250
401 263
401 364
401 399
401 417
401 418
401 449
402 6
402 67
402 173
402 192
402 248
402 326
402 409
403 8
403 46
403 51
403 156
403 255
403 337
403 342
403 414
403 450
403 461
403 472
403 479
404 46
404 125
404 193
404 207
404 316
404 386
404 388
404 405
404 451
404 465
404 479
404 495
405 10
405 11
405 16
405 32
405 115
405 276
405 280
405 290
405 297
405 306
405 349
405 366
405 389
405 404
405 440
406 78
406 79
406 82
406 205
406 206
406 207
406 233
406 291
406 295
406 297
406 323
406 358
406 361
406 362
406 384
406 449
407 62
407 100
407 108
407 113
407 126
407 203
407 373
407 388
407 409
407 428
407 446
407 461
407 495
408 7
408 50
408 55
408 64
408 90
408 151
408 212
408 221
408 342
408 426
408 438
409 14
409 40
409 56
409 74
409 77
409 81
409 83
409 104
409 140
409 154
409 204
409 244
409 265
409 402
409 407
409 423
409 452
409 462
409 481
410 39
410 49
410 53
410 64
410 88
410 115
410 139
410 141
410 179
410 187
410 208
410 278
410 360
410 475
411 6
411 26
411 57
411 103
411 138
411 176
411 186
411 221
411 319
411 442
411 445
411 494
412 27
412 49
412 124
412 164
412 189
412 193
412 207
412 215
412 220
412 265
412 286
412 318
412 322
412 466
413 20
413 33
413 142
413 147
413 167
413 191
413 210
413 225
413 245
413 265
413 267
413 282
413 283
413 284
413 313
413 323
413 342
413 422
413 462
414 79
414 95
414 106
414 112
414 232
414 233
414 244
414 357
414 403
414 419
414 423
414 434
414 462
414 476
415 17
415 21
415 90
415 99
415 138
415 152
415 165
415 227
415 269
415 368
415 396
416 45
416 96
416 136
416 140
416 278
416 284
416 337
416 369
416 435
417 1
417 124
417 149
417 267
417 272
417 280
417 376
417 389
417 401
418 33
418 53
418 61
418 76
418 100
418 132
418 173
418 190
418 226
418 232
418 262
418 287
418 298
418 335
418 358
418 401
418 437
418 487
419 15
419 127
419 147
419 276
419 289
419 313
419 325
419 336
419 343
419 347
419 414
419 453
420 47
420 131
420 150
420 186
420 213
420 237
420 313
421 6
421 37
421 44
421 50
421 137
421 161
421 209
421 214
421 262
421 275
421 280
421 292
421 360
421 374
421 431
421 443
421 447
421 469
422 13
422 45
422 55
422 71
422 143
422 322
422 326
422 383
422 413
422 441
422 479
423 5
423 52
423 64
423 130
423 328
423 409
423 414
423 458
423 483
424 22
424 68
424 106
424 117
424 233
424 310
424 337
424 374
424 391
424 487
425 122
425 132
425 138
425 140
425 163
425 180
425 200
425 260
425 293
425 349
425 351
425 474
425 483
426 15
426 87
426 151
426 245
426 257
426 397
426 408
426 440
427 27
427 40
427 102
427 117
427 145
427 163
427 260
427 300
427 326
427 352
428 27
428 51
428 60
428 80
428 114
428 120
428 193
428 221
428 229
428 274
428 300
428 309
428 319
428 331
428 344
428 399
428 407
428 436
428 445
428 446
428 496
428 499
429 272
430 8
430 95
430 162
430 196
430 291
430 467
431 32
431 69
431 82
431 158
431 193
431 265
431 268
431 298
431 299
431 421
432 37
432 70
432 120
432 192
432 213
432 262
432 379
432 395
432 397
433 17
433 18
433 47
433 61
433 140
433 178
433 186
433 246
433 290
433 434
433 466
433 472
434 15
434 32
434 65
434 216
434 222
434 250
434 280
434 307
434 381
434 414
434 433
435 125
435 138
435 269
435 326
435 343
435 347
435 416
435 442
435 463
436 3
436 24
436 32
436 48
436 78
436 83
436 93
436 103
436 303
436 307
436 320
436 371
436 373
436 428
436 475
437 146
437 149
437 176
437 201
437 246
437 256
437 336
437 340
437 418
437 461
438 4
438 41
438 122
438 140
438 196
438 216
438 253
438 307
438 326
438 373
438 408
438 459
439 96
439 144
439 172
439 173
439 346
439 441
440 26
440 47
440 70
440 79
440 85
440 122
440 157
440 178
440 351
440 405
440 426
440 471
440 482
440 490
441 101
441 104
441 105
441 130
441 142
441 283
441 286
441 311
441 381
441 422
441 439
441 442
441 461
441 485
442 18
442 40
442 45
442 46
442 51
442 63
442 73
442 175
442 215
442 230
442 287
442 292
442 343
442 346
442 373
442 375
442 411
442 435
442 441
442 482
443 44
443 61
443 85
443 101
443 141
443 246
443 303
443 304
443 371
443 421
444 24
444 108
444 154
444 157
444 186
444 252
444 253
444 291
444 304
444 312
444 338
444 343
444 494
445 25
445 39
445 81
445 177
445 181
445 227
445 285
445 292
445 293
445 333
445 334
445 347
445 349
445 391
445 411
445 428
445 461
446 94
446 115
446 166
446 172
446 197
446 198
446 199
446 295
446 307
446 314
446 319
446 348
446 351
446 407
446 428
446 478
447 30
447 59
447 60
447 85
447 100
447 164
447 206
447 263
447 266
447 289
447 318
447 336
447 344
447 421
447 451
447 476
447 485
448 57
448 75
448 166
448 185
448 230
448 238
448 349
448 472
449 21
449 27
449 83
449 177
449 230
449 235
449 251
449 306
449 340
449 387
449 401
449 406
449 454
449 498
450 15
450 42
450 45
450 82
450 118
450 140
450 172
450 179
450 208
450 263
450 313
450 337
450 403
450 469
451 12
451 23
451 82
451 83
451 184
451 205
451 210
451 219
451 307
451 337
451 366
451 404
451 447
451 464
451 481
452 60
452 157
452 168
452 226
452 231
452 330
452 356
452 365
452 409
452 487
453 18
453 48
453 69
453 83
453 96
453 237
453 243
453 250
453 267
453 317
453 419
453 463
453 495
454 7
454 37
454 58
454 81
454 82
454 146
454 178
454 449
454 485
454 495
455 171
455 174
455 215
455 234
455 237
455 276
455 334
455 369
455 386
455 460
456 36
456 54
456 86
456 93
456 94
456 104
456 131
456 132
456 146
456 219
456 250
456 274
456 296
456 303
456 312
456 360
457 31
457 53
457 85
457 133
457 222
457 236
457 272
457 287
457 299
457 324
457 359
457 377
458 2
458 16
458 21
458 61
458 113
458 147
458 162
458 182
458 234
458 240
458 423
458 471
458 473
458 482
458 488
459 16
459 20
459 62
459 173
459 190
459 192
459 213
459 257
459 356
459 375
459 438
459 485
460 3
460 21
460 32
460 52
460 73
460 115
460 142
460 258
460 262
460 263
460 264
460 277
460 309
460 331
460 346
460 350
460 355
460 358
460 365
460 381
460 455
461 5
461 86
461 156
461 174
461 214
461 251
461 253
461 356
461 362
461 364
461 389
461 403
461 407
461 437
461 441
461 445
461 466
461 476
462 14
462 41
462 83
462 177
462 321
462 334
462 348
462 367
462 372
462 394
462 409
462 413
462 414
462 470
462 472
462 483
463 128
463 149
463 305
463 435
463 453
463 491
464 29
464 42
464 50
464 111
464 129
464 159
464 185
464 248
464 280
464 325
464 338
464 386
464 397
464 451
465 0
465 65
465 78
465 118
465 142
465 146
465 155
465 185
465 274
465 307
465 309
465 327
465 336
465 374
465 404
466 141
466 170
466 225
466 235
466 254
466 303
466 365
466 393
466 412
466 433
466 461
466 479
466 480
467 8
467 22
467 46
467 84
467 272
467 283
467 306
467 307
467 348
467 380
467 388
467 389
467 391
467 430
468 0
468 15
468 32
468 54
468 72
468 86
468 119
468 120
468 207
468 222
468 245
468 258
468 353
468 355
468 374
469 26
469 39
469 42
469 59
469 111
469 175
469 210
469 257
469 287
469 318
469 324
469 387
469 421
469 450
469 475
470 35
470 58
470 72
470 322
470 324
470 344
470 348
470 462
471 2
471 61
471 115
471 140
471 179
471 193
471 198
471 222
471 249
471 256
471 257
471 365
471 394
471 440
471 458
472 76
472 121
472 161
472 169
472 222
472 249
472 313
472 330
472 403
472 433
472 448
472 462
473 112
473 206
473 208
473 210
473 259
473 324
473 458
474 7
474 129
474 130
474 146
474 157
474 232
474 270
474 425
474 486
475 62
475 124
475 132
475 140
475 151
475 286
475 349
475 392
475 410
475 436
475 469
475 494
476 35
476 42
476 59
476 136
476 187
476 239
476 317
476 319
476 378
476 394
476 414
476 447
476 461
476 486
477 158
477 173
477 232
477 298
477 329
477 489
478 57
478 69
478 111
478 156
478 171
478 201
478 212
478 295
478 331
478 333
478 446
478 498
479 50
479 67
479 95
479 141
479 155
479 316
479 343
479 350
479 372
479 378
479 381
479 403
479 404
479 422
479 466
479 498
480 56
480 137
480 399
480 466
480 483
481 23
481 124
481 315
481 331
481 376
481 409
481 451
482 6
482 10
482 31
482 132
482 223
482 237
482 276
482 375
482 440
482 442
482 458
483 39
483 72
483 116
483 132
483 148
483 170
483 210
483 394
483 423
483 425
483 462
483 480
484 20
484 21
484 142
484 206
484 226
484 268
484 275
484 306
484 323
484 373
484 497
485 34
485 96
485 110
485 144
485 148
485 157
485 176
485 229
485 241
485 305
485 313
485 315
485 332
485 363
485 441
485 447
485 454
485 459
486 8
486 26
486 167
486 260
486 298
486 324
486 399
486 474
486 476
486 497
487 3
487 4
487 29
487 59
487 67
487 173
487 262
487 280
487 290
487 331
487 381
487 418
487 424
487 452
488 69
488 90
488 179
488 190
488 202
488 236
488 266
488 326
488 458
489 42
489 82
489 137
489 151
489 179
489 286
489 307
489 477
490 1
490 46
490 57
490 98
490 143
490 160
490 176
490 226
490 281
490 316
490 317
490 356
490 359
490 363
490 366
490 440
491 59
491 60
491 61
491 101
491 213
491 382
491 463
492 55
492 190
492 196
492 208
492 213
492 264
492 269
492 356
493 31
493 70
493 109
493 140
493 147
493 169
493 214
493 274
493 286
493 340
493 356
493 386
494 62
494 84
494 130
494 168
494 232
494 247
494 269
494 270
494 296
494 318
494 385
494 387
494 399
494 411
494 444
494 475
495 7
495 20
495 28
495 82
495 96
495 165
495 169
495 175
495 285
495 349
495 353
495 370
495 371
495 404
495 407
495 453
495 454
496 62
496 102
496 428
497 82
497 96
497 360
497 368
497 380
497 484
497 486
498 65
498 180
498 202
498 209
498 211
498 296
498 337
498 449
498 478
498 479
499 6
499 20
499 49
499 61
499 65
499 69
499 79
499 86
499 112
499 139
499 190
499 221
499 235
499 258
499 345
499 354
499 371
499 380
499 428