200 1943
0 5
0 26
0 32
0 48
0 49
0 67
0 75
0 81
0 96
0 97
0 102
0 106
0 107
0 111
0 123
0 129
0 136
0 146
0 162
0 166
0 171
0 178
0 180
0 195
0 196
1 7
1 10
1 18
1 26
1 42
1 48
1 71
1 80
1 87
1 88
1 124
1 133
1 139
1 157
1 158
1 161
1 179
1 189
1 191
2 21
2 40
2 47
2 55
2 59
2 61
2 71
2 82
2 94
2 100
2 103
2 122
2 126
2 130
2 143
2 158
2 173
2 179
2 189
3 9
3 13
3 40
3 43
3 49
3 60
3 64
3 66
3 77
3 78
3 82
3 89
3 100
3 141
3 143
3 144
3 146
3 157
3 159
3 160
3 161
3 170
3 179
3 182
4 13
4 27
4 57
4 61
4 69
4 70
4 76
4 79
4 83
4 94
4 104
4 127
4 146
4 148
4 150
4 160
4 174
5 0
5 6
5 26
5 28
5 32
5 38
5 61
5 64
5 69
5 74
5 89
5 93
5 99
5 162
5 192
6 5
6 11
6 19
6 22
6 26
6 41
6 42
6 50
6 55
6 86
6 105
6 112
6 132
6 147
6 178
6 184
7 1
7 22
7 32
7 34
7 36
7 40
7 56
7 63
7 64
7 91
7 95
7 146
7 158
7 168
7 190
7 199
8 43
8 47
8 64
8 81
8 102
8 115
8 119
8 142
8 154
8 168
8 169
8 183
9 3
9 10
9 11
9 14
9 18
9 20
9 22
9 42
9 57
9 69
9 70
9 71
9 85
9 116
9 120
9 130
9 138
9 144
9 146
9 158
9 161
9 166
9 172
9 180
9 184
9 188
9 197
9 199
10 1
10 9
10 19
10 37
10 44
10 48
10 70
10 84
10 88
10 98
10 101
10 115
10 131
10 143
10 155
10 168
10 173
10 176
10 196
11 6
11 9
11 13
11 16
11 17
11 20
11 35
11 44
11 63
11 69
11 71
11 83
11 92
11 99
11 127
11 144
11 159
11 169
11 174
11 195
11 199
12 23
12 27
12 30
12 55
12 68
12 73
12 77
12 79
12 89
12 98
12 104
12 118
12 119
12 126
12 136
12 137
12 155
12 168
12 171
12 180
12 185
12 195
12 196
13 3
13 4
13 11
13 17
13 21
13 35
13 38
13 47
13 48
13 52
13 66
13 77
13 80
13 85
13 86
13 105
13 111
13 118
13 130
13 143
13 155
13 156
13 160
13 183
14 9
14 15
14 16
14 21
14 27
14 29
14 36
14 47
14 55
14 68
14 71
14 80
14 84
14 90
14 91
14 107
14 125
14 129
14 130
14 131
14 136
14 140
14 170
14 172
14 192
14 194
15 14
15 16
15 17
15 42
15 46
15 47
15 49
15 51
15 56
15 58
15 62
15 71
15 97
15 101
15 103
15 105
15 109
15 117
15 127
15 143
15 145
15 147
15 156
15 161
15 172
15 174
15 191
16 11
16 14
16 15
16 31
16 39
16 43
16 47
16 48
16 52
16 63
16 76
16 77
16 96
16 100
16 112
16 133
16 147
16 155
16 168
16 182
16 186
16 188
16 199
17 11
17 13
17 15
17 19
17 24
17 36
17 40
17 68
17 86
17 94
17 95
17 98
17 100
17 102
17 108
17 110
17 127
17 129
17 140
17 167
17 183
18 1
18 9
18 31
18 34
18 57
18 65
18 67
18 69
18 74
18 78
18 86
18 95
18 105
18 106
18 118
18 129
18 134
18 173
18 180
18 197
18 199
19 6
19 10
19 17
19 25
19 34
19 35
19 39
19 40
19 41
19 68
19 101
19 112
19 143
19 160
19 161
20 9
20 11
20 26
20 36
20 54
20 57
20 72
20 80
20 90
20 92
20 95
20 97
20 108
20 130
20 131
20 138
20 142
20 148
20 157
20 160
20 171
20 172
20 184
20 193
21 2
21 13
21 14
21 35
21 41
21 46
21 58
21 79
21 103
21 116
21 117
21 124
21 129
21 154
21 159
21 162
21 169
21 174
21 184
22 6
22 7
22 9
22 23
22 38
22 69
22 97
22 100
22 124
22 134
22 136
22 140
22 143
22 152
22 155
22 184
22 196
23 12
23 22
23 28
23 33
23 37
23 41
23 53
23 56
23 63
23 73
23 74
23 79
23 132
23 140
23 143
23 151
23 154
23 184
24 17
24 29
24 39
24 41
24 44
24 48
24 67
24 69
24 125
24 136
24 138
24 150
24 162
24 163
24 177
24 184
24 196
25 19
25 36
25 52
25 57
25 85
25 109
25 111
25 112
25 128
25 144
25 147
25 151
25 158
25 181
25 183
25 184
25 193
26 0
26 1
26 5
26 6
26 20
26 28
26 36
26 43
26 46
26 47
26 48
26 50
26 58
26 64
26 83
26 98
26 131
26 156
26 184
26 185
26 191
26 197
27 4
27 12
27 14
27 31
27 36
27 50
27 51
27 53
27 56
27 96
27 100
27 104
27 110
27 124
27 144
27 188
27 197
28 5
28 23
28 26
28 31
28 48
28 52
28 57
28 70
28 80
28 84
28 88
28 94
28 97
28 106
28 125
28 130
28 142
28 153
28 164
28 168
28 190
28 191
28 194
28 196
28 199
29 14
29 24
29 34
29 42
29 47
29 77
29 89
29 92
29 106
29 107
29 109
29 110
29 125
29 132
29 142
29 147
29 149
29 154
29 183
29 186
29 188
30 12
30 31
30 35
30 40
30 56
30 96
30 101
30 141
30 142
30 145
30 155
30 171
30 172
30 177
30 199
31 16
31 18
31 27
31 28
31 30
31 51
31 71
31 73
31 75
31 85
31 87
31 89
31 99
31 102
31 106
31 119
31 120
31 138
31 140
31 144
31 155
31 164
32 0
32 5
32 7
32 55
32 64
32 83
32 85
32 89
32 90
32 123
32 130
32 136
32 137
32 148
32 172
32 175
32 178
32 198
33 23
33 38
33 55
33 58
33 64
33 67
33 79
33 97
33 106
33 117
33 124
33 136
33 138
33 147
33 150
33 163
33 164
33 178
33 188
33 195
34 7
34 18
34 19
34 29
34 62
34 63
34 68
34 77
34 99
34 105
34 110
34 112
34 118
34 140
34 143
34 154
34 169
34 172
34 180
34 187
34 198
35 11
35 13
35 19
35 21
35 30
35 54
35 93
35 95
35 111
35 113
35 115
35 118
35 127
35 128
35 148
35 149
35 154
35 157
35 160
35 161
35 163
35 165
35 169
36 7
36 14
36 17
36 20
36 25
36 26
36 27
36 58
36 60
36 61
36 67
36 72
36 83
36 97
36 115
36 132
36 136
36 141
36 172
36 179
36 190
37 10
37 23
37 66
37 87
37 89
37 93
37 94
37 97
37 109
37 115
37 119
37 138
37 147
37 153
37 165
38 5
38 13
38 22
38 33
38 40
38 47
38 62
38 98
38 102
38 103
38 105
38 108
38 115
38 121
38 125
38 142
38 164
38 175
38 176
38 195
39 16
39 19
39 24
39 44
39 47
39 59
39 66
39 68
39 73
39 75
39 76
39 80
39 120
39 123
39 149
39 158
40 2
40 3
40 7
40 17
40 19
40 30
40 38
40 41
40 56
40 61
40 74
40 82
40 84
40 87
40 88
40 112
40 131
40 145
40 154
40 164
40 175
40 182
41 6
41 19
41 21
41 23
41 24
41 40
41 57
41 60
41 74
41 77
41 99
41 103
41 111
41 135
41 145
41 146
41 163
41 168
41 170
41 185
41 186
41 195
41 197
42 1
42 6
42 9
42 15
42 29
42 44
42 50
42 52
42 54
42 91
42 124
42 138
42 158
42 161
42 168
42 178
42 194
42 196
43 3
43 8
43 16
43 26
43 47
43 48
43 59
43 67
43 68
43 78
43 86
43 89
43 117
43 152
43 193
43 194
43 195
43 199
44 10
44 11
44 24
44 39
44 42
44 47
44 50
44 60
44 62
44 70
44 88
44 100
44 101
44 102
44 123
44 125
44 135
44 140
44 156
44 167
44 176
44 179
45 50
45 56
45 57
45 69
45 95
45 108
45 121
45 126
45 140
45 141
45 146
45 147
45 173
45 175
45 182
45 186
45 194
45 197
45 198
46 15
46 21
46 26
46 64
46 69
46 71
46 96
46 100
46 129
46 132
46 140
46 153
46 156
46 168
46 173
46 174
46 178
46 185
46 194
46 195
47 2
47 8
47 13
47 14
47 15
47 16
47 26
47 29
47 38
47 39
47 43
47 44
47 50
47 52
47 77
47 84
47 91
47 92
47 102
47 107
47 113
47 121
47 126
47 142
47 144
47 168
47 178
47 180
48 0
48 1
48 10
48 13
48 16
48 24
48 26
48 28
48 43
48 51
48 68
48 75
48 78
48 88
48 94
48 114
48 126
48 129
48 136
48 137
48 143
48 161
48 171
48 189
48 199
49 0
49 3
49 15
49 76
49 95
49 115
49 140
49 151
49 173
49 190
50 6
50 26
50 27
50 42
50 44
50 45
50 47
50 54
50 62
50 72
50 75
50 77
50 90
50 109
50 119
50 123
50 127
50 136
50 151
50 152
50 155
50 173
51 15
51 27
51 31
51 48
51 53
51 70
51 84
51 88
51 91
51 95
51 99
51 102
51 126
51 127
51 135
51 147
51 164
51 170
51 180
51 192
51 195
51 197
52 13
52 16
52 25
52 28
52 42
52 47
52 57
52 87
52 96
52 140
52 148
52 157
53 23
53 27
53 51
53 59
53 82
53 86
53 90
53 93
53 115
53 132
53 141
53 147
53 165
53 166
53 173
53 194
54 20
54 35
54 42
54 50
54 64
54 83
54 87
54 99
54 111
54 113
54 134
54 147
54 148
54 160
54 175
54 186
54 193
55 2
55 6
55 12
55 14
55 32
55 33
55 61
55 101
55 116
55 142
55 155
55 168
55 176
55 177
55 199
56 7
56 15
56 23
56 27
56 30
56 40
56 45
56 64
56 65
56 69
56 71
56 75
56 84
56 90
56 104
56 116
56 128
56 154
56 160
56 162
56 170
56 173
56 178
57 4
57 9
57 18
57 20
57 25
57 28
57 41
57 45
57 52
57 62
57 66
57 74
57 82
57 114
57 117
57 126
57 129
57 140
57 151
57 176
57 177
58 15
58 21
58 26
58 33
58 36
58 65
58 72
58 77
58 95
58 96
58 113
58 135
58 136
58 152
58 153
58 155
58 159
58 162
58 169
58 172
58 183
58 186
58 191
58 197
59 2
59 39
59 43
59 53
59 69
59 70
59 77
59 88
59 113
59 122
59 123
59 129
59 133
59 138
59 146
59 169
59 185
59 186
59 187
59 199
60 3
60 36
60 41
60 44
60 68
60 83
60 84
60 92
60 105
60 107
60 108
60 109
60 111
60 125
60 127
60 134
60 145
60 155
60 166
60 167
60 173
60 175
60 190
61 2
61 4
61 5
61 36
61 40
61 55
61 69
61 75
61 92
61 95
61 100
61 103
61 115
61 134
61 142
61 172
61 177
61 180
61 183
61 189
61 193
62 15
62 34
62 38
62 44
62 50
62 57
62 63
62 64
62 65
62 69
62 100
62 111
62 115
62 125
62 127
62 131
62 132
62 142
62 154
62 180
62 186
62 194
62 195
63 7
63 11
63 16
63 23
63 34
63 62
63 82
63 84
63 112
63 141
63 148
63 154
63 155
63 161
63 174
64 3
64 5
64 7
64 8
64 26
64 32
64 33
64 46
64 54
64 56
64 62
64 66
64 73
64 85
64 97
64 123
64 131
64 138
64 154
64 181
64 194
65 18
65 56
65 58
65 62
65 79
65 92
65 170
65 180
65 181
65 188
65 196
66 3
66 13
66 37
66 39
66 57
66 64
66 76
66 117
66 122
66 126
66 132
66 147
66 153
66 169
66 170
66 174
66 183
66 192
66 198
67 0
67 18
67 24
67 33
67 36
67 43
67 120
67 138
67 142
67 146
67 148
67 156
67 168
67 183
67 192
67 198
68 12
68 14
68 17
68 19
68 34
68 39
68 43
68 48
68 60
68 70
68 75
68 92
68 98
68 121
68 124
68 140
68 141
68 145
68 161
68 165
68 169
68 171
68 192
68 194
68 196
69 4
69 5
69 9
69 11
69 18
69 22
69 24
69 45
69 46
69 56
69 59
69 61
69 62
69 83
69 88
69 90
69 96
69 106
69 113
69 118
69 132
69 147
69 156
69 162
69 167
69 171
69 197
70 4
70 9
70 10
70 28
70 44
70 51
70 59
70 68
70 84
70 102
70 122
70 133
70 138
70 151
70 155
70 183
70 185
71 1
71 2
71 9
71 11
71 14
71 15
71 31
71 46
71 56
71 72
71 84
71 87
71 94
71 102
71 103
71 118
71 124
71 132
71 147
71 152
71 184
71 186
72 20
72 36
72 50
72 58
72 71
72 86
72 88
72 91
72 116
72 143
72 170
72 181
72 188
72 193
72 195
73 12
73 23
73 31
73 39
73 64
73 80
73 92
73 101
73 106
73 120
74 5
74 18
74 23
74 40
74 41
74 57
74 80
74 91
74 110
74 118
74 127
74 142
74 145
74 161
74 171
74 185
74 188
75 0
75 31
75 39
75 48
75 50
75 56
75 61
75 68
75 81
75 85
75 86
75 94
75 97
75 99
75 102
75 103
75 131
75 134
75 157
75 188
75 190
76 4
76 16
76 39
76 49
76 66
76 84
76 87
76 88
76 89
76 98
76 102
76 104
76 130
76 138
76 154
76 167
76 168
76 177
76 196
77 3
77 12
77 13
77 16
77 29
77 34
77 41
77 47
77 50
77 58
77 59
77 95
77 99
77 106
77 112
77 120
77 124
77 126
77 128
77 138
77 141
77 173
77 185
77 189
77 193
78 3
78 18
78 43
78 48
78 79
78 85
78 87
78 102
78 108
78 155
78 157
78 168
78 171
78 172
78 177
78 182
79 4
79 12
79 21
79 23
79 33
79 65
79 78
79 89
79 99
79 100
79 102
79 106
79 108
79 112
79 117
79 119
79 120
79 126
79 133
79 157
79 166
79 181
79 195
80 1
80 13
80 14
80 20
80 28
80 39
80 73
80 74
80 93
80 95
80 98
80 117
80 124
80 128
80 133
80 136
80 138
80 140
80 167
80 168
80 169
80 180
81 0
81 8
81 75
81 83
81 89
81 95
81 103
81 106
81 116
81 123
81 128
81 132
81 133
81 138
81 140
81 146
81 156
81 163
81 164
81 166
81 173
81 174
81 185
81 197
81 198
82 2
82 3
82 40
82 53
82 57
82 63
82 94
82 96
82 100
82 104
82 122
82 123
82 125
82 130
82 137
82 139
82 149
82 151
82 171
82 189
83 4
83 11
83 26
83 32
83 36
83 54
83 60
83 69
83 81
83 84
83 86
83 114
83 121
83 127
83 143
83 145
83 156
83 179
83 186
84 10
84 14
84 28
84 40
84 47
84 51
84 56
84 60
84 63
84 70
84 71
84 76
84 83
84 118
84 122
84 128
84 135
84 144
84 164
84 179
84 182
84 188
85 9
85 13
85 25
85 31
85 32
85 64
85 75
85 78
85 92
85 93
85 102
85 117
85 125
85 126
85 127
85 128
85 134
85 146
85 148
85 150
85 172
85 196
86 6
86 13
86 17
86 18
86 43
86 53
86 72
86 75
86 83
86 90
86 113
86 119
86 122
86 126
86 173
86 174
86 186
86 195
87 1
87 31
87 37
87 40
87 52
87 54
87 71
87 76
87 78
87 89
87 97
87 103
87 126
87 127
87 131
87 136
87 145
87 151
87 182
88 1
88 10
88 28
88 40
88 44
88 48
88 51
88 59
88 69
88 72
88 76
88 93
88 100
88 101
88 107
88 121
88 125
88 136
88 142
88 148
88 151
88 154
88 160
88 172
88 194
89 3
89 5
89 12
89 29
89 31
89 32
89 37
89 43
89 76
89 79
89 81
89 87
89 98
89 111
89 122
89 136
89 140
89 142
89 145
89 154
89 156
89 159
89 163
89 175
89 178
89 185
89 193
90 14
90 20
90 32
90 50
90 53
90 56
90 69
90 86
90 96
90 124
90 129
90 132
90 137
90 153
90 156
90 159
90 162
90 165
90 169
90 173
90 175
90 197
91 7
91 14
91 42
91 47
91 51
91 72
91 74
91 100
91 114
91 115
91 117
91 118
91 123
91 131
91 135
91 157
91 172
91 181
91 188
91 192
92 11
92 20
92 29
92 47
92 60
92 61
92 65
92 68
92 73
92 85
92 108
92 112
92 120
92 131
92 137
92 139
92 143
92 147
92 167
92 190
93 5
93 35
93 37
93 53
93 80
93 85
93 88
93 101
93 104
93 105
93 108
93 112
93 113
93 122
93 125
93 142
94 2
94 4
94 17
94 28
94 37
94 48
94 71
94 75
94 82
94 107
94 112
94 129
94 130
94 131
94 171
94 179
95 7
95 17
95 18
95 20
95 35
95 45
95 49
95 51
95 58
95 61
95 77
95 80
95 81
95 108
95 111
95 139
95 149
95 151
95 156
95 169
95 174
95 191
95 194
96 0
96 16
96 27
96 30
96 46
96 52
96 58
96 69
96 82
96 90
96 105
96 109
96 128
96 131
96 139
96 142
96 149
96 152
96 162
96 169
96 188
97 0
97 15
97 20
97 22
97 28
97 33
97 36
97 37
97 64
97 75
97 87
97 109
97 119
97 133
97 135
97 148
97 159
97 160
97 167
97 172
97 174
97 179
97 180
97 182
97 192
97 197
98 10
98 12
98 17
98 26
98 38
98 68
98 76
98 80
98 89
98 107
98 114
98 115
98 131
98 147
98 156
98 166
98 174
98 177
99 5
99 11
99 31
99 34
99 41
99 51
99 54
99 75
99 77
99 79
99 109
99 110
99 115
99 118
99 130
99 133
99 139
99 140
99 143
99 145
99 149
99 184
99 190
100 2
100 3
100 16
100 17
100 22
100 27
100 44
100 46
100 61
100 62
100 79
100 82
100 88
100 91
100 120
100 121
100 138
100 149
100 150
100 160
100 168
100 178
101 10
101 15
101 19
101 30
101 44
101 55
101 73
101 88
101 93
101 120
101 135
101 137
101 147
101 156
101 162
102 0
102 8
102 17
102 31
102 38
102 44
102 47
102 51
102 70
102 71
102 75
102 76
102 78
102 79
102 85
102 114
102 123
102 135
102 143
102 145
102 174
102 184
102 193
103 2
103 15
103 21
103 38
103 41
103 61
103 71
103 75
103 81
103 87
103 124
103 142
103 177
103 184
103 194
103 199
104 4
104 12
104 27
104 56
104 76
104 82
104 93
104 110
104 120
104 131
104 139
104 144
104 145
104 149
104 179
105 6
105 13
105 15
105 18
105 34
105 38
105 60
105 93
105 96
105 126
105 129
105 143
105 157
105 163
105 177
105 179
105 195
106 0
106 18
106 28
106 29
106 31
106 33
106 69
106 73
106 77
106 79
106 81
106 134
106 151
106 156
106 164
106 171
106 181
107 0
107 14
107 29
107 47
107 60
107 88
107 94
107 98
107 117
107 129
107 131
107 145
107 151
107 173
107 182
107 192
107 196
107 199
108 17
108 20
108 38
108 45
108 60
108 78
108 79
108 92
108 93
108 95
108 131
108 136
108 138
108 146
108 159
108 165
108 171
108 172
109 15
109 25
109 29
109 37
109 50
109 60
109 96
109 97
109 99
109 121
109 124
109 152
109 161
109 162
109 166
109 190
109 192
110 17
110 27
110 29
110 34
110 74
110 99
110 104
110 135
110 144
110 157
110 167
110 186
110 188
110 195
110 198
111 0
111 13
111 25
111 35
111 41
111 54
111 60
111 62
111 89
111 95
111 123
111 127
111 155
111 167
111 188
112 6
112 16
112 19
112 25
112 34
112 40
112 63
112 77
112 79
112 92
112 93
112 94
112 117
112 119
112 121
112 124
112 125
112 137
112 146
112 151
112 157
112 165
112 167
112 178
112 190
113 35
113 47
113 54
113 58
113 59
113 69
113 86
113 93
113 170
113 182
114 48
114 57
114 83
114 91
114 98
114 102
114 120
114 126
114 132
114 161
114 162
114 182
114 189
114 195
115 8
115 10
115 35
115 36
115 37
115 38
115 49
115 53
115 61
115 62
115 91
115 98
115 99
115 137
115 139
115 144
115 166
115 193
116 9
116 21
116 55
116 56
116 72
116 81
116 128
116 129
116 140
116 143
116 144
116 165
116 171
116 182
116 185
116 192
117 15
117 21
117 33
117 43
117 57
117 66
117 79
117 80
117 85
117 91
117 107
117 112
117 119
117 120
117 129
117 166
117 173
117 176
117 185
117 187
117 190
118 12
118 13
118 18
118 34
118 35
118 69
118 71
118 74
118 84
118 91
118 99
118 121
118 128
118 139
118 140
118 178
118 184
118 185
118 187
119 8
119 12
119 31
119 37
119 50
119 79
119 86
119 97
119 112
119 117
119 133
119 150
119 160
119 166
119 187
119 188
119 195
120 9
120 31
120 39
120 67
120 73
120 77
120 79
120 92
120 100
120 101
120 104
120 114
120 117
120 126
120 128
120 143
120 148
120 155
120 162
120 177
120 184
120 194
121 38
121 45
121 47
121 68
121 83
121 88
121 100
121 109
121 112
121 118
121 132
121 134
121 137
121 145
121 153
121 155
121 171
121 180
121 183
121 184
121 186
121 192
122 2
122 59
122 66
122 70
122 82
122 84
122 86
122 89
122 93
122 126
122 149
122 155
122 162
122 170
122 180
122 182
122 185
122 188
122 190
123 0
123 32
123 39
123 44
123 50
123 59
123 64
123 81
123 82
123 91
123 102
123 111
123 135
123 151
123 156
123 196
124 1
124 21
124 22
124 27
124 33
124 42
124 68
124 71
124 77
124 80
124 90
124 103
124 109
124 112
124 129
124 138
124 141
124 148
124 158
124 183
124 193
125 14
125 24
125 28
125 29
125 38
125 44
125 60
125 62
125 82
125 85
125 88
125 93
125 112
125 127
125 134
125 164
125 180
125 184
125 199
126 2
126 12
126 45
126 47
126 48
126 51
126 57
126 66
126 77
126 79
126 85
126 86
126 87
126 105
126 114
126 120
126 122
126 151
126 153
126 179
126 182
126 188
126 190
126 198
127 4
127 11
127 15
127 17
127 35
127 50
127 51
127 60
127 62
127 74
127 83
127 85
127 87
127 111
127 125
127 139
127 154
127 164
127 181
127 189
127 195
127 198
128 25
128 35
128 56
128 77
128 80
128 81
128 84
128 85
128 96
128 116
128 118
128 120
128 140
128 142
128 146
128 163
128 164
128 166
128 197
129 0
129 14
129 17
129 18
129 21
129 46
129 48
129 57
129 59
129 90
129 94
129 105
129 107
129 116
129 117
129 124
129 156
129 186
129 197
129 199
130 2
130 9
130 13
130 14
130 20
130 28
130 32
130 76
130 82
130 94
130 99
130 169
130 173
130 176
130 178
130 180
130 183
130 188
130 189
131 10
131 14
131 20
131 26
131 40
131 62
131 64
131 75
131 87
131 91
131 92
131 94
131 96
131 98
131 104
131 107
131 108
131 149
131 150
131 155
131 165
131 166
131 170
131 180
131 181
132 6
132 23
132 29
132 36
132 46
132 53
132 62
132 66
132 69
132 71
132 81
132 90
132 114
132 121
132 133
132 134
132 147
132 157
132 167
132 173
132 179
132 184
132 188
132 191
133 1
133 16
133 59
133 70
133 79
133 80
133 81
133 97
133 99
133 119
133 132
133 156
133 179
133 182
134 18
134 22
134 54
134 60
134 61
134 75
134 85
134 106
134 121
134 125
134 132
134 143
134 146
134 147
134 164
134 166
134 190
134 191
134 198
135 41
135 44
135 51
135 58
135 84
135 91
135 97
135 101
135 102
135 110
135 123
135 138
135 145
135 147
135 156
135 177
135 179
136 0
136 12
136 14
136 22
136 24
136 32
136 33
136 36
136 48
136 50
136 58
136 80
136 87
136 88
136 89
136 108
136 149
136 167
136 170
136 171
136 175
137 12
137 32
137 48
137 82
137 90
137 92
137 101
137 112
137 115
137 121
137 170
137 174
137 186
137 198
137 199
138 9
138 20
138 24
138 31
138 33
138 37
138 42
138 59
138 64
138 67
138 70
138 76
138 77
138 80
138 81
138 100
138 108
138 124
138 135
138 151
138 160
138 165
138 167
139 1
139 82
139 92
139 95
139 96
139 99
139 104
139 115
139 118
139 127
139 145
139 146
139 147
139 151
139 154
139 155
139 172
139 175
139 176
139 180
139 189
140 14
140 17
140 22
140 23
140 31
140 34
140 44
140 45
140 46
140 49
140 52
140 57
140 68
140 80
140 81
140 89
140 99
140 116
140 118
140 128
140 143
140 154
140 172
140 177
140 184
140 185
140 198
141 3
141 30
141 36
141 45
141 53
141 63
141 68
141 77
141 124
141 152
141 169
141 183
142 8
142 20
142 28
142 29
142 30
142 38
142 47
142 55
142 61
142 62
142 67
142 74
142 88
142 89
142 93
142 96
142 103
142 128
142 145
142 154
142 163
142 165
142 177
142 181
143 2
143 3
143 10
143 13
143 15
143 19
143 22
143 23
143 34
143 48
143 72
143 83
143 92
143 99
143 102
143 105
143 116
143 120
143 134
143 140
143 160
143 166
143 171
143 182
144 3
144 9
144 11
144 25
144 27
144 31
144 47
144 84
144 104
144 110
144 115
144 116
144 170
144 175
144 181
144 183
144 195
144 197
145 15
145 30
145 40
145 41
145 60
145 68
145 74
145 83
145 87
145 89
145 99
145 102
145 104
145 107
145 121
145 135
145 139
145 142
145 163
145 182
146 0
146 3
146 4
146 7
146 9
146 41
146 45
146 59
146 67
146 81
146 85
146 108
146 112
146 128
146 134
146 139
146 188
146 195
147 6
147 15
147 16
147 25
147 29
147 33
147 37
147 45
147 51
147 53
147 54
147 66
147 69
147 71
147 92
147 98
147 101
147 132
147 134
147 135
147 139
147 160
147 163
147 174
147 192
147 194
148 4
148 20
148 32
148 35
148 52
148 54
148 63
148 67
148 85
148 88
148 97
148 120
148 124
148 154
148 160
148 175
148 180
149 29
149 35
149 39
149 82
149 95
149 96
149 99
149 100
149 104
149 122
149 131
149 136
149 152
149 154
149 160
149 166
149 169
149 171
149 179
149 188
150 4
150 24
150 33
150 85
150 100
150 119
150 131
150 161
150 163
150 166
150 172
150 173
150 175
150 180
150 184
151 23
151 25
151 49
151 50
151 57
151 70
151 82
151 87
151 88
151 95
151 106
151 107
151 112
151 123
151 126
151 138
151 139
151 161
151 165
151 196
152 22
152 43
152 50
152 58
152 71
152 96
152 109
152 141
152 149
152 172
152 194
153 28
153 37
153 46
153 58
153 66
153 90
153 121
153 126
153 173
153 176
153 179
153 187
154 8
154 21
154 23
154 29
154 34
154 35
154 40
154 56
154 62
154 63
154 64
154 76
154 88
154 89
154 127
154 139
154 140
154 142
154 148
154 149
154 168
154 173
154 176
154 178
154 191
155 10
155 12
155 13
155 16
155 22
155 30
155 31
155 50
155 55
155 58
155 60
155 63
155 70
155 78
155 111
155 120
155 121
155 122
155 131
155 139
155 158
155 166
155 167
155 196
156 13
156 15
156 26
156 44
156 46
156 67
156 69
156 81
156 83
156 89
156 90
156 95
156 98
156 101
156 106
156 123
156 129
156 133
156 135
156 158
156 170
156 176
156 187
157 1
157 3
157 20
157 35
157 52
157 75
157 78
157 79
157 91
157 105
157 110
157 112
157 132
157 163
157 165
157 170
157 171
157 174
157 188
157 189
158 1
158 2
158 7
158 9
158 25
158 39
158 42
158 124
158 155
158 156
158 160
158 163
158 165
158 169
158 172
158 191
159 3
159 11
159 21
159 58
159 89
159 90
159 97
159 108
159 165
159 178
159 179
159 195
160 3
160 4
160 13
160 19
160 20
160 35
160 54
160 56
160 88
160 97
160 100
160 119
160 138
160 143
160 147
160 148
160 149
160 158
160 179
160 197
161 1
161 3
161 9
161 15
161 19
161 35
161 42
161 48
161 63
161 68
161 74
161 109
161 114
161 150
161 151
161 194
161 195
162 0
162 5
162 21
162 24
162 56
162 58
162 69
162 90
162 96
162 101
162 109
162 114
162 120
162 122
162 171
162 183
162 184
162 190
163 24
163 33
163 35
163 41
163 81
163 89
163 105
163 128
163 142
163 145
163 147
163 150
163 157
163 158
163 166
163 181
163 188
163 189
164 28
164 31
164 33
164 38
164 40
164 51
164 81
164 84
164 106
164 125
164 127
164 128
164 134
164 167
164 169
164 188
164 192
165 35
165 37
165 53
165 68
165 90
165 108
165 112
165 116
165 131
165 138
165 142
165 151
165 157
165 158
165 159
165 167
165 168
165 179
166 0
166 9
166 53
166 60
166 79
166 81
166 98
166 109
166 115
166 117
166 119
166 128
166 131
166 134
166 143
166 149
166 150
166 155
166 163
166 168
166 176
167 17
167 44
167 60
167 69
167 76
167 80
167 92
167 97
167 110
167 111
167 112
167 132
167 136
167 138
167 155
167 164
167 165
167 173
167 184
167 191
167 192
167 197
168 7
168 8
168 10
168 12
168 16
168 28
168 41
168 42
168 46
168 47
168 55
168 67
168 76
168 78
168 80
168 100
168 154
168 165
168 166
168 175
168 196
169 8
169 11
169 21
169 34
169 35
169 58
169 59
169 66
169 68
169 80
169 90
169 95
169 96
169 130
169 141
169 149
169 158
169 164
169 173
169 174
169 186
169 189
170 3
170 14
170 41
170 51
170 56
170 65
170 66
170 72
170 113
170 122
170 131
170 136
170 137
170 144
170 156
170 157
170 171
170 176
170 180
170 183
171 0
171 12
171 20
171 30
171 48
171 68
171 69
171 74
171 78
171 82
171 94
171 106
171 108
171 116
171 121
171 136
171 143
171 149
171 157
171 162
171 170
171 190
171 191
171 194
172 9
172 14
172 15
172 20
172 30
172 32
172 34
172 36
172 58
172 61
172 78
172 85
172 88
172 91
172 97
172 108
172 139
172 140
172 150
172 152
172 158
172 185
172 186
172 193
173 2
173 10
173 18
173 45
173 46
173 49
173 50
173 53
173 56
173 60
173 77
173 81
173 86
173 90
173 107
173 117
173 130
173 132
173 150
173 153
173 154
173 167
173 169
173 176
173 186
174 4
174 11
174 15
174 21
174 46
174 63
174 66
174 81
174 86
174 95
174 97
174 98
174 102
174 137
174 147
174 157
174 169
175 32
175 38
175 40
175 45
175 54
175 60
175 89
175 90
175 136
175 139
175 144
175 148
175 150
175 168
175 182
176 10
176 38
176 44
176 55
176 57
176 117
176 130
176 139
176 153
176 154
176 156
176 166
176 170
176 173
177 24
177 30
177 55
177 57
177 61
177 76
177 78
177 98
177 103
177 105
177 120
177 135
177 140
177 142
177 178
177 189
178 0
178 6
178 32
178 33
178 42
178 46
178 47
178 56
178 89
178 100
178 112
178 118
178 130
178 154
178 159
178 177
178 191
179 1
179 2
179 3
179 36
179 44
179 83
179 84
179 94
179 97
179 104
179 105
179 126
179 132
179 133
179 135
179 149
179 153
179 159
179 160
179 165
179 195
179 197
180 0
180 9
180 12
180 18
180 34
180 47
180 51
180 61
180 62
180 65
180 80
180 97
180 121
180 122
180 125
180 130
180 131
180 139
180 148
180 150
180 170
180 181
180 184
180 187
181 25
181 64
181 65
181 72
181 79
181 91
181 106
181 127
181 131
181 142
181 144
181 163
181 180
182 3
182 16
182 40
182 45
182 78
182 84
182 87
182 97
182 107
182 113
182 114
182 116
182 122
182 126
182 133
182 143
182 145
182 175
183 8
183 13
183 17
183 25
183 29
183 58
183 61
183 66
183 67
183 70
183 121
183 124
183 130
183 141
183 144
183 162
183 170
183 189
183 190
183 197
184 6
184 9
184 20
184 21
184 22
184 23
184 24
184 25
184 26
184 71
184 99
184 102
184 103
184 118
184 120
184 121
184 125
184 132
184 140
184 150
184 162
184 167
184 180
184 185
185 12
185 26
185 41
185 46
185 59
185 70
185 74
185 77
185 81
185 89
185 116
185 117
185 118
185 122
185 140
185 172
185 184
186 16
186 29
186 41
186 45
186 54
186 58
186 59
186 62
186 71
186 83
186 86
186 110
186 121
186 129
186 137
186 169
186 172
186 173
187 34
187 59
187 117
187 118
187 119
187 153
187 156
187 180
187 196
187 197
187 199
188 9
188 16
188 27
188 29
188 33
188 65
188 72
188 74
188 75
188 84
188 91
188 96
188 110
188 111
188 119
188 122
188 126
188 130
188 132
188 146
188 149
188 157
188 163
188 164
188 198
189 1
189 2
189 48
189 61
189 77
189 82
189 114
189 127
189 130
189 139
189 157
189 163
189 169
189 177
189 183
190 7
190 28
190 36
190 49
190 60
190 75
190 92
190 99
190 109
190 112
190 117
190 122
190 126
190 134
190 162
190 171
190 183
190 195
191 1
191 15
191 26
191 28
191 58
191 95
191 132
191 134
191 154
191 158
191 167
191 171
191 178
192 5
192 14
192 51
192 66
192 67
192 68
192 91
192 97
192 107
192 109
192 116
192 121
192 147
192 164
192 167
193 20
193 25
193 43
193 54
193 61
193 72
193 77
193 89
193 102
193 115
193 124
193 172
194 14
194 28
194 42
194 43
194 45
194 46
194 53
194 62
194 64
194 68
194 88
194 95
194 103
194 120
194 147
194 152
194 161
194 171
194 197
195 0
195 11
195 12
195 33
195 38
195 41
195 43
195 46
195 51
195 62
195 72
195 79
195 86
195 105
195 110
195 114
195 119
195 127
195 144
195 146
195 159
195 161
195 179
195 190
195 199
196 0
196 10
196 12
196 22
196 24
196 28
196 42
196 65
196 68
196 76
196 85
196 107
196 123
196 151
196 155
196 168
196 187
197 9
197 18
197 26
197 27
197 41
197 45
197 51
197 58
197 69
197 81
197 90
197 97
197 128
197 129
197 144
197 160
197 167
197 179
197 183
197 187
197 194
198 32
198 34
198 45
198 66
198 67
198 81
198 110
198 126
198 127
198 134
198 137
198 140
198 188
198 199
199 7
199 9
199 11
199 16
199 18
199 28
199 30
199 43
199 48
199 55
199 59
199 103
199 107
199 125
199 129
199 137
199 187
199 195
199 198