200 1023
0 5
0 45
0 62
0 64
0 96
0 126
0 129
0 188
0 193
1 13
1 49
1 55
1 93
1 97
1 104
1 106
1 150
2 10
2 12
2 28
2 33
2 53
2 57
2 62
2 63
2 117
2 130
2 150
3 6
3 39
3 41
3 42
3 43
3 52
3 72
3 89
3 94
3 115
3 135
3 139
3 144
3 166
3 192
4 27
4 30
4 31
4 39
4 55
4 84
4 86
4 87
4 101
4 122
4 125
4 128
4 148
4 192
4 197
5 0
5 7
5 14
5 17
5 36
5 53
5 67
5 68
5 95
5 98
5 114
5 129
6 3
6 15
6 18
6 31
6 33
6 39
6 73
6 76
6 112
6 117
6 134
6 165
6 167
6 196
7 5
7 13
7 20
7 34
7 39
7 50
7 62
7 107
7 113
7 133
7 143
7 186
7 190
8 19
8 79
8 92
8 135
8 137
8 172
8 187
8 199
9 12
9 24
9 40
9 61
9 79
9 99
9 124
9 129
9 183
10 2
10 31
10 35
10 75
10 89
10 95
10 97
10 100
10 117
10 168
10 173
11 56
11 85
11 125
11 156
11 185
11 190
11 194
12 2
12 9
12 13
12 28
12 35
12 42
12 71
12 81
12 113
12 121
12 148
12 149
12 179
12 180
13 1
13 7
13 12
13 59
13 64
13 90
13 100
13 111
13 125
13 151
13 153
13 181
13 192
13 197
13 198
13 199
14 5
14 25
14 29
14 34
14 63
14 103
14 116
14 173
14 184
14 191
15 6
15 18
15 22
15 28
15 35
15 101
15 118
15 137
15 187
15 192
16 27
16 33
16 46
16 62
16 68
16 78
16 93
16 144
16 150
16 156
16 190
17 5
17 42
17 44
17 61
17 68
17 104
17 125
17 177
17 197
18 6
18 15
18 66
18 73
18 77
18 89
18 91
18 98
18 111
18 112
18 114
18 132
18 197
19 8
19 41
19 43
19 48
19 69
19 104
19 117
19 158
19 195
20 7
20 28
20 34
20 42
20 66
20 73
20 76
20 84
20 89
20 97
20 142
20 160
20 177
20 182
20 187
21 32
21 37
21 48
21 66
21 67
21 86
21 94
21 105
21 142
21 143
21 163
21 187
22 15
22 26
22 35
22 36
22 66
22 72
22 114
22 129
22 140
22 153
22 159
22 180
22 186
22 195
23 64
23 75
23 95
23 116
23 121
23 136
23 137
23 140
23 186
24 9
24 60
24 84
24 90
24 103
24 110
24 111
24 129
24 140
24 144
25 14
25 87
25 93
25 118
25 164
26 22
26 58
26 63
26 89
26 101
26 111
26 125
26 129
26 156
26 168
26 194
27 4
27 16
27 33
27 76
27 80
27 154
27 166
27 173
27 181
27 185
27 189
27 194
27 195
28 2
28 12
28 15
28 20
28 37
28 58
28 66
28 110
28 132
28 165
28 171
28 175
28 187
28 199
29 14
29 55
29 95
29 98
29 99
29 110
29 128
29 134
29 149
29 156
29 165
29 168
29 173
30 4
30 41
30 48
30 68
30 106
30 112
30 127
30 133
30 156
30 157
30 173
31 4
31 6
31 10
31 43
31 63
31 70
31 88
31 89
31 125
31 129
31 165
31 187
32 21
32 42
32 75
32 83
32 88
32 136
32 137
32 183
33 2
33 6
33 16
33 27
33 46
33 67
33 119
33 171
33 175
33 180
34 7
34 14
34 20
34 70
34 85
34 114
34 137
34 149
34 151
34 166
35 10
35 12
35 15
35 22
35 43
35 45
35 91
35 94
35 143
36 5
36 22
36 46
36 56
36 64
36 78
36 102
36 125
36 127
36 169
37 21
37 28
37 50
37 54
37 56
37 82
37 92
37 94
37 95
37 101
37 126
37 150
37 164
37 171
37 175
37 178
37 182
38 55
38 68
38 69
38 99
38 107
38 108
38 111
38 116
38 122
38 187
38 189
39 3
39 4
39 6
39 7
39 48
39 49
39 76
39 97
39 103
39 126
39 147
39 154
40 9
40 71
40 87
40 129
40 142
40 157
40 189
41 3
41 19
41 30
41 47
41 54
41 61
41 90
41 97
41 99
41 113
41 124
41 155
41 181
41 185
41 194
42 3
42 12
42 17
42 20
42 32
42 43
42 61
42 85
42 92
42 104
42 120
42 122
42 151
42 160
42 179
43 3
43 19
43 31
43 35
43 42
43 72
43 86
43 124
43 168
44 17
44 53
44 56
44 65
44 91
44 103
44 114
44 130
44 140
44 193
44 194
44 197
45 0
45 35
45 78
45 89
45 92
45 156
45 177
45 188
46 16
46 33
46 36
46 86
46 99
46 125
46 130
46 132
46 188
47 41
47 50
47 59
47 69
47 120
47 127
47 134
47 135
47 152
47 167
47 193
48 19
48 21
48 30
48 39
48 72
48 86
48 89
48 95
48 122
48 143
48 178
49 1
49 39
49 55
49 61
49 80
49 113
49 142
49 152
49 159
50 7
50 37
50 47
50 77
50 79
50 80
50 154
50 165
50 171
51 53
51 56
51 62
51 69
51 82
51 84
51 99
51 105
51 126
51 153
51 168
51 178
52 3
52 63
52 64
52 87
52 101
52 177
53 2
53 5
53 44
53 51
53 71
53 93
53 125
53 130
53 139
53 154
53 156
53 172
54 37
54 41
54 56
54 82
54 110
54 132
54 141
54 187
55 1
55 4
55 29
55 38
55 49
55 142
55 180
55 191
56 11
56 36
56 37
56 44
56 51
56 54
56 74
56 78
56 92
56 166
56 168
56 169
57 2
57 66
57 81
57 96
57 132
57 145
57 147
57 151
57 155
58 26
58 28
58 95
58 106
58 134
58 160
58 174
58 175
58 188
59 13
59 47
59 114
59 146
59 169
60 24
60 118
60 157
60 164
61 9
61 17
61 41
61 42
61 49
61 71
61 102
61 137
61 140
61 146
61 155
61 176
61 179
62 0
62 2
62 7
62 16
62 51
62 67
62 92
62 106
62 114
62 129
62 151
62 156
62 177
62 191
62 193
63 2
63 14
63 26
63 31
63 52
63 79
63 90
63 164
63 185
63 198
64 0
64 13
64 23
64 36
64 52
64 81
64 85
64 146
64 195
65 44
65 70
65 97
65 145
65 149
65 189
65 194
66 18
66 20
66 21
66 22
66 28
66 57
66 75
66 81
66 89
66 92
66 93
66 97
66 100
66 107
66 129
66 138
66 146
66 165
66 174
66 179
66 186
66 190
67 5
67 21
67 33
67 62
67 72
67 75
67 108
67 109
67 122
67 130
67 152
67 170
67 180
67 184
67 193
67 196
68 5
68 16
68 17
68 30
68 38
68 97
68 110
68 131
68 139
68 196
69 19
69 38
69 47
69 51
69 97
69 125
69 163
69 199
70 31
70 34
70 65
70 86
70 111
70 122
70 131
70 144
70 146
70 163
70 173
70 176
71 12
71 40
71 53
71 61
71 77
71 126
71 137
71 150
71 189
72 3
72 22
72 43
72 48
72 67
72 88
72 96
72 127
73 6
73 18
73 20
73 83
73 101
73 155
73 165
74 56
74 107
74 122
74 127
74 158
74 172
74 189
75 10
75 23
75 32
75 66
75 67
75 125
75 126
75 132
75 139
75 140
75 166
75 183
75 189
76 6
76 20
76 27
76 39
76 157
76 158
76 159
76 177
77 18
77 50
77 71
77 99
77 108
77 114
77 149
77 153
78 16
78 36
78 45
78 56
78 122
78 147
78 152
79 8
79 9
79 50
79 63
79 101
79 103
79 108
79 123
79 176
79 197
80 27
80 49
80 50
80 83
80 87
80 108
80 134
80 187
81 12
81 57
81 64
81 66
81 113
81 178
81 179
81 195
82 37
82 51
82 54
82 92
82 112
83 32
83 73
83 80
83 102
83 111
83 114
83 181
84 4
84 20
84 24
84 51
84 114
84 155
84 163
84 174
84 197
85 11
85 34
85 42
85 64
85 108
85 131
86 4
86 21
86 43
86 46
86 48
86 70
86 111
86 160
86 163
86 171
86 172
87 4
87 25
87 40
87 52
87 80
87 92
87 113
87 123
87 159
87 164
87 186
87 198
88 31
88 32
88 72
88 96
88 113
88 129
88 135
88 147
88 164
88 189
89 3
89 10
89 18
89 20
89 26
89 31
89 45
89 48
89 66
89 111
89 116
89 158
89 197
89 198
90 13
90 24
90 41
90 63
90 104
90 133
90 140
90 146
90 153
90 158
90 173
90 192
90 198
91 18
91 35
91 44
91 97
91 110
91 116
91 117
91 119
91 145
91 149
91 153
91 162
92 8
92 37
92 42
92 45
92 56
92 62
92 66
92 82
92 87
92 94
92 102
92 111
92 132
92 176
92 183
92 189
92 191
93 1
93 16
93 25
93 53
93 66
93 128
93 132
93 150
93 175
93 180
94 3
94 21
94 35
94 37
94 92
94 119
94 125
94 141
94 178
94 179
94 180
94 182
94 190
95 5
95 10
95 23
95 29
95 37
95 48
95 58
95 116
95 120
95 137
95 145
95 149
96 0
96 57
96 72
96 88
96 97
96 101
96 103
96 126
96 167
96 172
96 173
96 187
96 193
97 1
97 10
97 20
97 39
97 41
97 65
97 66
97 68
97 69
97 91
97 96
97 127
97 163
97 172
97 198
98 5
98 18
98 29
98 117
98 129
98 173
98 176
98 189
98 190
98 192
98 198
99 9
99 29
99 38
99 41
99 46
99 51
99 77
99 110
99 138
99 141
99 177
99 186
100 10
100 13
100 66
100 116
100 127
100 158
100 165
100 168
100 185
101 4
101 15
101 26
101 37
101 52
101 73
101 79
101 96
101 122
101 133
101 138
101 140
101 161
101 165
101 174
101 185
101 186
102 36
102 61
102 83
102 92
102 120
102 126
102 148
102 168
102 183
102 188
102 193
103 14
103 24
103 39
103 44
103 79
103 96
103 119
103 127
103 130
103 145
103 178
104 1
104 17
104 19
104 42
104 90
104 125
104 152
104 192
105 21
105 51
105 107
105 158
106 1
106 30
106 58
106 62
106 107
106 112
106 116
106 119
106 122
106 126
106 131
106 151
106 154
106 166
106 169
106 172
107 7
107 38
107 66
107 74
107 105
107 106
107 139
107 151
107 185
108 38
108 67
108 77
108 79
108 80
108 85
108 125
109 67
109 119
109 140
109 149
110 24
110 28
110 29
110 54
110 68
110 91
110 99
110 120
110 127
110 143
110 144
110 154
110 165
110 174
111 13
111 18
111 24
111 26
111 38
111 70
111 83
111 86
111 89
111 92
111 131
111 149
111 170
111 194
111 199
112 6
112 18
112 30
112 82
112 106
112 130
112 137
112 165
112 174
112 185
113 7
113 12
113 41
113 49
113 81
113 87
113 88
113 173
113 192
114 5
114 18
114 22
114 34
114 44
114 59
114 62
114 77
114 83
114 84
114 118
114 135
114 156
114 184
115 3
115 123
115 146
115 176
116 14
116 23
116 38
116 89
116 91
116 95
116 100
116 106
116 127
116 136
116 140
116 184
117 2
117 6
117 10
117 19
117 91
117 98
117 148
117 168
117 173
117 183
118 15
118 25
118 60
118 114
118 137
118 171
119 33
119 91
119 94
119 103
119 106
119 109
119 153
120 42
120 47
120 95
120 102
120 110
120 139
120 143
121 12
121 23
121 142
121 143
121 151
121 179
121 191
121 195
122 4
122 38
122 42
122 48
122 67
122 70
122 74
122 78
122 101
122 106
122 135
122 146
122 170
123 79
123 87
123 115
123 194
124 9
124 41
124 43
124 127
124 136
124 162
124 170
124 179
124 192
125 4
125 11
125 13
125 17
125 26
125 31
125 36
125 46
125 53
125 69
125 75
125 94
125 104
125 108
125 142
125 161
125 184
125 186
125 199
126 0
126 37
126 39
126 51
126 71
126 75
126 96
126 102
126 106
126 132
126 190
127 30
127 36
127 47
127 72
127 74
127 97
127 100
127 103
127 110
127 116
127 124
127 178
127 198
128 4
128 29
128 93
128 183
128 199
129 0
129 5
129 9
129 22
129 24
129 26
129 31
129 40
129 62
129 66
129 88
129 98
129 130
129 148
129 166
129 179
129 187
130 2
130 44
130 46
130 53
130 67
130 103
130 112
130 129
130 141
130 167
131 68
131 70
131 85
131 106
131 111
131 158
131 196
132 18
132 28
132 46
132 54
132 57
132 75
132 92
132 93
132 126
132 157
132 159
132 165
132 168
132 180
133 7
133 30
133 90
133 101
133 173
134 6
134 29
134 47
134 58
134 80
134 139
134 156
135 3
135 8
135 47
135 88
135 114
135 122
135 172
135 178
136 23
136 32
136 116
136 124
136 152
136 172
136 196
137 8
137 15
137 23
137 32
137 34
137 61
137 71
137 95
137 112
137 118
137 154
138 66
138 99
138 101
138 142
138 163
138 166
138 180
139 3
139 53
139 68
139 75
139 107
139 120
139 134
139 169
140 22
140 23
140 24
140 44
140 61
140 75
140 90
140 101
140 109
140 116
140 147
140 170
140 175
140 198
141 54
141 94
141 99
141 130
141 146
141 173
141 183
141 189
141 192
142 20
142 21
142 40
142 49
142 55
142 121
142 125
142 138
142 147
142 148
142 153
142 159
142 171
142 179
142 187
143 7
143 21
143 35
143 48
143 110
143 120
143 121
143 148
144 3
144 16
144 24
144 70
144 110
144 190
145 57
145 65
145 91
145 95
145 103
145 147
145 171
145 175
145 184
145 198
146 59
146 61
146 64
146 66
146 70
146 90
146 115
146 122
146 141
146 188
147 39
147 57
147 78
147 88
147 140
147 142
147 145
147 157
147 199
148 4
148 12
148 102
148 117
148 129
148 142
148 143
148 157
149 12
149 29
149 34
149 65
149 77
149 91
149 95
149 109
149 111
149 169
149 173
149 195
150 1
150 2
150 16
150 37
150 71
150 93
150 155
150 166
150 198
151 13
151 34
151 42
151 57
151 62
151 106
151 107
151 121
151 182
151 183
152 47
152 49
152 67
152 78
152 104
152 136
152 174
153 13
153 22
153 51
153 77
153 90
153 91
153 119
153 142
154 27
154 39
154 50
154 53
154 106
154 110
154 137
154 156
154 164
154 188
155 41
155 57
155 61
155 73
155 84
155 150
155 169
156 11
156 16
156 26
156 29
156 30
156 45
156 53
156 62
156 114
156 134
156 154
156 172
156 176
156 186
156 196
157 30
157 40
157 60
157 76
157 132
157 147
157 148
157 161
157 184
157 193
158 19
158 74
158 76
158 89
158 90
158 100
158 105
158 131
158 159
158 189
158 190
159 22
159 49
159 76
159 87
159 132
159 142
159 158
159 167
159 176
160 20
160 42
160 58
160 86
160 189
160 197
161 101
161 125
161 157
161 181
161 191
162 91
162 124
162 166
162 172
162 175
163 21
163 69
163 70
163 84
163 86
163 97
163 138
163 194
163 195
164 25
164 37
164 60
164 63
164 87
164 88
164 154
164 196
165 6
165 28
165 29
165 31
165 50
165 66
165 73
165 100
165 101
165 110
165 112
165 132
165 169
165 176
166 3
166 27
166 34
166 56
166 75
166 106
166 129
166 138
166 150
166 162
166 171
166 177
166 182
166 185
166 198
167 6
167 47
167 96
167 130
167 159
167 174
167 185
167 194
168 10
168 26
168 29
168 43
168 51
168 56
168 100
168 102
168 117
168 132
168 195
169 36
169 56
169 59
169 106
169 139
169 149
169 155
169 165
169 173
169 183
169 193
170 67
170 111
170 122
170 124
170 140
171 28
171 33
171 37
171 50
171 86
171 118
171 142
171 145
171 166
171 191
172 8
172 53
172 74
172 86
172 96
172 97
172 106
172 135
172 136
172 156
172 162
172 190
173 10
173 14
173 27
173 29
173 30
173 70
173 90
173 96
173 98
173 113
173 117
173 133
173 141
173 149
173 169
173 174
173 179
174 58
174 66
174 84
174 101
174 110
174 112
174 152
174 167
174 173
175 28
175 33
175 37
175 58
175 93
175 140
175 145
175 162
175 185
175 193
176 61
176 70
176 79
176 92
176 98
176 115
176 156
176 159
176 165
176 185
177 17
177 20
177 45
177 52
177 62
177 76
177 99
177 166
177 178
177 189
178 37
178 48
178 51
178 81
178 94
178 103
178 127
178 135
178 177
178 182
178 196
179 12
179 42
179 61
179 66
179 81
179 94
179 121
179 124
179 129
179 142
179 173
179 191
180 12
180 22
180 33
180 55
180 67
180 93
180 94
180 132
180 138
181 13
181 27
181 41
181 83
181 161
182 20
182 37
182 94
182 151
182 166
182 178
183 9
183 32
183 75
183 92
183 102
183 117
183 128
183 141
183 151
183 169
183 187
184 14
184 67
184 114
184 116
184 125
184 145
184 157
184 187
184 194
185 11
185 27
185 41
185 63
185 100
185 101
185 107
185 112
185 166
185 167
185 175
185 176
186 7
186 22
186 23
186 66
186 87
186 99
186 101
186 125
186 156
187 8
187 15
187 20
187 21
187 28
187 31
187 38
187 54
187 80
187 96
187 129
187 142
187 183
187 184
188 0
188 45
188 46
188 58
188 102
188 146
188 154
188 196
189 27
189 38
189 40
189 65
189 71
189 74
189 75
189 88
189 92
189 98
189 141
189 158
189 160
189 177
190 7
190 11
190 16
190 66
190 94
190 98
190 126
190 144
190 158
190 172
191 14
191 55
191 62
191 92
191 121
191 161
191 171
191 179
191 192
191 194
192 3
192 4
192 13
192 15
192 90
192 98
192 104
192 113
192 124
192 141
192 191
193 0
193 44
193 47
193 62
193 67
193 96
193 102
193 157
193 169
193 175
194 11
194 26
194 27
194 41
194 44
194 65
194 111
194 123
194 163
194 167
194 184
194 191
195 19
195 22
195 27
195 64
195 81
195 121
195 149
195 163
195 168
196 6
196 67
196 68
196 131
196 136
196 156
196 164
196 178
196 188
197 4
197 13
197 17
197 18
197 44
197 79
197 84
197 89
197 160
198 13
198 63
198 87
198 89
198 90
198 97
198 98
198 127
198 140
198 145
198 150
198 166
199 8
199 13
199 28
199 69
199 111
199 125
199 128
199 147