200 1976
0 6
0 7
0 22
0 26
0 38
0 66
0 69
0 76
0 78
0 86
0 88
0 93
0 114
0 117
0 120
0 127
0 128
0 142
0 185
1 2
1 6
1 13
1 36
1 39
1 46
1 47
1 50
1 53
1 67
1 85
1 105
1 108
1 109
1 110
1 113
1 122
1 129
1 143
1 157
1 178
2 1
2 21
2 22
2 28
2 43
2 80
2 89
2 102
2 121
2 136
2 144
2 154
2 157
2 177
2 178
2 198
3 12
3 16
3 17
3 21
3 24
3 27
3 33
3 45
3 49
3 50
3 51
3 53
3 54
3 63
3 67
3 95
3 99
3 110
3 116
3 119
3 123
3 135
3 138
3 142
3 161
3 164
3 175
3 197
4 7
4 18
4 40
4 45
4 52
4 54
4 57
4 59
4 65
4 80
4 110
4 139
4 142
4 148
4 151
4 156
4 166
4 172
4 185
4 196
5 22
5 27
5 34
5 67
5 71
5 95
5 98
5 117
5 118
5 120
5 130
5 133
5 137
5 138
5 149
5 151
5 155
5 176
5 189
5 194
6 0
6 1
6 25
6 55
6 66
6 86
6 97
6 116
6 139
6 149
6 168
6 169
6 177
6 181
6 198
7 0
7 4
7 12
7 13
7 25
7 28
7 44
7 46
7 50
7 58
7 60
7 63
7 69
7 73
7 74
7 83
7 96
7 102
7 110
7 156
7 162
7 181
7 191
8 18
8 44
8 58
8 64
8 75
8 77
8 78
8 82
8 85
8 94
8 122
8 148
8 157
8 167
8 170
8 180
8 185
8 186
8 188
8 194
9 17
9 29
9 36
9 54
9 110
9 129
9 131
9 134
9 143
9 145
9 161
9 177
9 184
9 193
9 198
10 12
10 23
10 24
10 46
10 48
10 61
10 64
10 66
10 109
10 126
10 131
10 146
10 149
10 157
10 181
10 184
10 187
10 189
10 198
10 199
11 62
11 65
11 68
11 111
11 119
11 125
11 126
11 128
11 137
11 147
11 169
11 176
11 180
11 188
11 190
12 3
12 7
12 10
12 13
12 23
12 39
12 78
12 87
12 91
12 99
12 130
12 131
12 147
12 149
12 154
12 159
12 161
12 166
12 189
12 190
13 1
13 7
13 12
13 29
13 32
13 33
13 53
13 56
13 75
13 90
13 91
13 98
13 117
13 122
13 126
13 140
13 179
13 180
13 181
13 185
13 196
13 197
14 25
14 68
14 91
14 102
14 137
14 142
14 171
14 183
14 196
14 199
15 28
15 34
15 43
15 45
15 70
15 71
15 77
15 88
15 113
15 124
15 125
15 129
15 137
15 143
15 152
15 195
15 196
16 3
16 22
16 25
16 34
16 41
16 53
16 63
16 66
16 67
16 101
16 106
16 108
16 134
16 138
16 152
16 153
16 158
16 166
16 170
16 180
16 187
16 188
17 3
17 9
17 36
17 51
17 55
17 58
17 71
17 79
17 91
17 114
17 125
17 126
17 133
17 140
17 142
17 144
17 173
17 178
17 189
17 190
18 4
18 8
18 31
18 34
18 44
18 53
18 60
18 72
18 76
18 91
18 92
18 96
18 113
18 131
18 146
18 147
18 150
18 153
18 160
18 185
18 186
19 26
19 32
19 35
19 37
19 38
19 51
19 67
19 69
19 70
19 79
19 87
19 92
19 99
19 126
19 127
19 128
19 133
19 134
19 135
19 148
19 157
19 174
19 185
19 193
20 36
20 37
20 46
20 48
20 54
20 66
20 67
20 79
20 80
20 115
20 119
20 135
20 153
20 159
20 160
20 167
20 169
20 181
20 185
20 188
21 2
21 3
21 30
21 39
21 41
21 58
21 68
21 76
21 83
21 91
21 93
21 117
21 131
21 135
21 137
21 172
21 177
21 181
21 189
22 0
22 2
22 5
22 16
22 36
22 37
22 41
22 47
22 53
22 54
22 84
22 100
22 113
22 121
22 124
22 129
22 131
22 139
22 172
22 188
22 190
23 10
23 12
23 43
23 52
23 76
23 84
23 85
23 90
23 91
23 93
23 104
23 115
23 139
23 154
23 176
23 178
23 183
23 189
24 3
24 10
24 27
24 42
24 50
24 64
24 74
24 75
24 84
24 98
24 100
24 109
24 110
24 120
24 122
24 135
24 145
24 155
24 173
24 174
24 198
25 6
25 7
25 14
25 16
25 38
25 63
25 71
25 75
25 88
25 95
25 106
25 115
25 121
25 134
25 146
25 152
25 154
25 162
25 171
25 173
25 182
25 193
25 195
26 0
26 19
26 45
26 66
26 67
26 69
26 94
26 111
26 120
26 136
26 137
26 146
26 150
26 153
26 195
27 3
27 5
27 24
27 54
27 61
27 64
27 75
27 78
27 84
27 104
27 119
27 123
27 126
27 149
27 164
27 169
27 176
27 178
27 180
27 193
27 196
27 199
28 2
28 7
28 15
28 36
28 41
28 65
28 67
28 69
28 83
28 105
28 107
28 110
28 129
28 150
28 153
29 9
29 13
29 36
29 45
29 50
29 60
29 71
29 83
29 130
29 145
29 147
29 153
29 165
29 174
29 176
29 180
29 191
30 21
30 32
30 33
30 53
30 55
30 70
30 76
30 78
30 90
30 92
30 95
30 103
30 114
30 123
30 129
30 131
30 142
30 144
30 160
30 171
30 178
30 181
30 199
31 18
31 36
31 38
31 40
31 44
31 47
31 50
31 67
31 84
31 91
31 120
31 142
31 146
31 180
32 13
32 19
32 30
32 50
32 77
32 79
32 92
32 95
32 101
32 104
32 111
32 146
32 153
32 166
32 174
32 180
32 190
32 191
32 195
32 197
33 3
33 13
33 30
33 35
33 43
33 51
33 64
33 68
33 78
33 79
33 80
33 104
33 105
33 107
33 115
33 139
33 151
33 157
33 182
33 184
33 185
33 193
34 5
34 15
34 16
34 18
34 39
34 53
34 55
34 60
34 75
34 77
34 79
34 80
34 83
34 90
34 119
34 125
34 131
34 138
34 164
34 172
34 180
34 186
34 199
35 19
35 33
35 40
35 72
35 81
35 86
35 89
35 111
35 126
35 134
35 139
35 159
35 163
35 168
35 175
35 182
35 186
35 189
36 1
36 9
36 17
36 20
36 22
36 28
36 29
36 31
36 54
36 55
36 60
36 66
36 69
36 72
36 88
36 96
36 108
36 120
36 123
36 131
36 133
36 138
36 151
36 163
36 170
36 178
36 189
36 194
36 195
37 19
37 20
37 22
37 39
37 40
37 41
37 48
37 49
37 61
37 66
37 67
37 68
37 81
37 87
37 105
37 116
37 129
37 150
37 168
37 174
37 177
37 180
37 199
38 0
38 19
38 25
38 31
38 46
38 67
38 73
38 78
38 81
38 89
38 96
38 101
38 124
38 137
38 162
38 171
38 183
38 194
39 1
39 12
39 21
39 34
39 37
39 54
39 73
39 76
39 97
39 98
39 99
39 102
39 125
39 143
39 144
39 162
39 188
40 4
40 31
40 35
40 37
40 45
40 69
40 88
40 89
40 97
40 103
40 113
40 129
40 130
40 131
40 146
40 157
40 165
40 197
41 16
41 21
41 22
41 28
41 37
41 46
41 48
41 59
41 68
41 78
41 88
41 101
41 110
41 122
41 129
41 130
41 135
41 142
41 169
41 187
41 198
42 24
42 48
42 51
42 66
42 77
42 97
42 100
42 115
42 118
42 121
42 129
42 130
42 139
42 141
42 143
42 148
42 150
42 168
42 181
42 183
42 186
42 194
43 2
43 15
43 23
43 33
43 53
43 80
43 111
43 119
43 132
43 142
43 143
43 155
44 7
44 8
44 18
44 31
44 47
44 48
44 87
44 101
44 107
44 131
44 136
44 138
44 143
44 146
44 160
44 178
44 181
44 190
45 3
45 4
45 15
45 26
45 29
45 40
45 50
45 57
45 59
45 73
45 78
45 90
45 103
45 110
45 115
45 119
45 147
45 149
45 150
45 155
45 163
45 169
45 176
45 177
45 190
46 1
46 7
46 10
46 20
46 38
46 41
46 54
46 63
46 167
46 177
46 182
46 184
46 199
47 1
47 22
47 31
47 44
47 63
47 64
47 73
47 111
47 117
47 149
47 153
47 165
47 171
47 176
47 193
48 10
48 20
48 37
48 41
48 42
48 44
48 51
48 53
48 55
48 69
48 78
48 98
48 99
48 108
48 114
48 121
48 145
48 150
48 161
48 169
48 171
48 172
48 181
48 187
48 193
48 195
49 3
49 37
49 65
49 69
49 79
49 119
49 122
49 126
49 144
49 148
49 155
49 168
49 185
49 190
50 1
50 3
50 7
50 24
50 29
50 31
50 32
50 45
50 69
50 102
50 110
50 118
50 119
50 128
50 129
50 149
50 154
50 163
50 169
50 197
51 3
51 17
51 19
51 33
51 42
51 48
51 56
51 60
51 65
51 83
51 93
51 115
51 127
51 145
51 163
51 164
51 171
51 179
51 180
51 192
51 197
52 4
52 23
52 57
52 78
52 81
52 88
52 89
52 103
52 112
52 132
52 160
52 167
52 180
52 186
53 1
53 3
53 13
53 16
53 18
53 22
53 30
53 34
53 43
53 48
53 63
53 80
53 85
53 95
53 126
53 139
53 146
53 150
53 152
53 167
53 171
53 178
53 180
53 193
54 3
54 4
54 9
54 20
54 22
54 27
54 36
54 39
54 46
54 59
54 60
54 69
54 87
54 97
54 105
54 121
54 123
54 126
54 129
54 133
54 156
54 158
54 160
54 161
54 165
54 186
55 6
55 17
55 30
55 34
55 36
55 48
55 57
55 60
55 64
55 105
55 112
55 114
55 122
55 125
55 133
55 138
55 163
55 171
55 179
55 183
56 13
56 51
56 82
56 83
56 94
56 105
56 112
56 144
56 148
56 155
56 156
56 160
56 171
56 176
56 181
56 189
57 4
57 45
57 52
57 55
57 60
57 68
57 69
57 70
57 93
57 98
57 113
57 120
57 122
57 131
57 148
57 154
57 155
57 162
57 176
57 188
57 196
58 7
58 8
58 17
58 21
58 66
58 86
58 107
58 111
58 128
58 132
58 137
58 141
58 167
58 169
58 171
58 173
58 178
59 4
59 41
59 45
59 54
59 70
59 78
59 89
59 90
59 97
59 102
59 103
59 106
59 107
59 109
59 122
59 126
59 131
59 134
59 152
59 155
59 159
59 168
59 172
59 189
60 7
60 18
60 29
60 34
60 36
60 51
60 54
60 55
60 57
60 89
60 112
60 116
60 124
60 146
60 154
60 165
60 173
60 189
60 192
60 197
61 10
61 27
61 37
61 63
61 65
61 68
61 73
61 79
61 96
61 118
61 125
61 130
61 131
61 141
61 144
61 152
61 174
61 189
61 194
62 11
62 68
62 74
62 85
62 90
62 102
62 104
62 118
62 156
62 160
63 3
63 7
63 16
63 25
63 46
63 47
63 53
63 61
63 64
63 66
63 69
63 73
63 87
63 91
63 95
63 107
63 121
63 134
63 139
63 165
63 192
63 193
63 194
64 8
64 10
64 24
64 27
64 33
64 47
64 55
64 63
64 74
64 80
64 88
64 105
64 110
64 111
64 121
64 123
64 128
64 131
64 152
64 160
64 161
64 170
64 173
64 178
65 4
65 11
65 28
65 49
65 51
65 61
65 69
65 71
65 84
65 107
65 120
65 121
65 128
65 129
65 137
65 139
65 140
65 144
65 161
65 167
65 168
65 176
65 184
65 192
65 196
66 0
66 6
66 10
66 16
66 20
66 26
66 36
66 37
66 42
66 58
66 63
66 75
66 79
66 81
66 84
66 85
66 111
66 146
66 150
66 151
66 165
66 181
66 185
66 197
67 1
67 3
67 5
67 16
67 19
67 20
67 26
67 28
67 31
67 37
67 38
67 68
67 69
67 77
67 105
67 110
67 132
67 143
67 153
67 171
68 11
68 14
68 21
68 33
68 37
68 41
68 57
68 61
68 62
68 67
68 83
68 112
68 113
68 116
68 128
68 149
68 163
68 179
68 191
69 0
69 7
69 19
69 26
69 28
69 36
69 40
69 48
69 49
69 50
69 54
69 57
69 63
69 65
69 67
69 72
69 102
69 116
69 117
69 128
69 143
69 151
69 158
69 162
69 185
69 192
69 195
69 198
70 15
70 19
70 30
70 57
70 59
70 76
70 98
70 100
70 102
70 104
70 118
70 122
70 135
70 138
70 150
70 156
70 159
70 160
70 174
70 176
70 178
71 5
71 15
71 17
71 25
71 29
71 65
71 102
71 105
71 120
71 126
71 127
71 154
71 163
71 165
71 175
71 177
71 199
72 18
72 35
72 36
72 69
72 84
72 102
72 110
72 112
72 114
72 137
72 139
72 143
72 150
72 151
72 176
72 182
73 7
73 38
73 39
73 45
73 47
73 61
73 63
73 123
73 125
73 134
73 141
73 150
73 154
73 164
73 192
74 7
74 24
74 62
74 64
74 78
74 81
74 83
74 91
74 97
74 105
74 113
74 119
74 132
74 144
74 154
74 175
74 181
74 192
75 8
75 13
75 24
75 25
75 27
75 34
75 66
75 101
75 106
75 123
75 126
75 132
75 135
75 162
75 165
75 173
75 180
75 182
75 192
76 0
76 18
76 21
76 23
76 30
76 39
76 70
76 132
76 144
76 153
76 189
76 193
76 199
77 8
77 15
77 32
77 34
77 42
77 67
77 80
77 81
77 84
77 87
77 91
77 92
77 107
77 132
77 145
77 148
77 166
77 172
77 184
77 186
77 189
77 198
77 199
78 0
78 8
78 12
78 27
78 30
78 33
78 38
78 41
78 45
78 48
78 52
78 59
78 74
78 82
78 99
78 131
78 147
78 152
78 183
78 189
78 193
78 198
79 17
79 19
79 20
79 32
79 33
79 34
79 49
79 61
79 66
79 87
79 95
79 126
79 128
79 129
79 133
79 140
79 145
79 156
79 160
79 178
79 182
79 192
80 2
80 4
80 20
80 33
80 34
80 43
80 53
80 64
80 77
80 91
80 115
80 118
80 176
80 178
80 179
80 194
81 35
81 37
81 38
81 52
81 66
81 74
81 77
81 88
81 89
81 92
81 94
81 98
81 99
81 114
81 119
81 124
81 127
81 132
81 138
81 142
81 154
81 170
81 190
81 198
82 8
82 56
82 78
82 94
82 96
82 107
82 111
82 112
82 113
82 116
82 117
82 134
82 135
82 153
82 183
82 189
82 197
82 198
83 7
83 21
83 28
83 29
83 34
83 51
83 56
83 68
83 74
83 84
83 97
83 101
83 113
83 117
83 119
83 134
83 137
83 147
83 150
83 160
83 168
83 192
83 193
84 22
84 23
84 24
84 27
84 31
84 65
84 66
84 72
84 77
84 83
84 91
84 101
84 106
84 124
84 130
84 141
84 143
84 151
84 161
84 168
84 171
84 174
84 178
84 190
85 1
85 8
85 23
85 53
85 62
85 66
85 113
85 114
85 128
85 136
85 142
85 145
85 149
85 152
85 169
85 174
85 181
86 0
86 6
86 35
86 58
86 95
86 99
86 114
86 123
86 125
86 132
86 155
86 161
86 186
86 189
87 12
87 19
87 37
87 44
87 54
87 63
87 77
87 79
87 104
87 106
87 108
87 109
87 115
87 121
87 127
87 154
87 156
87 157
87 163
87 186
87 188
87 197
88 0
88 15
88 25
88 36
88 40
88 41
88 52
88 64
88 81
88 89
88 99
88 106
88 107
88 118
88 120
88 125
88 157
88 168
88 175
88 184
88 197
89 2
89 35
89 38
89 40
89 52
89 59
89 60
89 81
89 88
89 107
89 108
89 114
89 115
89 126
89 128
89 132
89 138
89 143
89 150
89 157
89 173
89 183
89 191
90 13
90 23
90 30
90 34
90 45
90 59
90 62
90 91
90 92
90 141
90 150
90 154
90 155
90 158
90 167
90 171
90 195
90 196
91 12
91 13
91 14
91 17
91 18
91 21
91 23
91 31
91 63
91 74
91 77
91 80
91 84
91 90
91 95
91 112
91 116
91 132
91 142
91 160
91 161
91 178
91 184
91 195
91 199
92 18
92 19
92 30
92 32
92 77
92 81
92 90
92 100
92 129
92 143
92 145
92 156
92 166
92 169
92 182
92 189
92 193
93 0
93 21
93 23
93 51
93 57
93 100
93 105
93 120
93 128
93 131
93 145
93 152
93 161
93 166
93 184
93 188
93 190
93 195
94 8
94 26
94 56
94 81
94 82
94 103
94 134
94 154
94 183
94 185
94 194
95 3
95 5
95 25
95 30
95 32
95 53
95 63
95 79
95 86
95 91
95 96
95 115
95 124
95 129
95 130
95 184
96 7
96 18
96 36
96 38
96 61
96 82
96 95
96 104
96 105
96 119
96 137
96 146
96 169
97 6
97 39
97 40
97 42
97 54
97 59
97 74
97 83
97 113
97 145
97 161
97 170
97 182
97 184
97 185
98 5
98 13
98 24
98 39
98 48
98 57
98 70
98 81
98 99
98 125
98 138
98 145
98 171
98 173
98 185
98 194
99 3
99 12
99 19
99 39
99 48
99 78
99 81
99 86
99 88
99 98
99 103
99 108
99 126
99 128
99 132
99 139
99 141
99 147
99 149
99 178
99 179
99 191
99 199
100 22
100 24
100 42
100 70
100 92
100 93
100 116
100 117
100 135
100 143
100 163
100 166
100 169
100 193
101 16
101 32
101 38
101 41
101 44
101 75
101 83
101 84
101 107
101 142
101 143
101 144
101 150
101 158
101 161
101 167
101 198
102 2
102 7
102 14
102 39
102 50
102 59
102 62
102 69
102 70
102 71
102 72
102 114
102 136
102 156
102 160
102 183
102 191
103 30
103 40
103 45
103 52
103 59
103 94
103 99
103 110
103 139
103 156
103 160
103 173
104 23
104 27
104 32
104 33
104 62
104 70
104 87
104 96
104 106
104 109
104 117
104 118
104 132
104 135
104 144
104 151
104 161
104 198
105 1
105 28
105 33
105 37
105 54
105 55
105 56
105 64
105 67
105 71
105 74
105 93
105 96
105 108
105 110
105 116
105 130
105 147
105 148
105 163
105 166
105 169
105 182
106 16
106 25
106 59
106 75
106 84
106 87
106 88
106 104
106 124
106 129
106 130
106 132
106 151
106 172
106 173
106 175
106 177
106 187
106 189
106 191
106 198
107 28
107 33
107 44
107 58
107 59
107 63
107 65
107 77
107 82
107 88
107 89
107 101
107 122
107 133
107 154
107 196
108 1
108 16
108 36
108 48
108 87
108 89
108 99
108 105
108 110
108 118
108 119
108 121
108 126
108 130
108 140
108 141
108 151
108 155
108 170
108 173
108 181
108 186
108 189
108 198
109 1
109 10
109 24
109 59
109 87
109 104
109 124
109 133
109 143
109 144
109 149
109 162
109 170
109 176
109 180
110 1
110 3
110 4
110 7
110 9
110 24
110 28
110 41
110 45
110 50
110 64
110 67
110 72
110 103
110 105
110 108
110 127
110 148
110 159
110 163
110 197
111 11
111 26
111 32
111 35
111 43
111 47
111 58
111 64
111 66
111 82
111 117
111 134
111 139
111 184
111 188
111 190
111 196
111 198
111 199
112 52
112 55
112 56
112 60
112 68
112 72
112 82
112 91
112 118
112 119
112 153
112 155
112 166
112 168
112 196
113 1
113 15
113 18
113 22
113 40
113 57
113 68
113 74
113 82
113 83
113 85
113 97
113 114
113 116
113 118
113 120
113 129
113 132
113 136
113 154
113 175
113 191
114 0
114 17
114 30
114 48
114 55
114 72
114 81
114 85
114 86
114 89
114 102
114 113
114 135
114 156
114 171
114 178
114 183
115 20
115 23
115 25
115 33
115 42
115 45
115 51
115 80
115 87
115 89
115 95
115 120
115 123
115 125
115 128
115 131
115 150
115 152
115 168
115 179
115 189
115 199
116 3
116 6
116 37
116 60
116 68
116 69
116 82
116 91
116 100
116 105
116 113
116 130
116 138
116 144
116 154
116 156
116 157
116 165
116 171
116 174
116 194
117 0
117 5
117 13
117 21
117 47
117 69
117 82
117 83
117 100
117 104
117 111
117 135
117 139
117 143
117 150
117 164
117 167
117 179
117 181
117 183
117 186
117 190
118 5
118 42
118 50
118 61
118 62
118 70
118 80
118 88
118 104
118 108
118 112
118 113
118 133
118 134
118 137
118 149
118 168
119 3
119 11
119 20
119 27
119 34
119 43
119 45
119 49
119 50
119 74
119 81
119 83
119 96
119 108
119 112
119 126
119 131
119 135
119 148
119 169
119 176
119 180
119 183
120 0
120 5
120 24
120 26
120 31
120 36
120 57
120 65
120 71
120 88
120 93
120 113
120 115
120 124
120 127
120 138
120 148
120 154
120 160
120 166
120 180
120 181
120 196
120 199
121 2
121 22
121 25
121 42
121 48
121 54
121 63
121 64
121 65
121 87
121 108
121 124
121 135
121 146
121 169
121 172
121 175
121 186
121 188
121 193
122 1
122 8
122 13
122 24
122 41
122 49
122 55
122 57
122 59
122 70
122 107
122 151
122 152
122 164
122 165
122 166
122 174
122 182
122 188
122 192
122 197
123 3
123 27
123 30
123 36
123 54
123 64
123 73
123 75
123 86
123 115
123 139
123 140
123 161
123 175
123 182
123 184
124 15
124 22
124 38
124 60
124 81
124 84
124 95
124 106
124 109
124 120
124 121
124 132
124 155
124 159
124 175
124 182
124 185
124 192
124 196
125 11
125 15
125 17
125 34
125 39
125 55
125 61
125 73
125 86
125 88
125 98
125 115
125 129
125 146
125 156
125 164
125 172
125 175
125 178
125 185
125 191
125 198
126 10
126 11
126 13
126 17
126 19
126 27
126 35
126 49
126 53
126 54
126 59
126 71
126 75
126 79
126 89
126 99
126 108
126 119
126 136
126 139
126 144
126 162
126 169
126 183
126 199
127 0
127 19
127 51
127 71
127 81
127 87
127 110
127 120
127 131
127 149
127 158
127 167
127 174
127 186
127 191
128 0
128 11
128 19
128 50
128 58
128 64
128 65
128 68
128 69
128 79
128 85
128 89
128 93
128 99
128 115
128 145
128 153
128 154
128 155
128 156
128 158
128 167
128 168
128 177
129 1
129 9
129 15
129 22
129 28
129 30
129 37
129 40
129 41
129 42
129 50
129 54
129 65
129 79
129 92
129 95
129 106
129 113
129 125
129 160
129 171
129 191
129 195
129 196
130 5
130 12
130 29
130 40
130 41
130 42
130 61
130 84
130 95
130 105
130 106
130 108
130 116
130 131
130 143
130 144
130 148
130 163
130 172
131 9
131 10
131 12
131 18
131 21
131 22
131 30
131 34
131 36
131 40
131 44
131 57
131 59
131 61
131 64
131 78
131 93
131 115
131 119
131 127
131 130
131 146
132 43
132 52
132 58
132 67
132 74
132 75
132 76
132 77
132 81
132 86
132 89
132 91
132 99
132 104
132 106
132 113
132 124
132 142
132 144
132 147
132 155
132 164
132 165
132 171
132 176
132 194
133 5
133 17
133 19
133 36
133 54
133 55
133 79
133 107
133 109
133 118
133 153
133 186
133 194
134 9
134 16
134 19
134 25
134 35
134 59
134 63
134 73
134 82
134 83
134 94
134 111
134 118
134 142
134 143
134 144
134 155
134 170
134 183
134 190
134 192
135 3
135 19
135 20
135 21
135 24
135 41
135 70
135 75
135 82
135 100
135 104
135 114
135 117
135 119
135 121
135 154
135 176
135 180
135 181
135 185
135 197
136 2
136 26
136 44
136 85
136 102
136 113
136 126
136 138
136 152
136 166
136 169
136 173
136 196
137 5
137 11
137 14
137 15
137 21
137 26
137 38
137 58
137 65
137 72
137 83
137 96
137 118
137 149
137 171
137 177
137 197
137 198
138 3
138 5
138 16
138 34
138 36
138 44
138 55
138 70
138 81
138 89
138 98
138 116
138 120
138 136
138 158
138 161
138 166
138 181
138 190
138 195
139 4
139 6
139 22
139 23
139 33
139 35
139 42
139 53
139 63
139 65
139 72
139 99
139 103
139 111
139 117
139 123
139 126
139 146
139 148
139 176
139 187
140 13
140 17
140 65
140 79
140 108
140 123
140 151
140 171
140 177
140 178
140 183
140 187
140 192
141 42
141 58
141 61
141 73
141 84
141 90
141 99
141 108
141 143
141 144
141 157
141 177
141 182
141 184
141 193
141 196
142 0
142 3
142 4
142 14
142 17
142 30
142 31
142 41
142 43
142 81
142 85
142 91
142 101
142 132
142 134
142 143
142 163
142 167
142 172
142 178
142 187
142 189
142 196
142 197
143 1
143 9
143 15
143 39
143 42
143 43
143 44
143 67
143 69
143 72
143 84
143 89
143 92
143 100
143 101
143 109
143 117
143 130
143 134
143 141
143 142
143 166
143 181
143 190
144 2
144 17
144 30
144 39
144 49
144 56
144 61
144 65
144 74
144 76
144 101
144 104
144 109
144 116
144 126
144 130
144 132
144 134
144 141
144 162
144 180
144 185
144 187
144 194
145 9
145 24
145 29
145 48
145 51
145 77
145 79
145 85
145 92
145 93
145 97
145 98
145 128
145 147
145 164
145 194
146 10
146 18
146 25
146 26
146 31
146 32
146 40
146 44
146 53
146 60
146 66
146 96
146 121
146 125
146 131
146 139
146 148
146 157
146 165
146 166
146 168
146 170
146 172
146 174
146 177
146 181
146 185
146 195
147 11
147 12
147 18
147 29
147 45
147 78
147 83
147 99
147 105
147 132
147 145
147 153
147 169
147 182
147 186
147 190
148 4
148 8
148 19
148 42
148 49
148 56
148 57
148 77
148 105
148 110
148 119
148 120
148 130
148 139
148 146
148 168
148 179
148 182
148 191
148 198
149 5
149 6
149 10
149 12
149 27
149 45
149 47
149 50
149 68
149 85
149 99
149 109
149 118
149 127
149 137
149 156
149 179
149 181
150 18
150 26
150 28
150 37
150 42
150 45
150 48
150 53
150 66
150 70
150 72
150 73
150 83
150 89
150 90
150 101
150 115
150 117
150 162
150 176
150 182
150 195
151 4
151 5
151 33
151 36
151 66
151 69
151 72
151 84
151 104
151 106
151 108
151 122
151 140
151 174
151 178
151 182
151 197
152 15
152 16
152 25
152 53
152 59
152 61
152 64
152 78
152 85
152 93
152 115
152 122
152 136
152 161
152 163
152 166
152 175
152 176
152 184
152 190
152 191
152 195
152 196
153 16
153 18
153 20
153 26
153 28
153 29
153 32
153 47
153 67
153 76
153 82
153 112
153 128
153 133
153 147
153 163
153 165
153 176
153 179
153 190
153 198
154 2
154 12
154 23
154 25
154 50
154 57
154 60
154 71
154 73
154 74
154 81
154 87
154 90
154 94
154 107
154 113
154 116
154 120
154 128
154 135
154 158
154 159
154 160
154 161
154 174
154 192
155 5
155 24
155 43
155 45
155 49
155 56
155 57
155 59
155 86
155 90
155 108
155 112
155 124
155 128
155 132
155 134
155 162
155 178
156 4
156 7
156 54
156 56
156 62
156 70
156 79
156 87
156 92
156 102
156 103
156 114
156 116
156 125
156 128
156 149
156 185
156 188
156 197
156 199
157 1
157 2
157 8
157 10
157 19
157 33
157 40
157 87
157 88
157 89
157 116
157 141
157 146
157 163
157 171
157 179
157 184
158 16
158 54
158 69
158 90
158 101
158 127
158 128
158 138
158 154
158 165
158 173
158 178
158 184
158 193
158 194
158 198
159 12
159 20
159 35
159 59
159 70
159 110
159 124
159 154
159 174
159 175
159 184
159 188
159 194
160 18
160 20
160 30
160 44
160 52
160 54
160 56
160 62
160 64
160 70
160 79
160 83
160 91
160 102
160 103
160 120
160 129
160 154
160 174
160 186
161 3
161 9
161 12
161 48
161 54
161 64
161 65
161 84
161 86
161 91
161 93
161 97
161 101
161 104
161 123
161 138
161 152
161 154
161 165
161 169
161 173
161 180
162 7
162 25
162 38
162 39
162 57
162 69
162 75
162 109
162 126
162 144
162 150
162 155
162 164
162 166
162 174
163 35
163 36
163 45
163 50
163 51
163 55
163 68
163 71
163 87
163 100
163 105
163 110
163 130
163 142
163 152
163 153
163 157
163 168
163 176
163 179
163 191
164 3
164 27
164 34
164 51
164 73
164 117
164 122
164 125
164 132
164 145
164 162
164 171
164 181
164 191
164 193
164 194
165 29
165 40
165 47
165 54
165 60
165 63
165 66
165 71
165 75
165 116
165 122
165 132
165 146
165 153
165 158
165 161
165 167
165 181
165 186
166 4
166 12
166 16
166 32
166 77
166 92
166 93
166 100
166 105
166 112
166 120
166 122
166 136
166 138
166 143
166 146
166 152
166 162
166 188
166 191
167 8
167 20
167 46
167 52
167 53
167 58
167 65
167 90
167 101
167 117
167 127
167 128
167 142
167 165
167 178
167 183
167 197
168 6
168 35
168 37
168 42
168 49
168 59
168 65
168 83
168 84
168 88
168 112
168 115
168 118
168 128
168 146
168 148
168 163
168 185
168 186
168 189
168 191
169 6
169 11
169 20
169 27
169 41
169 45
169 48
169 50
169 58
169 85
169 92
169 96
169 100
169 105
169 119
169 121
169 126
169 136
169 147
169 161
169 173
169 177
169 178
169 184
169 192
169 195
170 8
170 16
170 36
170 64
170 81
170 97
170 108
170 109
170 134
170 146
170 171
170 172
170 173
170 182
170 184
170 190
170 198
171 14
171 25
171 30
171 38
171 47
171 48
171 51
171 53
171 55
171 56
171 58
171 67
171 84
171 90
171 98
171 114
171 116
171 129
171 132
171 137
171 140
171 157
171 164
171 170
171 176
171 179
171 191
171 193
172 4
172 21
172 22
172 34
172 48
172 59
172 77
172 106
172 121
172 125
172 130
172 142
172 146
172 170
172 179
172 192
172 194
173 17
173 24
173 25
173 58
173 60
173 64
173 75
173 89
173 98
173 103
173 106
173 108
173 136
173 158
173 161
173 169
173 170
173 183
173 184
173 188
173 194
174 19
174 24
174 29
174 32
174 37
174 61
174 70
174 84
174 85
174 116
174 122
174 127
174 146
174 151
174 154
174 159
174 160
174 162
174 197
174 198
175 3
175 35
175 71
175 74
175 88
175 106
175 113
175 121
175 123
175 124
175 125
175 152
175 159
175 176
175 179
175 192
176 5
176 11
176 23
176 27
176 29
176 45
176 47
176 56
176 57
176 65
176 70
176 72
176 80
176 109
176 119
176 132
176 135
176 139
176 150
176 152
176 153
176 163
176 171
176 175
176 183
176 189
176 194
176 199
177 2
177 6
177 9
177 21
177 37
177 45
177 46
177 71
177 106
177 128
177 137
177 140
177 141
177 146
177 169
177 180
177 181
177 183
178 1
178 2
178 17
178 23
178 27
178 30
178 36
178 44
178 53
178 58
178 64
178 70
178 79
178 80
178 84
178 91
178 99
178 114
178 125
178 140
178 142
178 151
178 155
178 158
178 167
178 169
178 198
179 13
179 51
179 55
179 68
179 80
179 99
179 115
179 117
179 148
179 149
179 153
179 157
179 163
179 171
179 172
179 175
179 185
179 191
179 196
180 8
180 11
180 13
180 16
180 27
180 29
180 31
180 32
180 34
180 37
180 51
180 52
180 53
180 75
180 109
180 119
180 120
180 135
180 144
180 161
180 177
180 184
180 185
180 186
180 189
181 6
181 7
181 10
181 13
181 20
181 21
181 30
181 42
181 44
181 48
181 56
181 66
181 74
181 85
181 108
181 117
181 120
181 135
181 138
181 143
181 146
181 149
181 164
181 165
181 177
181 189
181 193
182 25
182 33
182 35
182 46
182 72
182 75
182 79
182 92
182 97
182 105
182 122
182 123
182 124
182 141
182 147
182 148
182 150
182 151
182 170
182 187
182 192
183 14
183 23
183 38
183 42
183 55
183 78
183 82
183 89
183 94
183 102
183 114
183 117
183 119
183 126
183 134
183 140
183 167
183 173
183 176
183 177
183 189
184 9
184 10
184 33
184 46
184 65
184 77
184 88
184 91
184 93
184 95
184 97
184 111
184 123
184 141
184 152
184 157
184 158
184 159
184 169
184 170
184 173
184 180
184 186
184 199
185 0
185 4
185 8
185 13
185 18
185 19
185 20
185 33
185 49
185 66
185 69
185 94
185 97
185 98
185 124
185 125
185 135
185 144
185 146
185 156
185 168
185 179
185 180
186 8
186 18
186 34
186 35
186 42
186 52
186 54
186 77
186 86
186 87
186 108
186 117
186 121
186 127
186 133
186 147
186 160
186 165
186 168
186 180
186 184
186 192
186 198
187 10
187 16
187 41
187 48
187 106
187 139
187 140
187 142
187 144
187 182
187 189
188 8
188 11
188 16
188 20
188 22
188 39
188 57
188 87
188 93
188 111
188 121
188 122
188 156
188 159
188 166
188 173
188 194
189 5
189 10
189 12
189 17
189 21
189 23
189 35
189 36
189 56
189 59
189 60
189 61
189 76
189 77
189 78
189 82
189 86
189 92
189 106
189 108
189 115
189 142
189 168
189 176
189 180
189 181
189 183
189 187
189 194
190 11
190 12
190 17
190 22
190 32
190 44
190 45
190 49
190 81
190 84
190 93
190 111
190 117
190 134
190 138
190 143
190 147
190 152
190 153
190 170
191 7
191 29
191 32
191 68
191 89
191 99
191 102
191 106
191 113
191 125
191 127
191 129
191 148
191 152
191 163
191 164
191 166
191 168
191 171
191 179
192 51
192 60
192 63
192 65
192 69
192 73
192 74
192 75
192 79
192 83
192 122
192 124
192 134
192 140
192 154
192 169
192 172
192 175
192 182
192 186
192 194
193 9
193 19
193 25
193 27
193 33
193 47
193 48
193 53
193 63
193 76
193 78
193 83
193 92
193 100
193 121
193 141
193 158
193 164
193 171
193 181
194 5
194 8
194 36
194 38
194 42
194 61
194 63
194 80
194 94
194 98
194 116
194 132
194 133
194 144
194 145
194 158
194 159
194 164
194 172
194 173
194 176
194 188
194 189
194 192
195 15
195 25
195 26
195 32
195 36
195 48
195 69
195 90
195 91
195 93
195 129
195 138
195 146
195 150
195 152
195 169
195 199
196 4
196 13
196 14
196 15
196 27
196 57
196 65
196 90
196 107
196 111
196 112
196 120
196 124
196 129
196 136
196 141
196 142
196 152
196 179
197 3
197 13
197 32
197 40
197 50
197 51
197 60
197 66
197 82
197 87
197 88
197 110
197 122
197 135
197 137
197 142
197 151
197 156
197 167
197 174
198 2
198 6
198 9
198 10
198 24
198 41
198 69
198 77
198 78
198 81
198 82
198 101
198 104
198 106
198 108
198 111
198 125
198 137
198 148
198 153
198 158
198 170
198 174
198 178
198 186
199 10
199 14
199 27
199 30
199 34
199 37
199 46
199 71
199 76
199 77
199 91
199 99
199 111
199 115
199 120
199 126
199 156
199 176
199 184
199 195