500 6202
0 10
0 14
0 20
0 21
0 27
0 36
0 57
0 72
0 73
0 92
0 113
0 125
0 126
0 141
0 151
0 152
0 180
0 182
0 204
0 238
0 258
0 263
0 281
0 282
0 322
0 350
0 374
0 388
0 405
0 435
0 465
0 468
1 6
1 17
1 34
1 66
1 72
1 105
1 140
1 164
1 176
1 185
1 188
1 192
1 233
1 240
1 245
1 279
1 339
1 366
1 372
1 417
1 439
1 490
2 50
2 51
2 61
2 67
2 73
2 74
2 120
2 142
2 158
2 160
2 161
2 204
2 229
2 240
2 247
2 278
2 375
2 397
2 405
2 426
2 458
2 471
2 484
3 21
3 25
3 45
3 47
3 50
3 54
3 69
3 70
3 102
3 116
3 120
3 160
3 165
3 176
3 195
3 200
3 203
3 204
3 218
3 231
3 249
3 278
3 318
3 328
3 331
3 358
3 371
3 374
3 393
3 404
3 428
3 436
3 460
3 487
4 11
4 58
4 170
4 172
4 196
4 204
4 214
4 225
4 229
4 266
4 318
4 337
4 355
4 363
4 387
4 396
4 438
4 448
4 456
4 465
4 467
4 487
5 10
5 26
5 38
5 39
5 42
5 54
5 56
5 61
5 63
5 69
5 82
5 98
5 103
5 114
5 117
5 174
5 192
5 193
5 194
5 199
5 206
5 213
5 254
5 262
5 318
5 336
5 337
5 353
5 378
5 385
5 423
5 431
5 435
5 437
5 460
5 461
5 466
6 1
6 43
6 44
6 75
6 100
6 126
6 137
6 143
6 144
6 155
6 195
6 197
6 199
6 212
6 213
6 243
6 275
6 277
6 322
6 402
6 411
6 421
6 427
6 441
6 482
6 499
7 11
7 19
7 32
7 56
7 59
7 74
7 81
7 181
7 190
7 193
7 222
7 237
7 298
7 339
7 345
7 347
7 353
7 359
7 368
7 408
7 454
7 455
7 474
7 491
7 495
8 46
8 62
8 66
8 134
8 164
8 173
8 181
8 186
8 219
8 265
8 286
8 288
8 317
8 394
8 398
8 400
8 403
8 408
8 423
8 430
8 462
8 463
8 467
8 480
8 486
9 15
9 25
9 29
9 41
9 63
9 64
9 68
9 69
9 136
9 204
9 244
9 255
9 290
9 299
9 312
9 316
9 356
9 379
9 395
9 399
9 400
9 493
10 0
10 5
10 26
10 79
10 83
10 101
10 150
10 151
10 174
10 180
10 209
10 214
10 225
10 270
10 311
10 315
10 329
10 394
10 398
10 405
10 444
10 482
11 4
11 7
11 38
11 68
11 80
11 99
11 135
11 172
11 200
11 206
11 207
11 229
11 231
11 233
11 262
11 292
11 310
11 329
11 383
11 405
11 455
11 463
11 492
12 18
12 19
12 106
12 137
12 138
12 186
12 198
12 284
12 310
12 325
12 329
12 335
12 358
12 363
12 416
12 426
12 438
12 451
12 454
13 43
13 52
13 67
13 74
13 99
13 114
13 121
13 126
13 163
13 229
13 272
13 296
13 298
13 302
13 303
13 319
13 321
13 336
13 338
13 346
13 348
13 355
13 356
13 368
13 397
13 422
13 426
13 430
13 432
13 465
13 481
14 0
14 56
14 85
14 97
14 100
14 158
14 168
14 188
14 192
14 207
14 217
14 231
14 243
14 275
14 281
14 298
14 311
14 343
14 359
14 407
14 409
14 417
14 462
14 491
15 9
15 29
15 30
15 45
15 50
15 70
15 71
15 89
15 92
15 170
15 224
15 232
15 257
15 291
15 293
15 296
15 317
15 325
15 338
15 342
15 355
15 388
15 392
15 419
15 426
15 434
15 450
15 468
15 472
15 482
16 46
16 60
16 65
16 87
16 100
16 115
16 132
16 197
16 206
16 223
16 231
16 234
16 273
16 285
16 310
16 316
16 321
16 325
16 332
16 355
16 363
16 382
16 384
16 387
16 388
16 390
16 391
16 405
16 420
16 458
16 459
17 1
17 24
17 29
17 37
17 40
17 58
17 60
17 74
17 79
17 106
17 126
17 130
17 158
17 185
17 199
17 204
17 224
17 226
17 278
17 279
17 296
17 308
17 327
17 415
17 433
18 12
18 23
18 65
18 67
18 92
18 94
18 139
18 141
18 192
18 194
18 256
18 273
18 291
18 297
18 308
18 318
18 329
18 332
18 336
18 339
18 361
18 383
18 408
18 412
18 423
18 425
18 433
18 442
18 453
18 497
19 7
19 12
19 53
19 70
19 107
19 149
19 161
19 182
19 188
19 212
19 218
19 224
19 230
19 237
19 243
19 247
19 279
19 287
19 290
19 294
19 300
19 331
19 335
19 363
19 395
19 422
19 429
19 437
19 444
19 451
20 0
20 33
20 59
20 63
20 132
20 149
20 150
20 166
20 170
20 176
20 177
20 193
20 195
20 220
20 221
20 228
20 258
20 273
20 318
20 324
20 341
20 349
20 353
20 355
20 357
20 363
20 365
20 370
20 406
20 413
20 415
20 459
20 469
20 484
20 493
20 495
20 499
21 0
21 3
21 49
21 84
21 100
21 128
21 131
21 142
21 151
21 154
21 156
21 231
21 261
21 268
21 289
21 316
21 324
21 326
21 331
21 350
21 379
21 398
21 415
21 449
21 456
21 458
21 460
21 469
21 484
22 24
22 32
22 104
22 108
22 119
22 140
22 144
22 165
22 219
22 236
22 247
22 263
22 352
22 356
22 363
22 387
22 404
22 424
22 425
22 467
23 18
23 47
23 59
23 77
23 116
23 145
23 189
23 202
23 218
23 248
23 276
23 316
23 388
23 390
23 445
23 451
23 481
24 17
24 22
24 27
24 114
24 118
24 121
24 170
24 206
24 218
24 259
24 262
24 275
24 303
24 310
24 311
24 328
24 335
24 336
24 348
24 399
24 401
24 436
24 444
24 480
25 3
25 9
25 28
25 29
25 50
25 52
25 53
25 69
25 74
25 82
25 88
25 91
25 127
25 139
25 159
25 197
25 204
25 210
25 249
25 259
25 274
25 317
25 340
25 376
25 383
25 392
25 400
25 445
25 470
26 5
26 10
26 56
26 79
26 84
26 90
26 107
26 128
26 152
26 159
26 165
26 188
26 221
26 223
26 228
26 248
26 251
26 304
26 328
26 343
26 365
26 386
26 411
26 421
26 435
26 440
26 446
26 469
26 481
26 486
26 490
27 0
27 24
27 40
27 55
27 64
27 80
27 104
27 110
27 116
27 134
27 136
27 174
27 222
27 225
27 268
27 276
27 302
27 313
27 339
27 342
27 347
27 374
27 389
27 392
27 412
27 427
27 428
27 449
28 25
28 49
28 106
28 129
28 138
28 159
28 196
28 253
28 300
28 359
28 362
28 384
28 385
28 387
28 495
29 9
29 15
29 17
29 25
29 34
29 61
29 65
29 78
29 86
29 104
29 105
29 117
29 138
29 166
29 174
29 182
29 226
29 255
29 258
29 284
29 301
29 303
29 326
29 329
29 337
29 339
29 355
29 356
29 377
29 393
29 394
29 442
29 464
29 487
30 15
30 32
30 57
30 77
30 115
30 117
30 133
30 134
30 149
30 219
30 231
30 313
30 342
30 373
30 377
30 389
30 395
30 447
30 452
31 49
31 100
31 105
31 125
31 163
31 196
31 230
31 249
31 267
31 270
31 293
31 324
31 334
31 346
31 349
31 367
31 379
31 382
31 457
31 482
31 493
32 7
32 22
32 30
32 61
32 68
32 82
32 88
32 99
32 111
32 126
32 131
32 158
32 207
32 222
32 233
32 294
32 304
32 309
32 328
32 384
32 393
32 396
32 405
32 431
32 434
32 436
32 439
32 460
32 468
32 474
32 498
33 20
33 56
33 71
33 88
33 95
33 141
33 203
33 223
33 237
33 239
33 253
33 258
33 320
33 341
33 397
33 398
33 413
33 418
34 1
34 29
34 38
34 41
34 43
34 52
34 58
34 59
34 90
34 108
34 115
34 123
34 126
34 157
34 166
34 177
34 207
34 243
34 249
34 251
34 286
34 298
34 309
34 320
34 327
34 351
34 359
34 371
34 405
34 468
34 482
34 485
35 37
35 63
35 71
35 72
35 86
35 101
35 141
35 166
35 187
35 205
35 209
35 212
35 216
35 217
35 240
35 245
35 275
35 352
35 384
35 393
35 399
35 470
35 476
36 0
36 50
36 56
36 65
36 124
36 125
36 147
36 168
36 190
36 267
36 283
36 303
36 327
36 355
36 369
36 382
36 410
36 414
36 456
36 460
36 475
37 17
37 35
37 48
37 72
37 73
37 87
37 93
37 108
37 120
37 122
37 132
37 139
37 143
37 150
37 173
37 192
37 207
37 246
37 252
37 264
37 267
37 276
37 286
37 290
37 299
37 301
37 303
37 371
37 401
37 421
37 432
37 452
37 454
38 5
38 11
38 34
38 46
38 57
38 80
38 82
38 91
38 115
38 120
38 153
38 165
38 187
38 202
38 322
38 359
38 367
38 380
38 433
38 450
38 458
39 5
39 52
39 59
39 81
39 89
39 123
39 143
39 162
39 164
39 171
39 187
39 276
39 399
39 410
39 445
39 462
39 469
39 483
40 17
40 27
40 41
40 82
40 89
40 139
40 148
40 149
40 163
40 165
40 292
40 307
40 312
40 328
40 339
40 390
40 409
40 427
40 442
40 456
40 464
41 9
41 34
41 40
41 59
41 76
41 82
41 108
41 131
41 148
41 156
41 221
41 233
41 248
41 249
41 265
41 267
41 290
41 326
41 334
41 343
41 438
41 448
41 462
41 493
41 496
42 5
42 67
42 82
42 101
42 115
42 126
42 156
42 196
42 262
42 275
42 306
42 314
42 315
42 319
42 334
42 356
42 385
42 399
42 445
42 450
42 454
42 464
42 469
42 476
42 489
43 6
43 13
43 34
43 52
43 75
43 93
43 96
43 106
43 158
43 190
43 192
43 197
43 198
43 238
43 291
43 297
43 331
43 339
43 357
43 373
43 439
43 476
44 6
44 94
44 204
44 235
44 250
44 258
44 268
44 271
44 299
44 307
44 309
44 317
44 339
44 365
44 373
44 386
44 388
44 414
44 421
44 443
44 466
44 499
45 3
45 15
45 58
45 68
45 75
45 140
45 149
45 162
45 170
45 171
45 219
45 234
45 270
45 308
45 309
45 316
45 319
45 399
45 403
45 416
45 420
45 422
45 442
45 450
45 470
45 498
46 8
46 16
46 38
46 47
46 48
46 60
46 99
46 103
46 136
46 164
46 182
46 198
46 210
46 217
46 237
46 241
46 296
46 375
46 377
46 403
46 404
46 415
46 429
46 442
46 456
46 467
46 488
46 490
47 3
47 23
47 46
47 49
47 97
47 103
47 111
47 146
47 147
47 163
47 197
47 201
47 208
47 213
47 223
47 238
47 250
47 257
47 287
47 292
47 297
47 308
47 315
47 348
47 349
47 355
47 373
47 381
47 384
47 420
47 433
47 439
47 440
47 449
47 459
48 37
48 46
48 93
48 133
48 157
48 170
48 176
48 180
48 207
48 229
48 267
48 268
48 288
48 291
48 293
48 297
48 346
48 378
48 398
48 409
48 413
48 436
48 453
48 464
49 21
49 28
49 31
49 47
49 88
49 102
49 103
49 123
49 196
49 231
49 244
49 253
49 256
49 260
49 274
49 323
49 337
49 360
49 361
49 366
49 398
49 410
49 412
49 431
49 482
49 499
50 2
50 3
50 15
50 25
50 36
50 72
50 90
50 102
50 105
50 110
50 117
50 122
50 141
50 144
50 187
50 204
50 205
50 206
50 213
50 217
50 234
50 249
50 285
50 306
50 321
50 327
50 339
50 399
50 408
50 419
50 421
50 450
50 464
50 479
51 2
51 81
51 83
51 125
51 126
51 141
51 151
51 152
51 160
51 175
51 180
51 213
51 215
51 237
51 253
51 276
51 277
51 280
51 295
51 308
51 311
51 322
51 328
51 351
51 356
51 365
51 381
51 389
51 403
51 407
51 428
51 442
52 13
52 25
52 34
52 39
52 43
52 61
52 130
52 145
52 158
52 162
52 168
52 172
52 191
52 192
52 199
52 203
52 224
52 258
52 265
52 285
52 299
52 323
52 335
52 358
52 370
52 381
52 423
52 427
52 441
52 460
53 19
53 25
53 82
53 119
53 145
53 174
53 194
53 218
53 239
53 245
53 248
53 256
53 266
53 272
53 293
53 323
53 346
53 394
53 410
53 418
53 421
53 457
53 494
53 495
54 3
54 5
54 70
54 94
54 102
54 156
54 158
54 185
54 217
54 236
54 243
54 253
54 261
54 266
54 293
54 312
54 349
54 361
54 368
54 369
54 454
54 456
54 468
55 27
55 75
55 86
55 87
55 109
55 147
55 156
55 163
55 169
55 180
55 189
55 194
55 198
55 200
55 261
55 291
55 298
55 322
55 395
55 396
55 398
55 408
55 422
55 438
55 443
55 492
56 5
56 7
56 14
56 26
56 33
56 36
56 60
56 104
56 194
56 196
56 197
56 247
56 252
56 254
56 268
56 281
56 292
56 295
56 321
56 357
56 409
56 445
56 480
56 499
57 0
57 30
57 38
57 65
57 66
57 87
57 149
57 150
57 156
57 158
57 182
57 183
57 210
57 214
57 246
57 261
57 263
57 372
57 377
57 396
57 410
57 411
57 448
57 478
57 482
57 487
57 490
58 4
58 17
58 34
58 45
58 98
58 116
58 120
58 128
58 151
58 176
58 178
58 202
58 219
58 233
58 259
58 274
58 277
58 286
58 301
58 328
58 372
58 375
58 454
58 460
58 470
59 7
59 20
59 23
59 34
59 39
59 41
59 70
59 71
59 105
59 169
59 174
59 219
59 274
59 279
59 309
59 320
59 337
59 375
59 428
59 447
59 469
59 476
59 487
59 491
60 16
60 17
60 46
60 56
60 77
60 104
60 115
60 123
60 125
60 132
60 162
60 178
60 180
60 204
60 205
60 210
60 213
60 217
60 223
60 228
60 232
60 248
60 255
60 256
60 286
60 372
60 382
60 383
60 388
60 428
60 434
60 447
60 452
60 458
60 491
60 497
61 2
61 5
61 29
61 32
61 52
61 68
61 104
61 120
61 132
61 136
61 143
61 164
61 200
61 231
61 272
61 321
61 375
61 385
61 418
61 433
61 443
61 458
61 463
61 471
61 491
61 499
62 8
62 97
62 103
62 127
62 130
62 153
62 190
62 197
62 223
62 266
62 267
62 301
62 333
62 335
62 349
62 389
62 407
62 416
62 444
62 459
62 475
62 494
62 496
63 5
63 9
63 20
63 35
63 69
63 148
63 150
63 167
63 174
63 225
63 265
63 271
63 299
63 329
63 336
63 369
63 395
63 409
63 414
63 438
63 442
63 446
64 9
64 27
64 83
64 86
64 88
64 95
64 121
64 128
64 151
64 157
64 162
64 184
64 214
64 220
64 284
64 300
64 304
64 331
64 334
64 342
64 353
64 367
64 375
64 408
64 410
64 423
64 436
64 442
64 481
65 16
65 18
65 29
65 36
65 57
65 130
65 148
65 154
65 196
65 214
65 230
65 246
65 255
65 270
65 273
65 321
65 322
65 370
65 378
65 381
65 383
65 391
65 434
65 465
65 498
65 499
66 1
66 8
66 57
66 89
66 127
66 153
66 171
66 198
66 329
66 332
66 334
66 344
66 357
66 368
66 410
66 418
66 448
67 2
67 13
67 18
67 42
67 68
67 81
67 124
67 125
67 162
67 172
67 175
67 185
67 229
67 279
67 281
67 283
67 327
67 343
67 363
67 370
67 372
67 394
67 397
67 402
67 403
67 479
67 487
68 9
68 11
68 32
68 45
68 61
68 67
68 91
68 104
68 105
68 108
68 124
68 129
68 155
68 182
68 191
68 196
68 219
68 241
68 345
68 349
68 361
68 368
68 370
68 424
69 3
69 5
69 9
69 25
69 63
69 92
69 94
69 96
69 122
69 133
69 143
69 157
69 171
69 179
69 198
69 203
69 206
69 220
69 226
69 250
69 252
69 260
69 282
69 297
69 300
69 329
69 340
69 346
69 368
69 370
69 377
69 391
69 394
69 403
69 421
69 431
69 434
69 438
69 449
69 453
69 478
69 488
69 499
70 3
70 15
70 19
70 54
70 59
70 83
70 86
70 102
70 106
70 125
70 152
70 171
70 198
70 210
70 247
70 256
70 268
70 312
70 318
70 319
70 321
70 333
70 336
70 343
70 345
70 349
70 362
70 389
70 428
70 432
70 440
70 459
70 468
70 479
70 493
71 15
71 33
71 35
71 59
71 162
71 199
71 209
71 212
71 233
71 254
71 263
71 266
71 277
71 308
71 332
71 384
71 422
71 423
71 433
71 443
71 498
72 0
72 1
72 35
72 37
72 50
72 78
72 102
72 133
72 149
72 152
72 167
72 170
72 195
72 201
72 218
72 255
72 256
72 292
72 299
72 305
72 314
72 315
72 316
72 349
72 360
72 372
72 388
72 392
72 397
72 398
72 401
72 403
72 468
72 470
72 483
73 0
73 2
73 37
73 93
73 113
73 117
73 137
73 157
73 166
73 175
73 182
73 208
73 275
73 292
73 301
73 332
73 362
73 370
73 376
73 386
73 387
73 424
73 442
73 456
73 460
74 2
74 7
74 13
74 17
74 25
74 77
74 89
74 91
74 101
74 125
74 150
74 235
74 259
74 294
74 297
74 327
74 338
74 348
74 409
74 488
75 6
75 43
75 45
75 55
75 124
75 128
75 142
75 144
75 150
75 198
75 266
75 303
75 306
75 311
75 334
75 346
75 348
75 350
75 365
75 448
75 464
76 41
76 80
76 95
76 96
76 178
76 197
76 199
76 214
76 216
76 217
76 221
76 271
76 285
76 286
76 319
76 323
76 341
76 350
76 359
76 380
76 401
76 416
76 418
76 472
76 473
77 23
77 30
77 60
77 74
77 84
77 90
77 104
77 113
77 130
77 154
77 172
77 178
77 184
77 185
77 217
77 254
77 257
77 262
77 281
77 302
77 309
77 317
77 327
77 362
77 388
77 395
77 409
77 413
77 482
77 486
78 29
78 72
78 127
78 131
78 150
78 155
78 169
78 182
78 190
78 192
78 233
78 236
78 263
78 267
78 274
78 275
78 299
78 334
78 356
78 378
78 381
78 389
78 391
78 396
78 406
78 436
78 465
78 485
79 10
79 17
79 26
79 84
79 101
79 113
79 141
79 151
79 152
79 184
79 199
79 201
79 258
79 265
79 305
79 314
79 346
79 355
79 362
79 371
79 386
79 406
79 411
79 414
79 440
79 442
79 499
80 11
80 27
80 38
80 76
80 90
80 91
80 135
80 140
80 141
80 148
80 165
80 180
80 210
80 220
80 261
80 262
80 276
80 305
80 312
80 322
80 330
80 387
80 392
80 406
80 428
80 443
81 7
81 39
81 51
81 67
81 95
81 121
81 136
81 159
81 168
81 170
81 187
81 188
81 196
81 207
81 221
81 223
81 235
81 255
81 289
81 321
81 324
81 355
81 378
81 379
81 409
81 431
81 445
81 454
81 456
81 458
81 472
82 5
82 25
82 32
82 38
82 40
82 41
82 42
82 53
82 104
82 129
82 136
82 143
82 152
82 200
82 247
82 288
82 300
82 325
82 341
82 342
82 353
82 380
82 388
82 394
82 406
82 431
82 444
82 450
82 451
82 454
82 488
82 489
82 495
82 497
83 10
83 51
83 64
83 70
83 107
83 116
83 195
83 199
83 240
83 253
83 256
83 260
83 279
83 289
83 316
83 335
83 357
83 358
83 373
83 379
83 380
83 396
83 399
83 409
83 436
83 449
83 451
83 452
83 453
83 460
83 462
83 480
83 495
84 21
84 26
84 77
84 79
84 92
84 115
84 133
84 163
84 171
84 182
84 201
84 237
84 243
84 249
84 322
84 332
84 435
84 463
84 464
84 467
84 494
85 14
85 107
85 128
85 156
85 175
85 197
85 201
85 203
85 214
85 225
85 228
85 235
85 267
85 291
85 336
85 338
85 351
85 355
85 361
85 395
85 397
85 422
85 440
85 443
85 447
85 448
85 457
85 469
85 470
86 29
86 35
86 55
86 64
86 70
86 94
86 123
86 165
86 172
86 187
86 205
86 206
86 236
86 295
86 324
86 362
86 364
86 367
86 376
86 382
86 398
86 431
86 453
86 456
86 461
86 462
86 468
86 499
87 16
87 37
87 55
87 57
87 99
87 102
87 168
87 184
87 197
87 212
87 216
87 220
87 224
87 303
87 313
87 327
87 350
87 353
87 381
87 384
87 408
87 414
87 426
87 463
88 25
88 32
88 33
88 49
88 64
88 93
88 100
88 116
88 160
88 224
88 225
88 228
88 230
88 235
88 250
88 286
88 313
88 325
88 326
88 350
88 410
88 448
89 15
89 39
89 40
89 66
89 74
89 111
89 112
89 174
89 179
89 193
89 200
89 238
89 244
89 261
89 262
89 284
89 316
89 323
89 327
89 374
89 375
89 383
89 387
89 398
89 494
90 26
90 34
90 50
90 77
90 80
90 139
90 153
90 169
90 189
90 217
90 224
90 236
90 238
90 243
90 264
90 307
90 362
90 363
90 374
90 376
90 385
90 386
90 408
90 415
90 488
91 25
91 38
91 68
91 74
91 80
91 131
91 157
91 159
91 190
91 235
91 256
91 266
91 267
91 334
91 337
91 346
91 371
91 375
92 0
92 15
92 18
92 69
92 84
92 104
92 122
92 124
92 126
92 133
92 150
92 154
92 192
92 195
92 208
92 215
92 235
92 244
92 251
92 257
92 269
92 287
92 326
92 358
93 37
93 43
93 48
93 73
93 88
93 95
93 129
93 141
93 151
93 166
93 436
93 456
94 18
94 44
94 54
94 69
94 86
94 105
94 112
94 158
94 174
94 186
94 207
94 249
94 253
94 281
94 287
94 343
94 375
94 427
94 429
94 442
94 446
94 456
95 33
95 64
95 76
95 81
95 93
95 116
95 172
95 200
95 209
95 221
95 236
95 239
95 270
95 303
95 307
95 319
95 414
95 430
95 470
95 479
95 488
96 43
96 69
96 76
96 137
96 168
96 177
96 189
96 196
96 236
96 240
96 255
96 266
96 270
96 281
96 282
96 293
96 327
96 364
96 365
96 396
96 416
96 439
96 453
96 455
96 485
96 495
96 497
97 14
97 47
97 62
97 112
97 166
97 179
97 183
97 222
97 227
97 255
97 284
97 289
97 307
97 330
97 380
97 394
97 408
97 466
98 5
98 58
98 101
98 126
98 128
98 133
98 159
98 198
98 200
98 206
98 234
98 263
98 266
98 277
98 288
98 319
98 326
98 369
98 370
98 452
98 471
98 490
99 11
99 13
99 32
99 46
99 87
99 113
99 133
99 159
99 161
99 202
99 213
99 243
99 289
99 305
99 310
99 349
99 374
99 375
99 415
99 417
99 445
100 6
100 14
100 16
100 21
100 31
100 88
100 121
100 131
100 145
100 223
100 227
100 256
100 267
100 303
100 306
100 313
100 345
100 363
100 364
100 407
100 418
100 421
100 447
100 491
101 10
101 35
101 42
101 74
101 79
101 98
101 142
101 195
101 248
101 293
101 302
101 316
101 333
101 441
101 443
101 453
101 491
102 3
102 49
102 50
102 54
102 70
102 72
102 87
102 109
102 110
102 112
102 123
102 133
102 146
102 152
102 165
102 174
102 176
102 191
102 192
102 197
102 223
102 228
102 230
102 234
102 255
102 257
102 275
102 351
102 359
102 362
102 364
102 373
102 374
102 375
102 396
102 416
102 418
102 427
102 432
102 494
102 496
103 5
103 46
103 47
103 49
103 62
103 132
103 146
103 215
103 241
103 259
103 262
103 278
103 286
103 288
103 334
103 351
103 411
103 419
103 436
103 489
103 497
104 22
104 27
104 29
104 56
104 60
104 61
104 68
104 77
104 82
104 92
104 112
104 173
104 175
104 177
104 194
104 197
104 199
104 207
104 233
104 242
104 256
104 311
104 330
104 347
104 359
104 381
104 385
104 394
104 396
104 409
104 441
104 456
104 487
105 1
105 29
105 31
105 50
105 59
105 68
105 94
105 116
105 122
105 126
105 163
105 170
105 188
105 210
105 245
105 254
105 289
105 296
105 362
105 405
105 441
105 465
106 12
106 17
106 28
106 43
106 70
106 109
106 128
106 135
106 184
106 186
106 285
106 303
106 312
106 337
106 341
106 352
106 388
106 414
106 424
107 19
107 26
107 83
107 85
107 112
107 148
107 158
107 166
107 175
107 177
107 202
107 205
107 230
107 239
107 246
107 310
107 317
107 325
107 371
107 417
107 477
107 497
107 499
108 22
108 34
108 37
108 41
108 68
108 116
108 152
108 154
108 157
108 176
108 193
108 253
108 289
108 298
108 353
108 355
108 377
108 386
108 402
108 407
108 409
108 424
108 444
108 482
109 55
109 102
109 106
109 114
109 151
109 163
109 182
109 185
109 221
109 224
109 230
109 256
109 318
109 327
109 348
109 400
109 407
109 448
109 474
109 493
109 495
110 27
110 50
110 102
110 134
110 147
110 153
110 162
110 164
110 182
110 203
110 205
110 211
110 214
110 215
110 268
110 282
110 305
110 316
110 336
110 342
110 366
110 482
110 485
111 32
111 47
111 89
111 138
111 190
111 203
111 204
111 235
111 262
111 277
111 285
111 321
111 355
111 464
111 469
111 478
112 89
112 94
112 97
112 102
112 104
112 107
112 134
112 152
112 189
112 193
112 239
112 245
112 272
112 303
112 324
112 365
112 380
112 398
112 414
112 430
112 461
112 467
112 473
112 499
113 0
113 73
113 77
113 79
113 99
113 180
113 242
113 283
113 359
113 379
113 381
113 407
113 416
113 458
113 472
113 483
114 5
114 13
114 24
114 109
114 124
114 160
114 184
114 185
114 202
114 240
114 245
114 257
114 261
114 265
114 280
114 304
114 310
114 348
114 371
114 374
114 424
114 426
114 428
114 452
114 489
115 16
115 30
115 34
115 38
115 42
115 60
115 84
115 131
115 145
115 157
115 168
115 176
115 221
115 237
115 288
115 315
115 330
115 405
115 410
115 446
115 460
115 471
115 475
116 3
116 23
116 27
116 58
116 83
116 88
116 95
116 105
116 108
116 117
116 135
116 161
116 230
116 302
116 315
116 325
116 330
116 334
116 483
117 5
117 29
117 30
117 50
117 73
117 116
117 121
117 146
117 147
117 161
117 216
117 238
117 262
117 279
117 284
117 295
117 346
117 348
117 371
117 375
117 404
117 424
117 427
117 428
117 492
117 497
118 24
118 129
118 146
118 186
118 321
118 331
118 347
118 358
118 369
118 419
118 444
118 450
118 465
118 488
119 22
119 53
119 132
119 139
119 148
119 193
119 213
119 219
119 220
119 224
119 236
119 244
119 304
119 348
119 368
119 443
119 446
119 456
119 468
119 479
120 2
120 3
120 37
120 38
120 58
120 61
120 127
120 130
120 195
120 204
120 209
120 212
120 232
120 241
120 274
120 283
120 288
120 310
120 313
120 327
120 331
120 337
120 361
120 363
120 380
120 395
120 400
120 403
120 428
120 432
120 441
120 446
120 468
121 13
121 24
121 64
121 81
121 100
121 117
121 122
121 126
121 171
121 176
121 182
121 198
121 209
121 217
121 228
121 246
121 248
121 249
121 250
121 257
121 281
121 304
121 305
121 320
121 323
121 346
121 357
121 409
121 429
121 436
121 470
121 472
122 37
122 50
122 69
122 92
122 105
122 121
122 141
122 159
122 191
122 192
122 193
122 199
122 215
122 233
122 241
122 251
122 253
122 336
122 394
122 425
122 438
122 440
122 452
123 34
123 39
123 49
123 60
123 86
123 102
123 127
123 159
123 177
123 180
123 186
123 228
123 233
123 243
123 266
123 321
123 354
123 358
123 368
123 372
123 376
123 377
123 389
123 392
123 454
123 469
124 36
124 67
124 68
124 75
124 92
124 114
124 137
124 201
124 209
124 240
124 256
124 262
124 270
124 295
124 331
124 332
124 376
124 382
124 385
124 389
124 412
124 417
124 466
124 475
124 481
125 0
125 31
125 36
125 51
125 60
125 67
125 70
125 74
125 126
125 129
125 134
125 182
125 218
125 233
125 237
125 242
125 252
125 275
125 283
125 317
125 349
125 363
125 404
125 413
125 435
125 437
125 438
125 471
125 488
126 0
126 6
126 13
126 17
126 32
126 34
126 42
126 51
126 92
126 98
126 105
126 121
126 125
126 167
126 180
126 184
126 221
126 240
126 267
126 292
126 311
126 357
126 365
126 379
126 386
126 390
126 392
126 407
127 25
127 62
127 66
127 78
127 120
127 123
127 135
127 139
127 168
127 176
127 190
127 204
127 240
127 274
127 286
127 312
127 338
127 341
127 406
127 419
127 460
127 464
127 478
128 21
128 26
128 58
128 64
128 75
128 85
128 98
128 106
128 152
128 164
128 168
128 181
128 190
128 196
128 276
128 285
128 293
128 301
128 306
128 330
128 347
128 423
128 428
128 463
129 28
129 68
129 82
129 93
129 118
129 125
129 147
129 170
129 176
129 198
129 202
129 219
129 372
129 390
129 420
129 445
129 449
129 464
129 474
129 497
130 17
130 52
130 62
130 65
130 77
130 120
130 134
130 161
130 190
130 209
130 261
130 286
130 297
130 307
130 310
130 326
130 340
130 365
130 368
130 373
130 419
130 423
130 441
130 474
130 486
130 494
131 21
131 32
131 41
131 78
131 91
131 100
131 115
131 146
131 158
131 203
131 205
131 215
131 222
131 232
131 241
131 246
131 286
131 320
131 397
131 398
131 407
131 420
131 456
131 468
131 474
131 495
132 16
132 20
132 37
132 60
132 61
132 103
132 119
132 185
132 190
132 199
132 230
132 274
132 275
132 289
132 293
132 295
132 319
132 324
132 356
132 360
132 418
132 425
132 426
132 431
132 456
132 475
132 482
132 483
133 30
133 48
133 69
133 72
133 84
133 92
133 98
133 99
133 102
133 148
133 151
133 200
133 213
133 229
133 236
133 239
133 244
133 247
133 282
133 287
133 302
133 320
133 333
133 341
133 342
133 381
133 397
133 408
133 418
133 450
133 457
133 464
133 484
134 8
134 27
134 30
134 110
134 112
134 125
134 130
134 206
134 207
134 220
134 273
134 346
134 355
134 371
134 372
134 390
134 404
134 444
134 452
134 492
135 11
135 80
135 106
135 116
135 127
135 144
135 179
135 190
135 223
135 246
135 339
135 382
135 388
135 420
135 459
135 489
135 499
136 9
136 27
136 46
136 61
136 81
136 82
136 137
136 160
136 161
136 162
136 175
136 204
136 228
136 284
136 287
136 313
136 339
136 388
136 390
136 413
136 416
136 426
136 446
136 450
136 476
137 6
137 12
137 73
137 96
137 124
137 136
137 138
137 160
137 165
137 192
137 197
137 214
137 219
137 300
137 307
137 318
137 339
137 404
137 421
137 459
137 461
137 480
137 489
138 12
138 28
138 29
138 111
138 137
138 150
138 161
138 166
138 175
138 197
138 204
138 224
138 240
138 270
138 285
138 311
138 312
138 322
138 352
138 357
138 401
138 409
138 411
138 415
138 419
138 425
138 430
138 435
138 437
138 473
138 499
139 18
139 25
139 37
139 40
139 90
139 119
139 127
139 140
139 148
139 199
139 207
139 242
139 258
139 282
139 299
139 316
139 387
139 410
139 451
139 467
139 483
139 499
140 1
140 22
140 45
140 80
140 139
140 148
140 168
140 170
140 197
140 228
140 248
140 251
140 263
140 324
140 331
140 344
140 367
140 368
140 409
140 416
140 425
140 433
140 438
140 450
140 457
140 467
140 471
140 475
140 478
140 493
140 497
141 0
141 18
141 33
141 35
141 50
141 51
141 79
141 80
141 93
141 122
141 175
141 204
141 216
141 219
141 252
141 253
141 296
141 322
141 324
141 336
141 348
141 383
141 389
141 410
141 443
141 458
141 466
141 479
142 2
142 21
142 75
142 101
142 145
142 178
142 194
142 201
142 217
142 270
142 273
142 333
142 359
142 365
142 369
142 399
142 413
142 441
142 460
142 465
142 484
143 6
143 37
143 39
143 61
143 69
143 82
143 159
143 184
143 191
143 232
143 303
143 328
143 329
143 346
143 354
143 409
143 422
143 435
143 457
143 466
143 483
143 488
143 490
144 6
144 22
144 50
144 75
144 135
144 163
144 166
144 167
144 202
144 213
144 222
144 223
144 252
144 261
144 265
144 283
144 329
144 371
144 384
144 413
144 439
144 450
144 485
145 23
145 52
145 53
145 100
145 115
145 142
145 148
145 170
145 177
145 218
145 239
145 240
145 247
145 255
145 257
145 260
145 293
145 336
145 356
145 427
145 464
146 47
146 102
146 103
146 117
146 118
146 131
146 150
146 183
146 192
146 219
146 225
146 229
146 231
146 238
146 249
146 252
146 281
146 287
146 316
146 318
146 336
146 373
146 376
146 380
146 409
146 422
146 428
146 437
146 454
146 456
146 465
146 474
147 36
147 47
147 55
147 110
147 117
147 129
147 165
147 200
147 220
147 225
147 226
147 235
147 261
147 270
147 357
147 385
147 413
147 418
147 419
147 431
147 458
147 490
147 493
148 40
148 41
148 63
148 65
148 80
148 107
148 119
148 133
148 139
148 140
148 145
148 181
148 223
148 224
148 235
148 255
148 271
148 288
148 302
148 313
148 324
148 326
148 327
148 329
148 363
148 409
148 456
148 483
148 485
149 19
149 20
149 30
149 40
149 45
149 57
149 72
149 160
149 172
149 186
149 187
149 197
149 235
149 236
149 255
149 258
149 275
149 280
149 283
149 295
149 362
149 387
149 399
149 412
149 417
149 434
149 437
149 442
149 459
149 463
150 10
150 20
150 37
150 57
150 63
150 74
150 75
150 78
150 92
150 138
150 146
150 169
150 178
150 183
150 230
150 242
150 260
150 266
150 270
150 278
150 372
150 420
151 0
151 10
151 21
151 51
151 58
151 64
151 79
151 93
151 109
151 133
151 155
151 164
151 199
151 204
151 232
151 244
151 252
151 260
151 273
151 317
151 340
151 408
151 426
151 432
151 469
151 475
151 477
151 489
152 0
152 26
152 51
152 70
152 72
152 79
152 82
152 102
152 108
152 112
152 128
152 167
152 175
152 188
152 189
152 191
152 193
152 199
152 221
152 237
152 247
152 264
152 268
152 293
152 295
152 303
152 329
152 358
152 415
152 441
152 486
153 38
153 62
153 66
153 90
153 110
153 166
153 181
153 189
153 200
153 250
153 253
153 255
153 272
153 280
153 301
153 305
153 312
153 398
153 405
153 415
153 422
153 430
153 460
153 469
154 21
154 65
154 77
154 92
154 108
154 174
154 217
154 238
154 251
154 258
154 275
154 305
154 341
154 396
154 409
154 410
154 444
154 471
154 495
155 6
155 68
155 78
155 151
155 165
155 210
155 228
155 249
155 256
155 266
155 279
155 367
155 465
155 479
156 21
156 41
156 42
156 54
156 55
156 57
156 85
156 182
156 195
156 206
156 253
156 278
156 328
156 331
156 378
156 385
156 399
156 403
156 450
156 461
156 478
156 498
157 34
157 48
157 64
157 69
157 73
157 91
157 108
157 115
157 159
157 170
157 175
157 187
157 321
157 326
157 341
157 345
157 392
157 410
157 430
157 438
157 440
157 444
157 452
157 474
157 485
158 2
158 14
158 17
158 32
158 43
158 52
158 54
158 57
158 94
158 107
158 131
158 165
158 173
158 178
158 180
158 187
158 211
158 218
158 233
158 238
158 248
158 323
158 328
158 342
158 350
158 431
158 477
159 25
159 26
159 28
159 81
159 91
159 98
159 99
159 122
159 123
159 143
159 157
159 164
159 183
159 265
159 272
159 278
159 288
159 292
159 308
159 340
159 354
159 408
159 464
160 2
160 3
160 51
160 88
160 114
160 136
160 137
160 149
160 164
160 166
160 189
160 193
160 226
160 237
160 247
160 249
160 288
160 310
160 319
160 323
160 339
160 344
160 345
160 362
160 365
160 373
160 413
160 427
160 490
161 2
161 19
161 99
161 116
161 117
161 130
161 136
161 138
161 171
161 178
161 188
161 199
161 222
161 257
161 270
161 289
161 331
161 334
161 365
161 386
161 397
161 421
161 461
161 472
162 39
162 45
162 52
162 60
162 64
162 67
162 71
162 110
162 136
162 163
162 181
162 194
162 214
162 218
162 223
162 226
162 259
162 288
162 291
162 299
162 316
162 370
162 390
162 417
162 429
162 430
162 458
162 467
163 13
163 31
163 40
163 47
163 55
163 84
163 105
163 109
163 144
163 162
163 169
163 194
163 217
163 225
163 247
163 257
163 259
163 265
163 314
163 318
163 323
163 327
163 334
163 366
163 367
163 371
163 399
163 412
163 425
163 427
163 432
163 449
163 464
163 468
164 1
164 8
164 39
164 46
164 61
164 110
164 128
164 151
164 159
164 160
164 186
164 191
164 201
164 222
164 253
164 307
164 318
164 321
164 348
164 363
164 379
164 390
164 412
164 447
164 488
164 499
165 3
165 22
165 26
165 38
165 40
165 80
165 86
165 102
165 137
165 147
165 155
165 158
165 173
165 235
165 245
165 246
165 247
165 258
165 294
165 329
165 352
165 357
165 361
165 415
165 495
166 20
166 29
166 34
166 35
166 73
166 93
166 97
166 107
166 138
166 144
166 153
166 160
166 211
166 237
166 248
166 277
166 327
166 330
166 343
166 395
166 442
166 443
166 446
166 448
166 459
167 63
167 72
167 126
167 144
167 152
167 181
167 226
167 228
167 254
167 255
167 283
167 289
167 304
167 354
167 356
167 373
167 374
167 383
167 387
167 412
167 413
167 486
167 493
168 14
168 36
168 52
168 81
168 87
168 96
168 115
168 127
168 128
168 140
168 215
168 244
168 257
168 265
168 268
168 280
168 285
168 288
168 290
168 348
168 352
168 357
168 391
168 398
168 438
168 452
168 494
169 55
169 59
169 78
169 90
169 150
169 163
169 174
169 179
169 241
169 243
169 254
169 261
169 278
169 300
169 345
169 359
169 365
169 367
169 371
169 412
169 472
169 493
169 495
169 499
170 4
170 15
170 20
170 24
170 45
170 48
170 72
170 81
170 105
170 129
170 140
170 145
170 157
170 174
170 199
170 217
170 225
170 227
170 229
170 231
170 243
170 245
170 290
170 307
170 313
170 317
170 466
170 483
171 39
171 45
171 66
171 69
171 70
171 84
171 121
171 161
171 181
171 184
171 191
171 247
171 250
171 265
171 346
171 361
171 366
171 368
171 369
171 375
171 379
171 446
171 455
171 457
171 478
171 496
172 4
172 11
172 52
172 67
172 77
172 86
172 95
172 149
172 197
172 206
172 211
172 244
172 247
172 260
172 277
172 303
172 357
172 363
172 382
172 399
172 439
172 446
172 450
173 8
173 37
173 104
173 158
173 165
173 182
173 207
173 220
173 225
173 250
173 264
173 269
173 270
173 275
173 305
173 313
173 339
173 361
173 387
173 389
173 402
173 418
173 439
173 459
173 468
173 476
173 477
173 487
174 5
174 10
174 27
174 29
174 53
174 59
174 63
174 89
174 94
174 102
174 154
174 169
174 170
174 220
174 248
174 251
174 266
174 283
174 303
174 312
174 322
174 369
174 384
174 389
174 436
174 455
174 461
174 467
174 468
175 51
175 67
175 73
175 85
175 104
175 107
175 136
175 138
175 141
175 152
175 157
175 207
175 225
175 226
175 248
175 252
175 281
175 317
175 345
175 358
175 380
175 381
175 442
175 456
175 469
175 495
176 1
176 3
176 20
176 48
176 58
176 102
176 108
176 115
176 121
176 127
176 129
176 181
176 186
176 232
176 234
176 240
176 253
176 310
176 312
176 316
176 325
176 336
176 411
176 437
176 479
176 485
176 490
176 498
177 20
177 34
177 96
177 104
177 107
177 123
177 145
177 193
177 205
177 216
177 221
177 226
177 258
177 270
177 274
177 296
177 308
177 400
177 445
177 449
177 462
177 475
177 481
178 58
178 60
178 76
178 77
178 142
178 150
178 158
178 161
178 182
178 187
178 188
178 245
178 250
178 257
178 265
178 272
178 275
178 289
178 300
178 322
178 353
178 365
178 398
178 428
178 433
178 440
178 454
178 497
179 69
179 89
179 97
179 135
179 169
179 183
179 195
179 208
179 217
179 237
179 262
179 328
179 387
179 410
179 421
179 450
179 471
179 488
179 489
180 0
180 10
180 48
180 51
180 55
180 60
180 80
180 113
180 123
180 126
180 158
180 182
180 194
180 199
180 208
180 226
180 238
180 240
180 280
180 297
180 325
180 328
180 339
180 367
180 425
180 498
181 7
181 8
181 128
181 148
181 153
181 162
181 167
181 171
181 176
181 238
181 292
181 325
181 326
181 359
181 364
181 390
181 441
181 445
181 467
182 0
182 19
182 29
182 46
182 57
182 68
182 73
182 78
182 84
182 109
182 110
182 121
182 125
182 156
182 173
182 178
182 180
182 213
182 218
182 226
182 287
182 302
182 336
182 337
182 346
182 367
182 369
182 396
182 458
182 465
183 57
183 97
183 146
183 150
183 159
183 179
183 247
183 265
183 269
183 291
183 314
183 354
183 382
183 408
183 457
183 460
183 468
184 64
184 77
184 79
184 87
184 106
184 114
184 126
184 143
184 171
184 189
184 203
184 206
184 221
184 222
184 237
184 256
184 262
184 317
184 368
184 382
184 398
184 451
184 487
185 1
185 17
185 54
185 67
185 77
185 109
185 114
185 132
185 195
185 201
185 238
185 264
185 283
185 287
185 338
185 339
185 350
185 367
185 448
185 450
185 464
185 465
186 8
186 12
186 94
186 106
186 118
186 123
186 149
186 164
186 176
186 197
186 214
186 220
186 234
186 252
186 290
186 323
186 324
186 331
186 378
186 386
186 411
186 420
186 433
186 444
186 461
187 35
187 38
187 39
187 50
187 81
187 86
187 149
187 157
187 158
187 178
187 286
187 328
187 382
187 390
187 410
187 430
187 461
187 463
187 476
187 477
188 1
188 14
188 19
188 26
188 81
188 105
188 152
188 161
188 178
188 189
188 251
188 270
188 278
188 281
188 285
188 304
188 305
188 308
188 325
188 334
188 367
188 385
188 397
188 422
189 23
189 55
189 90
189 96
189 112
189 152
189 153
189 160
189 184
189 188
189 192
189 216
189 260
189 263
189 293
189 343
189 356
189 367
189 373
189 376
189 380
189 388
189 392
189 401
189 412
189 433
189 452
189 483
189 493
189 496
190 7
190 36
190 43
190 62
190 78
190 91
190 111
190 127
190 128
190 130
190 132
190 135
190 246
190 251
190 256
190 268
190 335
190 367
190 377
190 389
190 394
190 414
190 418
190 438
190 447
190 454
190 459
190 488
190 492
190 499
191 52
191 68
191 102
191 122
191 143
191 152
191 164
191 171
191 196
191 205
191 253
191 259
191 264
191 270
191 312
191 320
191 324
191 391
191 413
191 425
191 453
191 483
192 1
192 5
192 14
192 18
192 37
192 43
192 52
192 78
192 92
192 102
192 122
192 137
192 146
192 189
192 227
192 236
192 246
192 283
192 286
192 363
192 369
192 382
192 384
192 387
192 402
192 409
192 432
192 459
193 5
193 7
193 20
193 89
193 108
193 112
193 119
193 122
193 152
193 160
193 177
193 235
193 252
193 287
193 290
193 354
193 356
193 381
193 404
193 412
193 428
193 431
193 447
193 471
194 5
194 18
194 53
194 55
194 56
194 104
194 142
194 162
194 163
194 180
194 221
194 258
194 273
194 286
194 314
194 336
194 360
194 495
195 3
195 6
195 20
195 72
195 83
195 92
195 101
195 120
195 156
195 179
195 185
195 203
195 219
195 226
195 239
195 246
195 260
195 279
195 282
195 328
195 460
195 491
196 4
196 28
196 31
196 42
196 49
196 56
196 65
196 68
196 81
196 96
196 128
196 191
196 227
196 249
196 256
196 267
196 282
196 284
196 371
196 394
196 410
196 430
196 438
196 472
196 492
197 6
197 16
197 25
197 43
197 47
197 56
197 62
197 76
197 85
197 87
197 102
197 104
197 137
197 138
197 140
197 149
197 172
197 186
197 255
197 257
197 289
197 308
197 316
197 319
197 353
197 360
197 391
197 442
197 446
197 450
198 12
198 43
198 46
198 55
198 66
198 69
198 70
198 75
198 98
198 121
198 129
198 204
198 220
198 221
198 222
198 244
198 257
198 260
198 275
198 281
198 294
198 322
198 327
198 359
198 376
198 398
198 435
198 446
198 457
198 467
198 471
198 488
199 5
199 6
199 17
199 52
199 71
199 76
199 79
199 83
199 104
199 122
199 132
199 139
199 151
199 152
199 161
199 170
199 180
199 204
199 225
199 238
199 246
199 262
199 265
199 286
199 297
199 307
199 328
199 334
199 347
199 373
199 393
199 397
199 446
199 482
200 3
200 11
200 55
200 61
200 82
200 89
200 95
200 98
200 133
200 147
200 153
200 300
200 318
200 322
200 408
200 425
201 47
201 72
201 79
201 84
201 85
201 124
201 142
201 164
201 185
201 224
201 243
201 245
201 252
201 258
201 291
201 305
201 343
201 347
201 386
201 395
201 437
201 442
201 466
201 478
201 483
202 23
202 38
202 58
202 99
202 107
202 114
202 129
202 144
202 225
202 260
202 307
202 328
202 335
202 346
202 373
202 392
202 405
202 431
202 488
202 498
203 3
203 33
203 52
203 69
203 85
203 110
203 111
203 131
203 184
203 195
203 223
203 224
203 254
203 255
203 293
203 321
203 349
203 352
203 361
203 364
203 384
203 407
204 0
204 2
204 3
204 4
204 9
204 17
204 25
204 44
204 50
204 60
204 111
204 120
204 127
204 136
204 138
204 141
204 151
204 198
204 199
204 210
204 222
204 233
204 267
204 274
204 297
204 319
204 333
204 337
204 354
204 365
204 372
204 409
204 413
204 467
205 35
205 50
205 60
205 86
205 107
205 110
205 131
205 177
205 191
205 219
205 229
205 235
205 240
205 319
205 320
205 328
205 336
205 354
205 357
205 359
205 369
205 406
205 451
206 5
206 11
206 16
206 24
206 50
206 69
206 86
206 98
206 134
206 156
206 172
206 184
206 244
206 254
206 256
206 257
206 258
206 275
206 333
206 348
206 406
206 420
206 430
206 436
206 447
206 473
206 478
206 484
206 493
207 11
207 14
207 32
207 34
207 37
207 48
207 81
207 94
207 104
207 134
207 139
207 173
207 175
207 246
207 258
207 261
207 274
207 285
207 306
207 310
207 311
207 361
207 372
207 404
207 406
207 412
207 415
207 426
207 436
207 458
207 468
208 47
208 73
208 92
208 179
208 180
208 264
208 285
208 352
208 369
208 383
208 410
208 450
208 473
208 492
209 10
209 35
209 71
209 95
209 120
209 121
209 124
209 130
209 226
209 245
209 256
209 276
209 284
209 324
209 347
209 355
209 371
209 421
209 471
209 481
209 498
210 25
210 46
210 57
210 60
210 70
210 80
210 105
210 155
210 204
210 218
210 287
210 296
210 301
210 314
210 319
210 342
210 380
210 396
210 398
210 413
210 440
210 451
210 466
210 469
210 473
210 483
210 484
211 110
211 158
211 166
211 172
211 226
211 227
211 242
211 247
211 262
211 294
211 303
211 314
211 323
211 498
212 6
212 19
212 35
212 71
212 87
212 120
212 217
212 248
212 252
212 274
212 275
212 290
212 314
212 335
212 396
212 400
212 408
212 465
212 478
213 5
213 6
213 47
213 50
213 51
213 60
213 99
213 119
213 133
213 144
213 182
213 214
213 227
213 254
213 282
213 318
213 320
213 345
213 366
213 391
213 394
213 399
213 420
213 432
213 459
213 475
213 491
213 492
214 4
214 10
214 57
214 64
214 65
214 76
214 85
214 110
214 137
214 162
214 186
214 213
214 226
214 248
214 259
214 279
214 289
214 302
214 311
214 318
214 320
214 322
214 369
214 421
214 430
214 461
214 486
214 493
214 494
214 495
215 51
215 92
215 103
215 110
215 122
215 131
215 168
215 234
215 237
215 244
215 245
215 266
215 353
215 358
215 382
215 394
215 402
215 412
215 436
215 442
215 450
215 455
216 35
216 76
216 87
216 117
216 141
216 177
216 189
216 234
216 242
216 277
216 286
216 294
216 306
216 329
216 330
216 335
216 340
216 352
216 386
216 398
216 412
216 434
216 438
216 447
216 474
216 483
216 492
216 494
217 14
217 35
217 46
217 50
217 54
217 60
217 76
217 77
217 90
217 121
217 142
217 154
217 163
217 170
217 179
217 212
217 261
217 285
217 295
217 327
217 333
217 365
217 445
218 3
218 19
218 23
218 24
218 53
218 72
218 125
218 145
218 158
218 162
218 182
218 210
218 262
218 269
218 298
218 315
218 344
218 364
218 371
218 382
218 396
218 400
218 420
218 452
218 458
218 482
219 8
219 22
219 30
219 45
219 58
219 59
219 68
219 119
219 129
219 137
219 141
219 146
219 195
219 205
219 238
219 295
219 324
219 339
219 364
219 383
219 407
219 451
219 456
219 469
219 472
220 20
220 64
220 69
220 80
220 87
220 119
220 134
220 147
220 173
220 174
220 186
220 198
220 248
220 255
220 299
220 313
220 333
220 344
220 345
220 412
220 423
220 445
220 449
220 465
220 480
221 20
221 26
221 41
221 76
221 81
221 95
221 109
221 115
221 126
221 152
221 177
221 184
221 194
221 198
221 228
221 249
221 255
221 259
221 280
221 288
221 306
221 323
221 362
221 386
221 402
221 406
221 408
221 411
221 413
221 428
221 449
221 477
221 483
221 499
222 7
222 27
222 32
222 97
222 131
222 144
222 161
222 164
222 184
222 198
222 204
222 263
222 266
222 277
222 283
222 320
222 324
222 341
222 343
222 366
222 402
222 434
222 457
222 468
222 471
222 472
222 492
223 16
223 26
223 33
223 47
223 60
223 62
223 81
223 100
223 102
223 135
223 144
223 148
223 162
223 203
223 226
223 275
223 285
223 325
223 340
223 343
223 354
223 405
223 446
223 482
224 15
224 17
224 19
224 52
224 87
224 88
224 90
224 109
224 119
224 138
224 148
224 201
224 203
224 279
224 329
224 332
224 351
224 387
224 390
224 399
224 400
224 437
224 451
225 4
225 10
225 27
225 63
225 85
225 88
225 146
225 147
225 163
225 170
225 173
225 175
225 199
225 202
225 242
225 295
225 299
225 309
225 351
225 379
225 383
225 413
225 466
225 475
226 17
226 29
226 69
226 147
226 160
226 162
226 167
226 175
226 177
226 180
226 182
226 195
226 209
226 211
226 214
226 223
226 249
226 279
226 347
226 352
226 355
226 394
226 401
226 418
226 452
226 484
226 490
227 97
227 100
227 170
227 192
227 196
227 211
227 213
227 228
227 277
227 295
227 312
227 341
227 415
227 445
227 493
227 499
228 20
228 26
228 60
228 85
228 88
228 102
228 121
228 123
228 136
228 140
228 155
228 167
228 221
228 227
228 277
228 303
228 319
228 324
228 347
228 351
228 381
228 401
228 435
229 2
229 4
229 11
229 13
229 48
229 67
229 133
229 146
229 170
229 205
229 246
229 296
229 320
229 334
229 343
229 351
229 361
229 423
229 428
229 485
230 19
230 31
230 65
230 88
230 102
230 107
230 109
230 116
230 132
230 150
230 245
230 278
230 325
230 343
230 346
230 347
230 362
230 380
230 390
230 400
230 442
230 448
230 449
230 451
230 486
231 3
231 11
231 14
231 16
231 21
231 30
231 49
231 61
231 146
231 170
231 242
231 244
231 247
231 320
231 327
231 362
231 364
231 424
231 428
231 435
231 450
231 452
231 464
231 469
232 15
232 60
232 120
232 131
232 143
232 151
232 176
232 233
232 251
232 264
232 337
232 376
232 394
232 399
232 409
232 414
232 418
232 474
232 477
232 494
233 1
233 11
233 32
233 41
233 58
233 71
233 78
233 104
233 122
233 123
233 125
233 158
233 204
233 232
233 264
233 340
233 342
233 350
233 356
233 360
233 378
233 386
233 406
233 414
233 422
233 424
233 456
233 487
234 16
234 45
234 50
234 98
234 102
234 176
234 186
234 215
234 216
234 242
234 264
234 275
234 305
234 321
234 325
234 329
234 336
234 402
234 455
234 458
234 489
234 495
235 44
235 74
235 81
235 85
235 88
235 91
235 92
235 111
235 147
235 148
235 149
235 165
235 193
235 205
235 250
235 281
235 283
235 347
235 348
235 356
235 382
235 392
235 449
235 466
235 490
235 499
236 22
236 54
236 78
236 86
236 90
236 95
236 96
236 119
236 133
236 149
236 192
236 318
236 367
236 377
236 381
236 394
236 457
236 468
236 488
237 7
237 19
237 33
237 46
237 51
237 84
237 115
237 125
237 152
237 160
237 166
237 179
237 184
237 215
237 263
237 270
237 336
237 363
237 388
237 420
237 432
237 453
237 455
237 467
237 482
238 0
238 43
238 47
238 89
238 90
238 117
238 146
238 154
238 158
238 180
238 181
238 185
238 199
238 219
238 250
238 260
238 311
238 353
238 359
238 362
238 363
238 368
238 370
238 374
238 397
238 398
238 425
238 434
238 440
238 448
239 33
239 53
239 95
239 107
239 112
239 133
239 145
239 195
239 243
239 246
239 258
239 259
239 262
239 264
239 268
239 289
239 322
239 462
239 476
240 1
240 2
240 35
240 83
240 96
240 114
240 124
240 126
240 127
240 138
240 145
240 176
240 180
240 205
240 244
240 265
240 277
240 315
240 328
240 340
240 349
240 376
240 421
240 458
240 478
240 488
241 46
241 68
241 103
241 120
241 122
241 131
241 169
241 244
241 256
241 324
241 341
241 344
241 397
241 407
241 485
242 104
242 113
242 125
242 139
242 150
242 211
242 216
242 225
242 231
242 234
242 246
242 256
242 272
242 321
242 342
242 346
242 348
242 360
242 374
242 393
242 404
242 460
242 468
243 6
243 14
243 19
243 34
243 54
243 84
243 90
243 99
243 123
243 169
243 170
243 201
243 239
243 247
243 253
243 323
243 332
243 342
243 357
243 371
243 386
243 400
243 403
243 435
243 444
243 453
243 455
243 486
244 9
244 49
244 89
244 92
244 119
244 133
244 151
244 168
244 172
244 198
244 206
244 215
244 231
244 240
244 241
244 251
244 272
244 281
244 325
244 368
244 377
244 390
244 394
244 409
244 410
244 414
244 419
244 496
244 497
245 1
245 35
245 53
245 105
245 112
245 114
245 165
245 170
245 178
245 201
245 209
245 215
245 230
245 255
245 258
245 261
245 279
245 289
245 290
245 323
245 344
245 397
245 413
245 421
245 426
245 468
246 37
246 57
246 65
246 107
246 121
246 131
246 135
246 165
246 190
246 192
246 195
246 199
246 207
246 229
246 239
246 242
246 258
246 284
246 329
246 341
246 354
246 357
246 409
246 427
246 433
246 437
246 443
247 2
247 19
247 22
247 56
247 70
247 82
247 133
247 145
247 152
247 160
247 163
247 165
247 171
247 172
247 183
247 211
247 231
247 243
247 292
247 300
247 302
247 312
247 320
247 386
247 401
247 446
247 484
247 494
247 496
248 23
248 26
248 41
248 53
248 60
248 101
248 121
248 140
248 158
248 166
248 174
248 175
248 212
248 214
248 220
248 295
248 300
248 320
248 323
248 325
248 327
248 328
248 339
248 353
248 360
248 367
248 381
248 397
248 402
248 442
248 464
249 3
249 25
249 31
249 34
249 41
249 50
249 84
249 94
249 121
249 146
249 155
249 160
249 196
249 221
249 226
249 261
249 277
249 278
249 293
249 297
249 321
249 327
249 341
249 371
249 471
249 472
250 44
250 47
250 69
250 88
250 121
250 153
250 171
250 173
250 178
250 235
250 238
250 264
250 280
250 285
250 307
250 311
250 362
250 381
250 397
250 400
250 401
250 424
250 434
250 453
250 456
250 464
251 26
251 34
251 92
251 122
251 140
251 154
251 174
251 188
251 190
251 232
251 244
251 265
251 274
251 386
251 397
251 426
251 439
251 449
251 456
251 461
252 37
252 56
252 69
252 125
252 141
252 144
252 146
252 151
252 175
252 186
252 193
252 201
252 212
252 259
252 284
252 333
252 369
252 391
252 392
252 444
252 466
252 475
252 477
252 480
253 28
253 33
253 49
253 51
253 54
253 83
253 94
253 108
253 122
253 141
253 153
253 156
253 164
253 176
253 191
253 243
253 273
253 298
253 304
253 364
253 391
253 398
253 412
253 420
253 435
253 438
253 444
253 461
253 486
254 5
254 56
254 71
254 77
254 105
254 167
254 169
254 203
254 206
254 213
254 261
254 264
254 331
254 383
254 386
254 450
254 456
254 466
254 471
255 9
255 29
255 60
255 65
255 72
255 81
255 96
255 97
255 102
255 145
255 148
255 149
255 153
255 167
255 197
255 203
255 220
255 221
255 245
255 258
255 265
255 268
255 313
255 324
255 346
255 392
255 403
255 477
256 18
256 49
256 53
256 60
256 70
256 72
256 83
256 91
256 100
256 104
256 109
256 124
256 155
256 184
256 190
256 196
256 206
256 209
256 241
256 242
256 286
256 360
256 364
256 404
256 418
256 436
256 437
256 471
256 490
257 15
257 47
257 77
257 92
257 102
257 114
257 121
257 145
257 161
257 163
257 168
257 178
257 197
257 198
257 206
257 299
257 352
257 426
257 442
257 454
257 459
257 463
257 469
257 471
258 0
258 20
258 29
258 33
258 44
258 52
258 79
258 139
258 149
258 154
258 165
258 177
258 194
258 201
258 206
258 207
258 239
258 245
258 246
258 255
258 259
258 271
258 285
258 292
258 365
258 386
258 435
258 460
258 462
258 468
258 499
259 24
259 25
259 58
259 74
259 103
259 162
259 163
259 191
259 214
259 221
259 239
259 252
259 258
259 274
259 285
259 315
259 323
259 327
259 338
259 348
259 372
259 418
259 473
259 475
259 488
260 49
260 69
260 83
260 145
260 150
260 151
260 172
260 189
260 195
260 198
260 202
260 238
260 308
260 363
260 373
260 387
260 392
260 425
260 427
260 436
260 459
260 486
261 21
261 54
261 55
261 57
261 80
261 89
261 114
261 130
261 144
261 147
261 169
261 207
261 217
261 245
261 249
261 254
261 265
261 267
261 293
261 328
261 362
261 434
261 488
262 5
262 11
262 24
262 42
262 77
262 80
262 89
262 103
262 111
262 117
262 124
262 179
262 184
262 199
262 211
262 218
262 239
262 302
262 306
262 345
262 347
262 392
262 418
262 421
262 432
262 460
262 487
263 0
263 22
263 57
263 71
263 78
263 98
263 140
263 189
263 222
263 237
263 314
263 336
263 371
263 378
263 391
263 395
263 399
263 401
263 447
263 450
263 460
263 468
263 472
263 479
264 37
264 90
264 152
264 173
264 185
264 191
264 208
264 232
264 233
264 234
264 239
264 250
264 254
264 284
264 428
264 437
264 460
264 478
264 483
264 484
264 492
264 499
265 8
265 41
265 52
265 63
265 79
265 114
265 144
265 159
265 163
265 168
265 171
265 178
265 183
265 199
265 240
265 251
265 255
265 261
265 302
265 354
265 360
265 362
265 387
265 400
265 409
265 412
265 413
265 431
266 4
266 53
266 54
266 62
266 71
266 75
266 91
266 96
266 98
266 123
266 150
266 155
266 174
266 215
266 222
266 279
266 292
266 296
266 307
266 339
266 387
266 447
266 451
266 455
266 488
267 31
267 36
267 37
267 41
267 48
267 62
267 78
267 85
267 91
267 100
267 126
267 196
267 204
267 261
267 298
267 309
267 317
267 326
267 349
267 360
267 372
267 400
267 408
267 413
267 417
267 423
267 434
267 453
267 462
267 472
268 21
268 27
268 44
268 48
268 56
268 70
268 110
268 152
268 168
268 190
268 239
268 255
268 355
268 418
268 431
268 484
268 488
269 92
269 173
269 183
269 218
269 288
269 296
269 301
269 320
269 325
269 331
269 332
269 339
269 374
269 394
269 405
269 415
269 435
269 492
269 494
270 10
270 31
270 45
270 65
270 95
270 96
270 124
270 138
270 142
270 147
270 150
270 161
270 173
270 177
270 188
270 191
270 237
270 296
270 325
270 335
270 339
270 340
270 382
270 465
270 474
270 494
271 44
271 63
271 76
271 148
271 258
271 278
271 297
271 359
271 372
271 392
271 409
271 444
271 469
272 13
272 53
272 61
272 112
272 153
272 159
272 178
272 242
272 244
272 304
272 307
272 324
272 325
272 350
272 352
272 414
272 417
272 427
272 429
272 457
272 467
272 492
273 16
273 18
273 20
273 65
273 134
273 142
273 151
273 194
273 253
273 304
273 318
273 338
273 374
273 488
274 25
274 49
274 58
274 59
274 78
274 120
274 127
274 132
274 177
274 204
274 207
274 212
274 251
274 259
274 299
274 318
274 339
274 353
274 412
274 428
274 429
274 437
274 447
274 453
274 456
274 465
274 470
274 493
275 6
275 14
275 24
275 35
275 42
275 73
275 78
275 102
275 125
275 132
275 149
275 154
275 173
275 178
275 198
275 206
275 212
275 223
275 234
275 287
275 298
275 312
275 326
275 334
275 421
275 484
276 23
276 27
276 37
276 39
276 51
276 80
276 128
276 209
276 281
276 309
276 320
276 340
276 352
276 355
276 365
276 381
276 405
276 419
276 422
276 455
276 482
277 6
277 51
277 58
277 71
277 98
277 111
277 166
277 172
277 216
277 222
277 227
277 228
277 240
277 249
277 297
277 299
277 338
277 339
277 362
277 363
277 369
277 433
277 441
277 460
277 474
277 477
278 2
278 3
278 17
278 103
278 150
278 156
278 159
278 169
278 188
278 230
278 249
278 271
278 293
278 300
278 342
278 392
278 410
278 416
278 425
278 496
278 499
279 1
279 17
279 19
279 59
279 67
279 83
279 117
279 155
279 195
279 214
279 224
279 226
279 245
279 266
279 324
279 374
279 378
279 391
279 441
279 468
279 469
280 51
280 114
280 149
280 153
280 168
280 180
280 221
280 250
280 306
280 309
280 311
280 314
280 316
280 333
280 337
280 353
280 364
280 377
280 399
280 405
280 417
280 421
280 434
280 447
280 464
280 469
280 487
281 0
281 14
281 56
281 67
281 77
281 94
281 96
281 121
281 146
281 175
281 188
281 198
281 235
281 244
281 276
281 317
281 328
281 331
281 355
281 490
282 0
282 69
282 96
282 110
282 133
282 139
282 195
282 196
282 213
282 294
282 322
282 323
282 330
282 336
282 340
282 410
282 413
282 433
282 462
282 480
283 36
283 67
283 113
283 120
283 125
283 144
283 149
283 167
283 174
283 185
283 192
283 222
283 235
283 288
283 289
283 292
283 293
283 306
283 320
283 341
283 345
283 357
283 361
283 369
283 407
283 413
283 419
283 425
283 432
283 441
283 444
283 467
284 12
284 29
284 64
284 89
284 97
284 117
284 136
284 196
284 209
284 246
284 252
284 264
284 290
284 313
284 319
284 330
284 333
284 345
284 371
284 373
284 413
284 416
284 436
284 441
284 455
284 456
285 16
285 50
285 52
285 76
285 106
285 111
285 128
285 138
285 168
285 188
285 207
285 208
285 217
285 223
285 250
285 258
285 259
285 322
285 370
285 445
285 457
285 495
286 8
286 34
286 37
286 58
286 60
286 76
286 88
286 103
286 127
286 130
286 131
286 187
286 192
286 194
286 199
286 216
286 256
286 312
286 314
286 334
286 346
286 382
286 390
286 412
286 435
286 441
286 455
286 475
286 479
286 489
286 493
286 499
287 19
287 47
287 92
287 94
287 133
287 136
287 146
287 182
287 185
287 193
287 210
287 275
287 292
287 306
287 370
287 383
287 407
287 418
287 436
287 442
287 457
287 469
287 481
288 8
288 48
288 82
288 98
288 103
288 115
288 120
288 148
288 159
288 160
288 162
288 168
288 221
288 269
288 283
288 307
288 327
288 330
288 346
288 369
288 399
288 404
288 458
288 479
289 21
289 81
289 83
289 97
289 99
289 105
289 108
289 132
289 161
289 167
289 178
289 197
289 214
289 239
289 245
289 283
289 294
289 318
289 321
289 351
289 362
289 375
289 391
289 419
289 447
289 486
289 489
290 9
290 19
290 37
290 41
290 168
290 170
290 186
290 193
290 212
290 245
290 284
290 317
290 327
290 330
290 340
290 359
290 368
290 371
290 378
290 380
290 392
290 405
290 433
290 434
290 438
290 440
290 461
290 487
291 15
291 18
291 43
291 48
291 55
291 85
291 162
291 183
291 201
291 309
291 311
291 341
291 362
291 381
291 406
291 411
291 430
291 444
291 455
291 492
291 496
292 11
292 40
292 47
292 56
292 72
292 73
292 126
292 159
292 181
292 247
292 258
292 266
292 283
292 287
292 306
292 307
292 314
292 329
292 340
292 342
292 343
292 350
292 357
292 421
292 426
292 442
292 445
292 460
292 480
292 487
293 15
293 31
293 48
293 53
293 54
293 96
293 101
293 128
293 132
293 145
293 152
293 189
293 203
293 249
293 261
293 278
293 283
293 307
293 321
293 329
293 368
293 398
293 425
293 445
293 465
293 480
294 19
294 32
294 74
294 165
294 198
294 211
294 216
294 282
294 289
294 304
294 316
294 331
294 376
294 397
294 418
294 419
294 463
294 491
294 497
295 51
295 56
295 86
295 117
295 124
295 132
295 149
295 152
295 217
295 219
295 225
295 227
295 248
295 296
295 306
295 327
295 328
295 331
295 339
295 374
295 382
295 384
295 406
295 436
295 439
295 446
295 478
295 491
296 13
296 15
296 17
296 46
296 105
296 141
296 177
296 210
296 229
296 266
296 269
296 270
296 295
296 297
296 324
296 329
296 390
296 425
296 456
296 494
296 498
297 18
297 43
297 47
297 48
297 69
297 74
297 130
297 180
297 199
297 204
297 249
297 271
297 277
297 296
297 311
297 332
297 381
297 394
297 405
297 406
297 413
297 416
298 7
298 13
298 14
298 34
298 55
298 108
298 218
298 253
298 267
298 275
298 313
298 371
298 376
298 380
298 400
298 413
298 418
298 431
298 477
298 486
299 9
299 37
299 44
299 52
299 63
299 72
299 78
299 139
299 162
299 220
299 225
299 257
299 274
299 277
299 329
299 343
299 348
299 367
299 369
299 380
299 407
299 431
299 457
300 19
300 28
300 64
300 69
300 82
300 137
300 169
300 178
300 200
300 247
300 248
300 278
300 331
300 374
300 375
300 427
300 428
300 434
300 459
300 475
301 29
301 37
301 58
301 62
301 73
301 128
301 153
301 210
301 269
301 312
301 369
301 385
301 393
301 400
301 448
302 13
302 27
302 77
302 101
302 116
302 133
302 148
302 182
302 214
302 247
302 262
302 265
302 332
302 342
302 355
302 393
302 403
302 430
302 432
302 478
303 13
303 24
303 29
303 36
303 37
303 75
303 87
303 95
303 100
303 106
303 112
303 143
303 152
303 172
303 174
303 211
303 228
303 324
303 342
303 348
303 354
303 369
303 370
303 377
303 386
303 436
303 441
303 443
303 454
303 456
303 466
303 485
304 26
304 32
304 64
304 114
304 119
304 121
304 167
304 188
304 253
304 272
304 273
304 294
304 323
304 327
304 344
304 347
304 356
304 400
304 409
304 443
304 444
304 485
305 72
305 79
305 80
305 99
305 110
305 121
305 153
305 154
305 173
305 188
305 201
305 234
305 308
305 311
305 323
305 376
305 392
305 393
305 394
305 459
305 463
305 485
305 494
306 42
306 50
306 75
306 100
306 128
306 207
306 216
306 221
306 262
306 280
306 283
306 287
306 292
306 295
306 329
306 359
306 405
306 449
306 464
306 467
306 472
306 483
306 484
307 40
307 44
307 90
307 95
307 97
307 130
307 137
307 164
307 170
307 199
307 202
307 250
307 266
307 272
307 288
307 292
307 293
307 317
307 365
307 381
307 397
307 434
307 436
307 438
307 446
307 451
307 461
307 465
307 467
307 489
308 17
308 18
308 45
308 47
308 51
308 71
308 159
308 177
308 188
308 197
308 260
308 305
308 323
308 325
308 374
308 387
308 389
308 434
308 452
309 32
309 34
309 44
309 45
309 59
309 77
309 225
309 267
309 276
309 280
309 291
309 336
309 342
309 364
309 379
309 386
309 401
309 419
309 428
309 450
309 456
309 460
309 462
309 465
310 11
310 12
310 16
310 24
310 99
310 107
310 114
310 120
310 130
310 160
310 176
310 207
310 335
310 337
310 355
310 361
310 384
310 391
310 410
310 424
310 426
310 469
310 491
311 10
311 14
311 24
311 51
311 75
311 104
311 126
311 138
311 207
311 214
311 238
311 250
311 280
311 291
311 297
311 305
311 369
311 393
311 441
312 9
312 40
312 54
312 70
312 80
312 106
312 127
312 138
312 153
312 174
312 176
312 191
312 227
312 247
312 275
312 286
312 301
312 349
312 377
312 406
312 444
312 454
312 456
313 27
313 30
313 87
313 88
313 100
313 120
313 136
313 148
313 170
313 173
313 220
313 255
313 284
313 298
313 318
313 326
313 329
313 332
313 345
313 358
313 413
313 419
313 420
313 450
313 472
313 479
313 485
314 42
314 72
314 79
314 163
314 183
314 194
314 210
314 211
314 212
314 263
314 280
314 286
314 292
314 341
314 370
314 385
314 423
314 433
314 443
314 446
314 486
315 10
315 42
315 47
315 72
315 115
315 116
315 218
315 240
315 259
315 330
315 336
315 349
315 399
315 428
315 476
315 481
315 485
315 495
316 9
316 16
316 21
316 23
316 45
316 72
316 83
316 89
316 101
316 110
316 139
316 146
316 162
316 176
316 197
316 280
316 294
316 332
316 350
316 392
316 404
316 434
316 479
316 480
316 483
316 490
317 8
317 15
317 25
317 44
317 77
317 107
317 125
317 151
317 170
317 175
317 184
317 267
317 281
317 290
317 307
317 323
317 345
317 346
317 349
317 365
317 397
317 399
317 437
317 447
317 453
317 461
317 476
317 490
318 3
318 4
318 5
318 18
318 20
318 70
318 109
318 137
318 146
318 163
318 164
318 200
318 213
318 214
318 236
318 273
318 274
318 289
318 313
318 334
318 388
318 412
318 447
318 469
318 489
318 494
319 13
319 42
319 45
319 70
319 76
319 95
319 98
319 132
319 160
319 197
319 204
319 205
319 210
319 228
319 284
319 325
319 326
319 330
319 341
319 348
319 411
319 428
319 438
319 446
319 455
319 471
319 472
319 474
319 476
320 33
320 34
320 59
320 121
320 131
320 133
320 191
320 205
320 213
320 214
320 222
320 229
320 231
320 247
320 248
320 269
320 276
320 283
320 327
320 343
320 361
320 366
320 392
320 436
320 468
321 13
321 16
321 50
321 56
321 61
321 65
321 70
321 81
321 111
321 118
321 123
321 157
321 164
321 203
321 234
321 242
321 249
321 289
321 293
321 338
321 383
321 421
321 452
321 462
322 0
322 6
322 38
322 51
322 55
322 65
322 80
322 84
322 138
322 141
322 174
322 178
322 198
322 200
322 214
322 239
322 282
322 285
322 355
322 392
322 399
322 412
322 422
322 430
322 470
322 494
323 49
323 52
323 53
323 76
323 89
323 121
323 158
323 160
323 163
323 186
323 211
323 221
323 243
323 245
323 248
323 259
323 282
323 304
323 305
323 308
323 317
323 326
323 363
323 399
323 406
323 413
323 466
323 484
324 20
324 21
324 31
324 81
324 86
324 112
324 132
324 140
324 141
324 148
324 186
324 191
324 209
324 219
324 222
324 228
324 241
324 255
324 272
324 279
324 296
324 303
324 345
324 353
324 396
324 418
324 457
324 469
324 470
324 473
324 486
325 12
325 15
325 16
325 82
325 88
325 107
325 116
325 176
325 180
325 181
325 188
325 223
325 230
325 234
325 244
325 248
325 269
325 270
325 272
325 308
325 319
325 342
325 361
325 369
325 374
325 379
325 381
325 400
325 419
325 464
325 490
326 21
326 29
326 41
326 88
326 92
326 98
326 130
326 148
326 157
326 181
326 267
326 275
326 313
326 319
326 323
326 350
326 356
326 402
326 422
326 427
326 435
326 438
326 476
326 488
327 17
327 34
327 36
327 50
327 67
327 74
327 77
327 87
327 89
327 96
327 109
327 120
327 148
327 163
327 166
327 198
327 217
327 231
327 248
327 249
327 259
327 288
327 290
327 295
327 304
327 320
327 331
327 372
327 374
327 378
327 449
327 465
327 498
328 3
328 24
328 26
328 32
328 40
328 51
328 58
328 143
328 156
328 158
328 179
328 180
328 187
328 195
328 199
328 202
328 205
328 240
328 248
328 261
328 281
328 295
328 341
328 343
328 369
328 384
328 417
328 423
328 466
329 10
329 11
329 12
329 18
329 29
329 63
329 66
329 69
329 143
329 144
329 148
329 152
329 165
329 216
329 224
329 234
329 246
329 292
329 293
329 296
329 299
329 306
329 313
329 380
329 385
329 473
329 477
329 481
329 484
330 80
330 97
330 104
330 115
330 116
330 128
330 166
330 216
330 282
330 284
330 288
330 290
330 315
330 319
330 374
330 381
330 393
330 452
330 468
330 472
331 3
331 19
331 21
331 43
331 64
331 118
331 120
331 124
331 140
331 156
331 161
331 186
331 254
331 269
331 281
331 294
331 295
331 300
331 327
331 345
331 346
331 358
331 379
331 383
331 390
331 392
331 428
331 460
331 462
331 473
331 475
331 478
331 481
331 487
332 16
332 18
332 66
332 71
332 73
332 84
332 124
332 224
332 243
332 269
332 297
332 302
332 313
332 316
332 337
332 347
332 348
332 367
332 371
332 417
332 436
332 478
332 485
332 499
333 62
333 70
333 101
333 133
333 142
333 204
333 206
333 217
333 220
333 252
333 280
333 284
333 343
333 359
333 363
333 397
333 406
333 445
333 478
333 485
334 31
334 41
334 42
334 64
334 66
334 75
334 78
334 91
334 103
334 116
334 161
334 163
334 188
334 199
334 229
334 275
334 286
334 318
334 420
334 436
334 445
334 455
334 462
335 12
335 19
335 24
335 52
335 62
335 83
335 190
335 202
335 212
335 216
335 270
335 310
335 418
335 441
335 457
335 471
336 5
336 13
336 18
336 24
336 63
336 70
336 85
336 110
336 122
336 141
336 145
336 146
336 176
336 182
336 194
336 205
336 234
336 237
336 263
336 282
336 309
336 315
336 352
336 353
336 402
336 405
336 419
336 437
336 447
336 465
336 469
336 471
337 4
337 5
337 29
337 49
337 59
337 91
337 106
337 120
337 182
337 204
337 232
337 280
337 310
337 332
337 350
337 359
337 360
337 382
337 390
337 403
337 416
337 424
337 444
337 450
337 451
337 461
337 467
337 498
338 13
338 15
338 74
338 85
338 127
338 185
338 259
338 273
338 277
338 321
338 345
338 368
338 444
338 464
338 475
338 494
339 1
339 7
339 18
339 27
339 29
339 40
339 43
339 44
339 50
339 135
339 136
339 137
339 160
339 173
339 180
339 185
339 219
339 248
339 266
339 269
339 270
339 274
339 277
339 295
339 345
339 352
339 378
339 396
339 444
339 479
340 25
340 69
340 130
340 151
340 159
340 216
340 223
340 233
340 240
340 270
340 276
340 282
340 290
340 292
340 350
340 352
340 354
340 382
340 403
340 409
340 437
340 449
340 453
340 493
340 496
341 20
341 33
341 76
341 82
341 106
341 127
341 133
341 154
341 157
341 222
341 227
341 241
341 246
341 249
341 283
341 291
341 314
341 319
341 328
341 347
341 391
341 398
341 404
341 407
341 431
341 470
341 475
342 15
342 27
342 30
342 64
342 82
342 110
342 133
342 158
342 210
342 233
342 242
342 243
342 278
342 292
342 302
342 303
342 309
342 325
342 365
342 403
342 408
342 413
342 415
342 432
343 14
343 26
343 41
343 67
343 70
343 94
343 166
343 189
343 201
343 222
343 223
343 229
343 230
343 292
343 299
343 320
343 328
343 333
343 366
343 373
343 374
343 386
343 388
343 417
343 419
343 435
343 442
343 444
343 451
343 479
344 66
344 140
344 160
344 218
344 220
344 241
344 245
344 304
344 346
344 347
344 365
344 371
344 380
344 398
344 400
344 423
344 428
344 447
344 470
345 7
345 68
345 70
345 100
345 157
345 160
345 169
345 175
345 213
345 220
345 262
345 283
345 284
345 313
345 317
345 324
345 331
345 338
345 339
345 349
345 354
345 368
345 376
345 377
345 420
345 432
345 470
345 499
346 13
346 31
346 48
346 53
346 69
346 75
346 79
346 91
346 117
346 121
346 134
346 143
346 171
346 182
346 202
346 230
346 242
346 255
346 286
346 288
346 317
346 331
346 344
346 365
346 421
346 439
346 442
346 460
346 477
346 486
347 7
347 27
347 104
347 118
347 128
347 199
347 201
347 209
347 226
347 228
347 230
347 235
347 262
347 304
347 332
347 341
347 344
347 349
347 371
347 377
347 419
347 421
347 435
347 445
347 499
348 13
348 24
348 47
348 74
348 75
348 109
348 114
348 117
348 119
348 141
348 164
348 168
348 206
348 235
348 242
348 259
348 299
348 303
348 319
348 332
348 350
348 399
348 446
348 462
348 467
348 469
348 470
348 478
349 20
349 31
349 47
349 54
349 62
349 68
349 70
349 72
349 99
349 125
349 203
349 240
349 267
349 312
349 315
349 317
349 345
349 347
349 405
349 425
349 441
349 445
349 448
349 475
349 481
349 495
350 0
350 21
350 75
350 76
350 87
350 88
350 158
350 185
350 233
350 272
350 292
350 316
350 326
350 337
350 340
350 348
350 357
350 368
350 374
350 381
350 395
350 424
350 460
350 479
351 34
351 51
351 85
351 102
351 103
351 224
351 225
351 228
351 229
351 289
351 379
351 381
351 425
351 440
351 446
351 460
352 22
352 35
352 106
352 138
352 165
352 168
352 203
352 208
352 216
352 226
352 257
352 272
352 276
352 336
352 339
352 340
352 374
352 393
352 398
352 409
352 427
352 453
353 5
353 7
353 20
353 64
353 82
353 87
353 108
353 178
353 197
353 215
353 238
353 248
353 274
353 280
353 324
353 336
353 362
353 400
353 414
353 415
353 468
353 495
354 123
354 143
354 159
354 167
354 183
354 193
354 204
354 205
354 223
354 246
354 265
354 303
354 340
354 345
354 410
354 422
354 426
354 453
354 476
354 477
354 482
354 499
355 4
355 13
355 15
355 16
355 20
355 29
355 36
355 47
355 79
355 81
355 85
355 108
355 111
355 134
355 209
355 226
355 268
355 276
355 281
355 302
355 310
355 322
355 381
355 382
355 404
355 460
355 468
355 472
355 487
356 9
356 13
356 22
356 29
356 42
356 51
356 78
356 132
356 145
356 167
356 189
356 193
356 233
356 235
356 304
356 326
356 367
356 388
356 389
356 390
356 452
356 459
356 461
356 465
356 490
356 492
356 493
357 20
357 43
357 56
357 66
357 83
357 121
357 126
357 138
357 147
357 165
357 168
357 172
357 205
357 243
357 246
357 283
357 292
357 350
357 376
357 414
357 444
357 446
357 450
357 497
358 3
358 12
358 52
358 83
358 92
358 118
358 123
358 152
358 175
358 215
358 313
358 331
358 366
358 367
358 373
358 382
358 406
358 418
358 424
358 460
358 495
359 7
359 14
359 28
359 34
359 38
359 76
359 102
359 104
359 113
359 142
359 169
359 181
359 198
359 205
359 238
359 271
359 290
359 306
359 333
359 337
359 385
359 391
359 434
359 456
359 457
359 484
359 490
360 49
360 72
360 132
360 194
360 197
360 233
360 242
360 248
360 256
360 265
360 267
360 337
360 364
360 372
360 375
360 384
360 410
360 421
360 443
360 454
360 456
360 496
360 497
361 18
361 49
361 54
361 68
361 85
361 120
361 165
361 171
361 173
361 203
361 207
361 229
361 283
361 310
361 320
361 325
361 380
361 395
361 403
361 406
361 439
361 492
362 28
362 70
362 73
362 77
362 79
362 86
362 90
362 102
362 105
362 149
362 160
362 221
362 230
362 231
362 238
362 250
362 261
362 265
362 277
362 289
362 291
362 353
362 379
362 394
362 400
362 406
362 427
362 449
362 461
362 495
363 4
363 12
363 16
363 19
363 20
363 22
363 67
363 90
363 100
363 120
363 125
363 148
363 164
363 172
363 192
363 237
363 238
363 260
363 277
363 323
363 333
363 368
363 399
363 442
363 452
363 479
363 485
363 490
363 494
363 499
364 86
364 96
364 100
364 102
364 181
364 203
364 218
364 219
364 231
364 253
364 256
364 280
364 309
364 360
364 370
364 371
364 396
364 401
364 434
364 457
364 461
364 491
365 20
365 26
365 44
365 51
365 75
365 96
365 112
365 126
365 130
365 142
365 160
365 161
365 169
365 178
365 204
365 217
365 258
365 276
365 307
365 317
365 342
365 344
365 346
365 372
365 373
365 375
365 389
365 399
365 426
365 452
365 460
365 466
365 471
365 482
366 1
366 49
366 110
366 163
366 171
366 213
366 222
366 320
366 343
366 358
366 379
366 405
366 428
366 436
366 449
366 451
366 489
366 490
367 31
367 38
367 64
367 86
367 140
367 155
367 163
367 169
367 180
367 182
367 185
367 188
367 189
367 190
367 236
367 248
367 299
367 332
367 356
367 358
367 458
367 462
368 7
368 13
368 54
368 66
368 68
368 69
368 119
368 123
368 130
368 140
368 171
368 184
368 238
368 244
368 290
368 293
368 338
368 345
368 350
368 363
368 387
368 415
368 450
368 470
368 497
369 36
369 54
369 63
369 98
369 118
369 142
369 171
369 174
369 182
369 192
369 205
369 208
369 214
369 252
369 277
369 283
369 288
369 299
369 301
369 303
369 311
369 325
369 328
369 380
369 387
369 390
369 411
369 416
369 455
369 463
369 475
370 20
370 52
370 65
370 67
370 68
370 69
370 73
370 98
370 162
370 238
370 285
370 287
370 303
370 314
370 364
370 386
370 440
370 444
370 489
370 495
371 3
371 34
371 37
371 79
371 91
371 107
371 114
371 117
371 134
371 144
371 163
371 169
371 196
371 209
371 218
371 243
371 249
371 263
371 284
371 290
371 298
371 332
371 344
371 347
371 364
371 376
371 382
371 397
371 436
371 443
371 448
371 495
371 499
372 1
372 57
372 58
372 60
372 67
372 72
372 123
372 129
372 134
372 150
372 204
372 207
372 259
372 267
372 271
372 327
372 360
372 365
372 448
372 462
372 479
372 490
373 30
373 43
373 44
373 47
373 83
373 102
373 130
373 146
373 160
373 167
373 189
373 199
373 202
373 260
373 284
373 343
373 358
373 365
373 390
373 407
373 436
373 438
373 442
373 484
374 0
374 3
374 27
374 89
374 90
374 99
374 102
374 114
374 167
374 238
374 242
374 269
374 273
374 279
374 295
374 300
374 308
374 325
374 327
374 330
374 343
374 350
374 352
374 381
374 391
374 421
374 424
374 458
374 465
374 468
375 2
375 46
375 58
375 59
375 61
375 64
375 89
375 91
375 94
375 99
375 102
375 117
375 171
375 289
375 300
375 360
375 365
375 378
375 410
375 415
375 442
375 446
375 447
375 457
375 459
375 482
376 25
376 73
376 86
376 90
376 123
376 124
376 146
376 189
376 198
376 232
376 240
376 294
376 298
376 305
376 345
376 357
376 371
376 381
376 417
376 426
376 460
376 463
376 481
377 29
377 30
377 46
377 57
377 69
377 108
377 123
377 190
377 236
377 244
377 280
377 303
377 312
377 345
377 347
377 379
377 405
377 457
377 462
377 468
378 5
378 48
378 65
378 78
378 81
378 156
378 186
378 233
378 263
378 279
378 290
378 327
378 339
378 375
378 389
378 444
378 452
378 463
378 476
378 479
378 495
379 9
379 21
379 31
379 81
379 83
379 113
379 126
379 164
379 171
379 225
379 309
379 325
379 331
379 351
379 362
379 366
379 377
379 384
379 432
379 436
379 470
379 494
380 38
380 76
380 82
380 83
380 97
380 112
380 120
380 146
380 175
380 189
380 210
380 230
380 290
380 298
380 299
380 329
380 344
380 361
380 369
380 392
380 403
380 447
380 467
380 497
380 499
381 47
381 51
381 52
381 65
381 78
381 87
381 104
381 113
381 133
381 175
381 193
381 228
381 236
381 248
381 250
381 276
381 291
381 297
381 307
381 325
381 330
381 350
381 351
381 355
381 374
381 376
381 386
381 401
381 411
381 434
381 438
381 441
381 460
381 479
381 487
382 16
382 31
382 36
382 60
382 86
382 124
382 135
382 172
382 183
382 184
382 187
382 192
382 215
382 218
382 235
382 270
382 286
382 295
382 337
382 340
382 355
382 358
382 371
382 390
382 420
382 485
382 491
383 11
383 18
383 25
383 60
383 65
383 89
383 141
383 167
383 208
383 219
383 225
383 254
383 287
383 321
383 331
383 421
383 422
384 16
384 28
384 32
384 35
384 47
384 71
384 87
384 144
384 174
384 192
384 203
384 295
384 310
384 328
384 360
384 379
384 390
384 391
384 394
384 395
384 406
384 430
384 458
384 490
385 5
385 28
385 42
385 61
385 90
385 104
385 124
385 147
385 156
385 188
385 301
385 314
385 329
385 359
385 406
385 450
385 494
386 26
386 44
386 73
386 79
386 90
386 108
386 126
386 161
386 186
386 201
386 216
386 221
386 233
386 243
386 247
386 251
386 254
386 258
386 303
386 309
386 343
386 370
386 381
386 400
386 404
386 428
386 455
386 457
386 464
386 493
387 4
387 16
387 22
387 28
387 73
387 80
387 89
387 139
387 149
387 167
387 173
387 179
387 192
387 224
387 260
387 265
387 266
387 308
387 368
387 369
387 388
387 419
387 436
387 449
387 463
387 469
387 494
388 0
388 15
388 16
388 23
388 44
388 60
388 72
388 77
388 82
388 106
388 135
388 136
388 189
388 237
388 318
388 343
388 356
388 387
388 404
388 407
388 455
388 467
388 470
389 27
389 30
389 51
389 62
389 70
389 78
389 123
389 124
389 141
389 173
389 174
389 190
389 308
389 356
389 365
389 378
389 391
389 397
389 404
389 405
389 417
389 461
389 467
389 480
389 495
390 16
390 23
390 40
390 126
390 129
390 134
390 136
390 162
390 164
390 181
390 187
390 224
390 230
390 244
390 286
390 296
390 331
390 337
390 356
390 369
390 373
390 382
390 384
390 396
390 456
390 473
391 16
391 65
391 69
391 78
391 168
391 191
391 197
391 213
391 252
391 253
391 263
391 279
391 289
391 310
391 341
391 359
391 374
391 384
391 389
391 404
391 424
391 445
391 467
392 15
392 25
392 27
392 72
392 80
392 123
392 126
392 157
392 189
392 202
392 235
392 252
392 255
392 260
392 262
392 271
392 278
392 290
392 305
392 316
392 320
392 322
392 331
392 380
392 395
392 397
392 459
392 466
392 471
392 475
393 3
393 29
393 32
393 35
393 199
393 242
393 301
393 302
393 305
393 311
393 330
393 352
393 402
393 466
393 489
394 8
394 10
394 29
394 53
394 67
394 69
394 82
394 97
394 104
394 122
394 190
394 196
394 213
394 215
394 226
394 232
394 236
394 244
394 269
394 297
394 305
394 362
394 384
394 399
394 450
394 460
394 462
394 471
394 476
394 478
394 483
395 9
395 19
395 30
395 55
395 63
395 77
395 85
395 120
395 166
395 201
395 263
395 350
395 361
395 384
395 392
395 432
395 487
396 4
396 32
396 55
396 57
396 78
396 83
396 96
396 102
396 104
396 154
396 182
396 210
396 212
396 218
396 324
396 339
396 364
396 390
396 415
396 446
397 2
397 13
397 33
397 67
397 72
397 85
397 131
397 133
397 161
397 188
397 199
397 238
397 241
397 245
397 248
397 250
397 251
397 294
397 307
397 317
397 333
397 371
397 389
397 392
397 399
397 426
397 432
397 464
397 468
398 8
398 10
398 21
398 33
398 48
398 49
398 55
398 72
398 86
398 89
398 112
398 131
398 153
398 168
398 178
398 184
398 198
398 210
398 216
398 238
398 253
398 293
398 341
398 344
398 352
398 429
398 474
398 495
399 9
399 24
399 35
399 39
399 42
399 45
399 50
399 83
399 142
399 149
399 156
399 163
399 172
399 213
399 224
399 232
399 263
399 280
399 288
399 315
399 317
399 322
399 323
399 348
399 363
399 365
399 394
399 397
399 401
399 428
399 448
399 480
399 486
399 492
399 494
400 8
400 9
400 25
400 109
400 120
400 177
400 212
400 218
400 224
400 230
400 243
400 250
400 265
400 267
400 298
400 301
400 304
400 325
400 344
400 353
400 362
400 386
400 470
401 24
401 37
401 72
401 76
401 138
401 189
401 226
401 228
401 247
401 250
401 263
401 309
401 364
401 381
401 399
401 417
401 418
401 449
401 472
401 479
401 481
401 494
402 6
402 67
402 108
402 173
402 192
402 215
402 221
402 222
402 234
402 248
402 326
402 336
402 393
402 409
402 432
402 485
402 488
403 8
403 45
403 46
403 51
403 67
403 69
403 72
403 120
403 156
403 243
403 255
403 302
403 337
403 340
403 342
403 361
403 380
403 414
403 450
403 461
403 472
403 473
403 479
403 480
403 496
404 3
404 22
404 46
404 117
404 125
404 134
404 137
404 193
404 207
404 242
404 256
404 288
404 316
404 341
404 355
404 386
404 388
404 389
404 391
404 405
404 451
404 465
404 479
404 495
405 0
405 2
405 10
405 11
405 16
405 32
405 34
405 105
405 115
405 153
405 202
405 223
405 269
405 276
405 280
405 290
405 297
405 306
405 336
405 349
405 366
405 377
405 389
405 404
405 440
405 492
406 20
406 78
406 79
406 80
406 82
406 127
406 205
406 206
406 207
406 221
406 233
406 291
406 295
406 297
406 312
406 323
406 333
406 358
406 361
406 362
406 384
406 385
406 449
406 466
406 492
407 14
407 51
407 62
407 100
407 108
407 109
407 113
407 126
407 131
407 203
407 219
407 241
407 283
407 287
407 299
407 341
407 373
407 388
407 409
407 428
407 437
407 446
407 461
407 470
407 495
408 7
408 8
408 18
408 50
408 55
408 64
408 87
408 90
408 97
408 133
408 151
408 159
408 183
408 200
408 212
408 221
408 267
408 342
408 426
408 435
408 438
408 470
408 486
409 14
409 40
409 48
409 56
409 63
409 74
409 77
409 81
409 83
409 104
409 108
409 121
409 138
409 140
409 143
409 146
409 148
409 154
409 192
409 204
409 232
409 244
409 246
409 265
409 271
409 304
409 340
409 352
409 402
409 407
409 423
409 425
409 452
409 462
409 481
410 36
410 39
410 49
410 53
410 57
410 64
410 66
410 88
410 115
410 139
410 141
410 154
410 157
410 179
410 187
410 196
410 208
410 244
410 278
410 282
410 310
410 354
410 360
410 375
410 426
410 475
411 6
411 26
411 57
411 79
411 103
411 138
411 176
411 186
411 221
411 291
411 319
411 369
411 381
411 416
411 417
411 442
411 445
411 494
412 18
412 27
412 49
412 124
412 149
412 163
412 164
412 167
412 169
412 189
412 193
412 207
412 215
412 216
412 220
412 253
412 265
412 274
412 286
412 318
412 322
412 415
412 458
412 466
412 468
413 20
413 33
413 48
413 77
413 125
413 136
413 142
413 144
413 147
413 160
413 167
413 191
413 204
413 210
413 221
413 225
413 245
413 265
413 267
413 282
413 283
413 284
413 297
413 298
413 313
413 323
413 342
413 422
413 462
413 491
414 36
414 44
414 63
414 79
414 87
414 95
414 106
414 112
414 190
414 232
414 233
414 244
414 272
414 353
414 357
414 403
414 419
414 423
414 434
414 452
414 462
414 476
415 17
415 20
415 21
415 46
415 90
415 99
415 138
415 152
415 153
415 165
415 207
415 227
415 269
415 342
415 353
415 368
415 375
415 396
415 412
415 420
415 422
415 478
415 493
416 12
416 45
416 62
416 76
416 96
416 102
416 113
416 136
416 140
416 278
416 284
416 297
416 337
416 369
416 411
416 435
417 1
417 14
417 99
417 107
417 124
417 149
417 162
417 267
417 272
417 280
417 328
417 332
417 343
417 376
417 389
417 401
417 411
417 429
417 447
417 475
417 478
418 33
418 53
418 61
418 66
418 76
418 100
418 102
418 132
418 133
418 147
418 173
418 190
418 226
418 232
418 256
418 259
418 262
418 268
418 287
418 294
418 298
418 324
418 335
418 358
418 401
418 436
418 437
418 439
418 440
418 487
419 15
419 50
419 103
419 118
419 127
419 130
419 138
419 147
419 244
419 276
419 283
419 289
419 294
419 309
419 313
419 325
419 336
419 343
419 347
419 387
419 414
419 453
419 462
419 465
420 16
420 45
420 47
420 129
420 131
420 135
420 150
420 186
420 206
420 213
420 218
420 237
420 253
420 313
420 334
420 345
420 382
420 415
420 428
420 438
420 446
420 471
421 6
421 26
421 37
421 44
421 50
421 53
421 69
421 100
421 137
421 161
421 179
421 209
421 214
421 240
421 245
421 262
421 275
421 280
421 292
421 321
421 346
421 347
421 360
421 374
421 383
421 431
421 443
421 447
421 460
421 464
421 469
421 494
422 13
422 19
422 45
422 55
422 71
422 85
422 143
422 146
422 153
422 188
422 233
422 276
422 322
422 326
422 354
422 383
422 413
422 415
422 435
422 441
422 443
422 479
423 5
423 8
423 18
423 52
423 64
423 71
423 128
423 130
423 220
423 229
423 267
423 314
423 328
423 344
423 409
423 414
423 455
423 458
423 483
424 22
424 68
424 73
424 106
424 108
424 114
424 117
424 231
424 233
424 250
424 310
424 337
424 350
424 358
424 374
424 391
424 435
424 472
424 487
424 490
425 18
425 22
425 122
425 132
425 138
425 140
425 163
425 180
425 191
425 200
425 238
425 260
425 278
425 283
425 293
425 296
425 349
425 351
425 409
425 450
425 474
425 475
425 483
425 486
426 2
426 12
426 13
426 15
426 87
426 114
426 132
426 136
426 151
426 207
426 245
426 251
426 257
426 292
426 310
426 354
426 365
426 376
426 397
426 408
426 410
426 439
426 440
427 6
427 27
427 40
427 52
427 94
427 102
427 117
427 145
427 160
427 163
427 246
427 260
427 272
427 300
427 326
427 352
427 362
427 432
427 456
427 490
428 3
428 27
428 51
428 59
428 60
428 70
428 80
428 114
428 117
428 120
428 128
428 146
428 178
428 193
428 221
428 229
428 231
428 264
428 274
428 300
428 309
428 315
428 319
428 331
428 344
428 366
428 386
428 399
428 407
428 420
428 436
428 445
428 446
428 487
428 493
428 496
428 499
429 19
429 46
429 94
429 121
429 162
429 272
429 274
429 398
429 417
430 8
430 13
430 95
430 112
430 138
430 153
430 157
430 162
430 187
430 196
430 206
430 214
430 291
430 302
430 322
430 384
430 433
430 447
430 467
431 5
431 32
431 49
431 69
431 81
431 82
431 86
431 132
431 147
431 158
431 193
431 202
431 265
431 268
431 298
431 299
431 341
431 421
431 437
432 13
432 37
432 70
432 102
432 120
432 151
432 163
432 192
432 213
432 237
432 262
432 283
432 302
432 342
432 345
432 379
432 395
432 397
432 402
432 427
432 469
432 493
433 17
433 18
433 38
433 47
433 61
433 71
433 140
433 178
433 186
433 189
433 246
433 277
433 282
433 290
433 314
433 430
433 434
433 454
433 466
433 472
433 474
433 485
434 15
434 32
434 60
434 65
434 69
434 149
434 216
434 222
434 238
434 250
434 261
434 267
434 280
434 290
434 300
434 307
434 308
434 316
434 359
434 364
434 381
434 414
434 433
434 457
434 464
435 0
435 5
435 26
435 84
435 125
435 138
435 143
435 198
435 228
435 231
435 243
435 253
435 258
435 269
435 286
435 326
435 343
435 347
435 408
435 416
435 422
435 424
435 442
435 447
435 454
435 463
435 478
436 3
436 24
436 32
436 48
436 64
436 78
436 83
436 93
436 103
436 121
436 174
436 206
436 207
436 215
436 256
436 260
436 284
436 287
436 295
436 303
436 307
436 320
436 332
436 334
436 366
436 371
436 373
436 379
436 387
436 418
436 428
436 475
437 5
437 19
437 125
437 138
437 146
437 149
437 176
437 201
437 224
437 246
437 256
437 264
437 274
437 317
437 336
437 340
437 407
437 418
437 431
437 461
437 487
438 4
438 12
438 41
438 55
438 63
438 69
438 122
438 125
438 140
438 157
438 168
438 190
438 196
438 216
438 253
438 290
438 307
438 319
438 326
438 373
438 381
438 408
438 420
438 443
438 459
438 465
439 1
439 32
439 43
439 47
439 96
439 144
439 172
439 173
439 251
439 295
439 346
439 361
439 418
439 426
439 441
439 463
439 464
439 468
440 26
440 47
440 70
440 79
440 85
440 122
440 157
440 178
440 210
440 238
440 290
440 351
440 370
440 405
440 418
440 426
440 465
440 471
440 482
440 490
441 6
441 52
441 101
441 104
441 105
441 120
441 130
441 142
441 152
441 181
441 277
441 279
441 283
441 284
441 286
441 303
441 311
441 335
441 349
441 381
441 422
441 439
441 442
441 461
441 485
442 18
442 29
442 40
442 45
442 46
442 51
442 63
442 64
442 73
442 79
442 94
442 149
442 166
442 175
442 197
442 201
442 215
442 230
442 248
442 257
442 287
442 292
442 343
442 346
442 363
442 373
442 375
442 411
442 435
442 441
442 448
442 470
442 482
442 497
443 44
443 55
443 61
443 71
443 80
443 85
443 101
443 119
443 141
443 166
443 246
443 303
443 304
443 314
443 360
443 371
443 421
443 422
443 438
443 447
444 10
444 19
444 24
444 62
444 82
444 108
444 118
444 134
444 154
444 157
444 186
444 243
444 252
444 253
444 271
444 283
444 291
444 304
444 312
444 337
444 338
444 339
444 343
444 357
444 370
444 378
444 465
444 480
444 494
445 23
445 25
445 39
445 42
445 56
445 81
445 99
445 129
445 177
445 181
445 217
445 220
445 227
445 285
445 292
445 293
445 333
445 334
445 347
445 349
445 391
445 411
445 428
445 458
445 461
445 472
445 474
445 479
446 26
446 63
446 94
446 115
446 119
446 120
446 136
446 166
446 171
446 172
446 197
446 198
446 199
446 223
446 247
446 295
446 307
446 314
446 319
446 348
446 351
446 357
446 375
446 396
446 407
446 420
446 428
446 457
446 478
447 30
447 59
447 60
447 85
447 100
447 164
447 190
447 193
447 206
447 216
447 263
447 266
447 274
447 280
447 289
447 317
447 318
447 336
447 344
447 375
447 380
447 417
447 421
447 430
447 435
447 443
447 451
447 476
447 485
448 4
448 41
448 57
448 66
448 75
448 85
448 88
448 109
448 166
448 185
448 230
448 238
448 301
448 349
448 371
448 372
448 399
448 442
448 453
448 472
449 21
449 27
449 47
449 69
449 83
449 129
449 163
449 177
449 220
449 221
449 230
449 235
449 251
449 306
449 327
449 340
449 362
449 366
449 387
449 401
449 406
449 454
449 459
449 486
449 492
449 498
450 15
450 38
450 42
450 45
450 50
450 82
450 118
450 133
450 136
450 140
450 144
450 156
450 172
450 179
450 185
450 197
450 208
450 215
450 231
450 254
450 263
450 309
450 313
450 337
450 357
450 368
450 385
450 394
450 403
450 425
450 453
450 469
450 474
450 488
451 12
451 19
451 23
451 82
451 83
451 139
451 184
451 205
451 210
451 219
451 224
451 230
451 266
451 307
451 337
451 343
451 366
451 404
451 447
451 464
451 466
451 481
452 30
452 37
452 60
452 83
452 98
452 114
452 122
452 134
452 157
452 168
452 189
452 218
452 226
452 231
452 308
452 321
452 330
452 356
452 363
452 365
452 378
452 409
452 414
452 457
452 487
452 494
453 18
453 48
453 69
453 83
453 86
453 96
453 101
453 191
453 237
453 243
453 250
453 267
453 274
453 317
453 340
453 352
453 354
453 419
453 448
453 450
453 463
453 495
453 499
454 7
454 12
454 37
454 42
454 54
454 58
454 81
454 82
454 123
454 146
454 178
454 190
454 257
454 303
454 312
454 360
454 433
454 435
454 449
454 472
454 485
454 495
455 7
455 11
455 96
455 171
455 174
455 215
455 234
455 237
455 243
455 266
455 276
455 284
455 286
455 291
455 319
455 334
455 369
455 386
455 388
455 423
455 460
455 480
456 4
456 21
456 36
456 40
456 46
456 54
456 73
456 81
456 86
456 93
456 94
456 104
456 119
456 131
456 132
456 146
456 148
456 175
456 219
456 233
456 250
456 251
456 254
456 274
456 284
456 296
456 303
456 309
456 312
456 359
456 360
456 390
456 427
457 31
457 53
457 85
457 133
457 140
457 143
457 171
457 183
457 198
457 222
457 236
457 272
457 285
457 287
457 299
457 324
457 335
457 359
457 364
457 375
457 377
457 386
457 434
457 446
457 452
458 2
458 16
458 21
458 38
458 60
458 61
458 81
458 113
458 141
458 147
458 162
458 182
458 207
458 218
458 234
458 240
458 288
458 367
458 374
458 384
458 412
458 423
458 445
458 467
458 471
458 473
458 482
458 484
458 488
459 16
459 20
459 47
459 62
459 70
459 135
459 137
459 149
459 166
459 173
459 190
459 192
459 213
459 257
459 260
459 300
459 305
459 356
459 375
459 392
459 438
459 449
459 479
459 485
460 3
460 5
460 21
460 32
460 36
460 52
460 58
460 73
460 83
460 115
460 127
460 142
460 153
460 183
460 195
460 242
460 258
460 262
460 263
460 264
460 277
460 292
460 309
460 331
460 346
460 350
460 351
460 355
460 358
460 365
460 376
460 381
460 394
460 421
460 455
460 476
460 492
461 5
461 86
461 112
461 137
461 156
461 161
461 174
461 186
461 187
461 214
461 251
461 253
461 290
461 307
461 317
461 337
461 356
461 362
461 364
461 389
461 403
461 407
461 437
461 441
461 445
461 466
461 476
462 8
462 14
462 39
462 41
462 83
462 86
462 177
462 239
462 258
462 267
462 282
462 309
462 321
462 331
462 334
462 348
462 367
462 372
462 377
462 394
462 409
462 413
462 414
462 419
462 470
462 472
462 483
462 488
462 492
463 8
463 11
463 61
463 84
463 87
463 128
463 149
463 187
463 257
463 294
463 305
463 369
463 376
463 378
463 387
463 435
463 439
463 453
463 491
463 496
464 29
464 40
464 42
464 48
464 50
464 75
464 84
464 111
464 127
464 129
464 133
464 145
464 159
464 163
464 185
464 231
464 248
464 250
464 280
464 306
464 325
464 338
464 386
464 397
464 421
464 434
464 439
464 451
464 470
464 487
464 490
465 0
465 4
465 13
465 65
465 78
465 105
465 118
465 142
465 146
465 155
465 182
465 185
465 212
465 220
465 270
465 274
465 293
465 307
465 309
465 327
465 336
465 356
465 374
465 404
465 419
465 438
465 440
465 444
466 5
466 44
466 97
466 124
466 141
466 143
466 170
466 201
466 210
466 225
466 235
466 252
466 254
466 303
466 323
466 328
466 365
466 392
466 393
466 406
466 412
466 433
466 451
466 461
466 479
466 480
467 4
467 8
467 22
467 46
467 84
467 112
467 139
467 140
467 162
467 174
467 181
467 198
467 204
467 237
467 272
467 283
467 306
467 307
467 337
467 348
467 380
467 388
467 389
467 391
467 430
467 458
467 479
467 487
468 0
468 15
468 32
468 34
468 54
468 70
468 72
468 86
468 119
468 120
468 131
468 163
468 173
468 174
468 183
468 207
468 222
468 236
468 242
468 245
468 258
468 263
468 279
468 320
468 330
468 353
468 355
468 374
468 377
468 397
468 412
468 439
469 20
469 21
469 26
469 39
469 42
469 59
469 85
469 111
469 123
469 151
469 153
469 175
469 210
469 219
469 231
469 257
469 271
469 279
469 280
469 287
469 310
469 318
469 324
469 336
469 348
469 387
469 421
469 432
469 450
469 475
469 494
470 25
470 35
470 45
470 58
470 72
470 85
470 95
470 121
470 274
470 322
470 324
470 341
470 344
470 345
470 348
470 368
470 379
470 388
470 400
470 407
470 408
470 442
470 462
470 464
471 2
471 61
471 98
471 115
471 125
471 140
471 154
471 179
471 193
471 198
471 209
471 222
471 249
471 254
471 256
471 257
471 319
471 335
471 336
471 365
471 392
471 394
471 420
471 440
471 458
472 15
472 76
472 81
472 113
472 121
472 161
472 169
472 196
472 219
472 222
472 249
472 263
472 267
472 306
472 313
472 319
472 330
472 355
472 401
472 403
472 424
472 433
472 445
472 448
472 454
472 462
472 499
473 76
473 112
473 138
473 206
473 208
473 210
473 259
473 324
473 329
473 331
473 390
473 403
473 458
474 7
474 32
474 109
474 129
474 130
474 131
474 146
474 157
474 216
474 232
474 270
474 277
474 319
474 398
474 425
474 433
474 445
474 450
474 486
475 36
475 62
475 115
475 124
475 132
475 140
475 151
475 177
475 213
475 225
475 252
475 259
475 286
475 300
475 331
475 338
475 341
475 349
475 369
475 392
475 410
475 417
475 425
475 436
475 469
475 493
475 494
476 35
476 42
476 43
476 59
476 136
476 173
476 187
476 239
476 315
476 317
476 319
476 326
476 354
476 378
476 394
476 414
476 447
476 460
476 461
476 486
476 499
477 107
477 151
477 158
477 173
477 187
477 221
477 232
477 252
477 255
477 277
477 298
477 329
477 346
477 354
477 489
478 57
478 69
478 111
478 127
478 140
478 156
478 171
478 201
478 206
478 212
478 240
478 264
478 295
478 302
478 331
478 332
478 333
478 348
478 394
478 415
478 417
478 435
478 446
478 496
478 498
479 50
479 67
479 70
479 95
479 119
479 141
479 155
479 176
479 263
479 286
479 288
479 313
479 316
479 339
479 343
479 350
479 363
479 372
479 378
479 381
479 401
479 403
479 404
479 422
479 445
479 459
479 466
479 467
479 498
480 8
480 24
480 56
480 83
480 137
480 220
480 252
480 282
480 292
480 293
480 316
480 389
480 399
480 403
480 444
480 455
480 466
480 483
480 492
481 13
481 23
481 26
481 64
481 124
481 177
481 209
481 287
481 315
481 329
481 331
481 349
481 376
481 401
481 409
481 451
482 6
482 10
482 15
482 31
482 34
482 49
482 57
482 77
482 108
482 110
482 132
482 199
482 218
482 223
482 237
482 276
482 354
482 365
482 375
482 440
482 442
482 458
482 486
483 39
483 72
483 113
483 116
483 132
483 139
483 143
483 148
483 170
483 189
483 191
483 201
483 210
483 216
483 221
483 264
483 306
483 316
483 394
483 423
483 425
483 462
483 480
484 2
484 20
484 21
484 133
484 142
484 206
484 210
484 226
484 247
484 264
484 268
484 275
484 306
484 323
484 329
484 359
484 373
484 458
484 495
484 497
485 34
485 78
485 96
485 110
485 144
485 148
485 157
485 176
485 229
485 241
485 303
485 304
485 305
485 313
485 315
485 332
485 333
485 363
485 382
485 402
485 433
485 441
485 447
485 454
485 459
486 8
486 26
486 77
486 130
486 152
486 167
486 214
486 230
486 243
486 253
486 260
486 289
486 298
486 314
486 324
486 346
486 399
486 408
486 425
486 449
486 474
486 476
486 482
486 497
487 3
487 4
487 29
487 57
487 59
487 67
487 104
487 173
487 184
487 233
487 262
487 280
487 290
487 292
487 331
487 355
487 381
487 395
487 418
487 424
487 428
487 437
487 452
487 464
487 467
488 46
488 69
488 74
488 82
488 90
488 95
488 118
488 125
488 143
488 164
488 179
488 190
488 198
488 202
488 236
488 240
488 259
488 261
488 266
488 268
488 273
488 326
488 402
488 450
488 458
488 462
488 491
489 42
489 82
489 103
489 114
489 135
489 137
489 151
489 179
489 234
489 286
489 289
489 307
489 318
489 366
489 370
489 393
489 477
490 1
490 26
490 46
490 57
490 98
490 143
490 147
490 160
490 176
490 226
490 235
490 256
490 281
490 316
490 317
490 325
490 356
490 359
490 363
490 366
490 372
490 384
490 424
490 427
490 440
490 464
491 7
491 14
491 59
491 60
491 61
491 100
491 101
491 195
491 213
491 294
491 295
491 310
491 364
491 382
491 413
491 463
491 488
492 11
492 55
492 117
492 134
492 190
492 196
492 208
492 213
492 216
492 222
492 264
492 269
492 272
492 291
492 356
492 361
492 399
492 405
492 406
492 449
492 460
492 462
492 480
493 9
493 20
493 31
493 41
493 70
493 109
493 140
493 147
493 167
493 169
493 189
493 206
493 214
493 227
493 274
493 286
493 340
493 356
493 386
493 415
493 428
493 432
493 475
494 53
494 62
494 84
494 89
494 102
494 130
494 168
494 214
494 216
494 232
494 247
494 269
494 270
494 296
494 305
494 318
494 322
494 338
494 363
494 379
494 385
494 387
494 399
494 401
494 411
494 421
494 444
494 452
494 469
494 475
494 498
495 7
495 20
495 28
495 53
495 82
495 83
495 96
495 109
495 131
495 154
495 165
495 169
495 175
495 194
495 214
495 234
495 285
495 315
495 349
495 353
495 358
495 362
495 370
495 371
495 378
495 389
495 398
495 404
495 407
495 453
495 454
495 484
496 41
496 62
496 102
496 171
496 189
496 244
496 247
496 278
496 291
496 340
496 360
496 403
496 428
496 463
496 478
497 18
497 60
497 82
497 96
497 103
497 107
497 117
497 129
497 140
497 178
497 244
497 294
497 357
497 360
497 368
497 380
497 442
497 484
497 486
498 32
498 45
498 65
498 71
498 156
498 176
498 180
498 202
498 209
498 211
498 296
498 327
498 337
498 449
498 478
498 479
498 494
499 6
499 20
499 44
499 49
499 56
499 61
499 65
499 69
499 79
499 86
499 107
499 112
499 135
499 138
499 139
499 164
499 169
499 190
499 221
499 227
499 235
499 258
499 264
499 278
499 286
499 332
499 345
499 347
499 354
499 363
499 371
499 380
499 428
499 453
499 472
499 476