200 508
0 30
0 109
0 149
0 171
1 7
1 13
1 38
1 119
1 125
1 148
1 173
2 129
3 66
3 77
3 131
3 166
3 196
4 27
4 112
4 162
4 169
5 29
5 30
5 114
5 119
5 144
6 30
6 41
6 50
6 73
6 130
6 166
7 1
7 57
7 121
7 134
7 174
7 181
7 198
7 199
8 16
8 105
8 112
8 126
8 168
9 27
9 85
9 103
9 144
9 174
9 177
10 88
10 116
10 161
11 55
11 58
11 95
11 146
12 14
12 84
12 98
12 135
12 159
13 1
13 74
13 83
13 97
13 146
13 153
13 159
13 183
14 12
14 60
14 68
14 101
14 142
14 193
15 20
15 41
15 68
15 130
15 185
16 8
16 98
16 111
16 155
17 36
17 92
17 97
17 105
17 173
17 181
17 190
18 25
18 45
18 67
18 78
18 142
19 25
19 141
19 154
20 15
20 23
20 26
20 39
20 60
20 182
21 74
21 119
22 114
22 126
22 187
22 189
22 191
23 20
23 58
23 102
23 114
23 134
23 144
23 190
23 193
24 30
24 101
24 109
24 117
25 18
25 19
25 58
25 121
25 125
25 182
26 20
26 32
26 69
26 88
26 119
26 135
26 185
27 4
27 9
27 40
27 47
27 86
27 121
27 128
27 151
27 164
27 175
27 191
28 82
28 123
29 5
29 48
29 166
29 172
30 0
30 5
30 6
30 24
30 47
30 76
30 81
30 125
30 127
30 150
31 43
31 81
31 177
32 26
32 47
32 68
32 168
33 51
33 89
33 109
33 112
33 127
33 132
33 156
34 35
34 64
34 89
34 108
34 152
35 34
35 42
35 66
35 130
35 185
36 17
36 132
36 160
37 95
37 111
37 118
37 126
38 1
38 150
38 158
38 161
38 168
39 20
39 61
39 91
39 192
40 27
40 59
40 106
41 6
41 15
41 72
41 109
41 117
41 129
41 143
42 35
42 96
43 31
43 91
43 117
45 18
45 53
45 99
45 107
45 112
45 198
46 64
46 95
46 101
46 106
46 124
47 27
47 30
47 32
47 57
48 29
48 68
48 88
48 114
48 140
48 171
49 70
49 115
49 125
49 165
49 180
50 6
50 85
50 112
50 178
51 33
51 88
51 95
51 109
51 111
51 122
52 61
52 71
52 77
52 124
53 45
53 94
53 140
53 148
54 132
54 133
54 135
54 160
54 176
54 197
55 11
55 68
55 110
55 140
56 67
56 70
56 94
56 98
56 118
57 7
57 47
57 75
57 96
57 102
57 132
57 145
57 163
57 197
58 11
58 23
58 25
58 63
58 90
58 102
58 131
58 173
58 177
59 40
59 175
60 14
60 20
60 64
60 105
60 143
60 184
60 198
61 39
61 52
61 63
61 68
61 114
61 157
63 58
63 61
63 77
63 116
64 34
64 46
64 60
64 66
64 83
64 141
64 174
65 89
65 173
66 3
66 35
66 64
66 77
66 81
66 86
66 122
66 159
66 196
67 18
67 56
67 101
68 14
68 15
68 32
68 48
68 55
68 61
68 73
68 171
69 26
69 156
70 49
70 56
70 95
70 96
70 110
70 112
70 166
70 199
71 52
71 136
71 168
71 176
72 41
72 123
72 143
73 6
73 68
73 85
73 147
73 169
74 13
74 21
74 92
74 99
74 184
75 57
75 126
76 30
76 130
76 157
77 3
77 52
77 63
77 66
77 122
78 18
78 94
78 109
78 177
78 196
79 98
79 108
79 191
80 91
80 102
80 114
80 143
81 30
81 31
81 66
81 84
82 28
82 94
82 122
83 13
83 64
83 99
83 154
83 158
83 165
83 168
83 183
84 12
84 81
84 102
84 132
84 150
84 188
85 9
85 50
85 73
85 95
85 120
85 174
85 197
86 27
86 66
86 149
86 152
86 194
87 134
87 167
87 171
87 193
88 10
88 26
88 48
88 51
88 134
88 176
89 33
89 34
89 65
89 101
89 122
89 157
89 198
90 58
90 115
90 130
90 136
90 147
90 155
90 194
91 39
91 43
91 80
91 130
91 148
91 163
91 185
92 17
92 74
92 116
93 122
94 53
94 56
94 78
94 82
94 106
94 110
94 123
94 126
94 194
95 11
95 37
95 46
95 51
95 70
95 85
95 114
95 118
95 121
95 148
95 167
95 185
96 42
96 57
96 70
96 108
96 139
96 143
96 157
96 158
97 13
97 17
97 155
97 158
97 164
97 165
98 12
98 16
98 56
98 79
98 135
99 45
99 74
99 83
99 131
100 158
101 14
101 24
101 46
101 67
101 89
102 23
102 57
102 58
102 80
102 84
102 131
102 145
103 9
103 176
103 178
104 142
104 156
104 183
105 8
105 17
105 60
105 139
105 150
105 175
106 40
106 46
106 94
106 121
107 45
107 135
107 143
108 34
108 79
108 96
108 133
108 166
108 188
109 0
109 24
109 33
109 41
109 51
109 78
109 194
110 55
110 70
110 94
111 16
111 37
111 51
111 149
111 193
112 4
112 8
112 33
112 45
112 50
112 70
112 180
113 118
113 147
114 5
114 22
114 23
114 48
114 61
114 80
114 95
114 130
114 134
114 142
114 152
114 154
115 49
115 90
115 172
116 10
116 63
116 92
116 119
116 138
117 24
117 41
117 43
117 130
117 146
117 165
117 181
118 37
118 56
118 95
118 113
118 124
118 176
119 1
119 5
119 21
119 26
119 116
119 129
119 170
120 85
120 162
120 168
121 7
121 25
121 27
121 95
121 106
122 51
122 66
122 77
122 82
122 89
122 93
122 135
122 139
123 28
123 72
123 94
123 148
124 46
124 52
124 118
124 132
124 151
125 1
125 25
125 30
125 49
125 130
125 148
126 8
126 22
126 37
126 75
126 94
126 133
126 135
126 143
127 30
127 33
127 135
127 168
127 189
128 27
129 2
129 41
129 119
129 132
129 136
129 164
130 6
130 15
130 35
130 76
130 90
130 91
130 114
130 117
130 125
130 156
130 170
131 3
131 58
131 99
131 102
131 152
131 161
131 193
132 33
132 36
132 54
132 57
132 84
132 124
132 129
133 54
133 108
133 126
133 140
133 164
133 169
133 193
134 7
134 23
134 87
134 88
134 114
134 151
134 155
134 156
134 158
135 12
135 26
135 54
135 98
135 107
135 122
135 126
135 127
135 160
135 161
135 163
135 179
135 192
136 71
136 90
136 129
136 174
137 156
137 157
137 192
137 193
138 116
138 154
138 192
139 96
139 105
139 122
139 155
139 162
139 175
140 48
140 53
140 55
140 133
141 19
141 64
141 146
141 170
141 193
142 14
142 18
142 104
142 114
142 152
143 41
143 60
143 72
143 80
143 96
143 107
143 126
144 5
144 9
144 23
144 147
144 195
144 197
145 57
145 102
146 11
146 13
146 117
146 141
146 160
146 163
146 176
147 73
147 90
147 113
147 144
148 1
148 53
148 91
148 95
148 123
148 125
148 161
149 0
149 86
149 111
149 167
150 30
150 38
150 84
150 105
150 167
151 27
151 124
151 134
151 191
152 34
152 86
152 114
152 131
152 142
152 159
152 162
152 174
153 13
154 19
154 83
154 114
154 138
154 180
154 190
155 16
155 90
155 97
155 134
155 139
155 165
155 166
156 33
156 69
156 104
156 130
156 134
156 137
157 61
157 76
157 89
157 96
157 137
158 38
158 83
158 96
158 97
158 100
158 134
158 184
158 198
159 12
159 13
159 66
159 152
159 167
160 36
160 54
160 135
160 146
160 195
161 10
161 38
161 131
161 135
161 148
162 4
162 120
162 139
162 152
162 190
162 194
163 57
163 91
163 135
163 146
163 187
163 189
164 27
164 97
164 129
164 133
165 49
165 83
165 97
165 117
165 155
166 3
166 6
166 29
166 70
166 108
166 155
166 184
167 87
167 95
167 149
167 150
167 159
167 178
167 196
168 8
168 32
168 38
168 71
168 83
168 120
168 127
169 4
169 73
169 133
170 119
170 130
170 141
171 0
171 48
171 68
171 87
171 185
172 29
172 115
172 184
173 1
173 17
173 58
173 65
173 190
174 7
174 9
174 64
174 85
174 136
174 152
175 27
175 59
175 105
175 139
176 54
176 71
176 88
176 103
176 118
176 146
177 9
177 31
177 58
177 78
177 191
178 50
178 103
178 167
179 135
180 49
180 112
180 154
181 7
181 17
181 117
182 20
182 25
183 13
183 83
183 104
184 60
184 74
184 158
184 166
184 172
184 199
185 15
185 26
185 35
185 91
185 95
185 171
187 22
187 163
188 84
188 108
189 22
189 127
189 163
190 17
190 23
190 154
190 162
190 173
190 192
191 22
191 27
191 79
191 151
191 177
191 199
192 39
192 135
192 137
192 138
192 190
192 195
192 199
193 14
193 23
193 87
193 111
193 131
193 133
193 137
193 141
194 86
194 90
194 94
194 109
194 162
195 144
195 160
195 192
196 3
196 66
196 78
196 167
197 54
197 57
197 85
197 144
198 7
198 45
198 60
198 89
198 158
199 7
199 70
199 184
199 191
199 192