200 4044
0 1
0 9
0 10
0 14
0 20
0 21
0 27
0 36
0 40
0 43
0 57
0 61
0 72
0 73
0 78
0 92
0 101
0 104
0 113
0 115
0 124
0 125
0 126
0 129
0 132
0 133
0 135
0 141
0 144
0 145
0 151
0 152
0 153
0 155
0 169
0 180
0 182
0 186
0 196
0 197
1 0
1 6
1 23
1 24
1 37
1 39
1 40
1 41
1 51
1 60
1 62
1 63
1 65
1 69
1 70
1 73
1 81
1 83
1 84
1 90
1 94
1 105
1 124
1 126
1 128
1 129
1 135
1 138
1 140
1 145
1 150
1 152
1 160
1 162
1 166
1 176
1 180
1 182
1 183
1 190
2 10
2 11
2 14
2 28
2 33
2 38
2 40
2 47
2 58
2 60
2 63
2 66
2 70
2 71
2 73
2 94
2 96
2 102
2 109
2 120
2 133
2 137
2 165
2 169
2 175
2 186
2 192
3 4
3 12
3 19
3 21
3 29
3 30
3 38
3 41
3 42
3 43
3 47
3 54
3 56
3 60
3 71
3 81
3 83
3 84
3 86
3 88
3 92
3 93
3 95
3 97
3 98
3 99
3 110
3 117
3 120
3 130
3 134
3 135
3 140
3 143
3 147
3 149
3 151
3 152
3 156
3 169
3 180
3 183
3 186
3 196
4 3
4 5
4 15
4 29
4 30
4 34
4 37
4 38
4 41
4 45
4 46
4 49
4 51
4 78
4 81
4 84
4 85
4 105
4 126
4 129
4 130
4 147
4 148
4 151
4 158
4 166
4 170
4 178
4 184
4 186
5 4
5 8
5 22
5 23
5 29
5 39
5 43
5 52
5 53
5 55
5 61
5 65
5 66
5 69
5 76
5 78
5 82
5 83
5 85
5 88
5 89
5 90
5 116
5 118
5 127
5 135
5 138
5 140
5 147
5 151
5 157
5 171
5 173
5 175
5 176
5 177
5 178
5 192
6 1
6 8
6 17
6 20
6 26
6 30
6 32
6 42
6 48
6 50
6 51
6 52
6 53
6 58
6 62
6 69
6 79
6 92
6 100
6 113
6 119
6 126
6 131
6 132
6 134
6 137
6 143
6 145
6 147
6 152
6 154
6 166
6 176
6 182
6 188
6 194
6 197
6 198
7 22
7 24
7 27
7 33
7 35
7 40
7 43
7 48
7 52
7 53
7 56
7 75
7 86
7 88
7 101
7 102
7 106
7 107
7 114
7 115
7 123
7 124
7 127
7 139
7 143
7 147
7 151
7 157
7 158
7 159
7 161
7 163
7 164
7 171
7 173
7 176
7 178
7 180
7 188
7 189
7 195
7 196
7 197
8 5
8 6
8 13
8 37
8 51
8 55
8 61
8 62
8 65
8 72
8 82
8 83
8 91
8 95
8 100
8 111
8 113
8 123
8 126
8 129
8 130
8 131
8 134
8 135
8 138
8 139
8 153
8 154
8 158
8 160
8 163
8 165
8 166
8 173
8 176
8 184
8 186
9 0
9 10
9 11
9 23
9 24
9 25
9 29
9 32
9 33
9 37
9 46
9 47
9 51
9 61
9 63
9 73
9 76
9 77
9 78
9 81
9 96
9 99
9 101
9 103
9 108
9 110
9 116
9 119
9 120
9 123
9 124
9 134
9 135
9 138
9 139
9 149
9 173
9 181
9 185
9 187
9 194
9 197
10 0
10 2
10 9
10 14
10 16
10 19
10 24
10 28
10 36
10 42
10 43
10 45
10 54
10 56
10 59
10 62
10 63
10 69
10 71
10 75
10 81
10 82
10 87
10 93
10 94
10 102
10 103
10 104
10 105
10 109
10 117
10 157
10 165
10 172
10 174
10 179
10 187
10 189
10 191
10 193
10 194
10 199
11 2
11 9
11 13
11 18
11 21
11 23
11 26
11 33
11 35
11 37
11 41
11 43
11 49
11 57
11 59
11 64
11 67
11 77
11 87
11 88
11 89
11 92
11 93
11 99
11 111
11 115
11 116
11 118
11 120
11 129
11 141
11 145
11 156
11 157
11 166
11 174
11 179
11 181
11 186
11 197
11 198
11 199
12 3
12 13
12 17
12 18
12 20
12 25
12 31
12 37
12 39
12 59
12 63
12 72
12 76
12 83
12 86
12 97
12 98
12 107
12 109
12 114
12 124
12 126
12 132
12 135
12 138
12 141
12 142
12 143
12 150
12 163
12 167
12 169
12 172
12 180
12 190
12 191
12 196
13 8
13 11
13 12
13 14
13 22
13 23
13 26
13 27
13 32
13 33
13 38
13 40
13 45
13 46
13 47
13 48
13 50
13 52
13 53
13 61
13 66
13 67
13 76
13 78
13 82
13 83
13 87
13 89
13 92
13 93
13 95
13 98
13 101
13 104
13 112
13 127
13 131
13 134
13 148
13 149
13 158
13 159
13 164
13 176
13 177
13 178
13 183
13 190
13 196
13 197
14 0
14 2
14 10
14 13
14 15
14 30
14 33
14 39
14 53
14 57
14 61
14 63
14 64
14 66
14 67
14 71
14 72
14 77
14 82
14 91
14 92
14 95
14 100
14 103
14 113
14 117
14 118
14 120
14 128
14 134
14 135
14 136
14 146
14 152
14 168
14 177
14 184
14 190
15 4
15 14
15 17
15 18
15 33
15 38
15 39
15 42
15 46
15 47
15 49
15 50
15 52
15 55
15 61
15 65
15 75
15 76
15 78
15 79
15 81
15 88
15 98
15 106
15 112
15 116
15 117
15 120
15 128
15 130
15 135
15 140
15 146
15 151
15 152
15 158
15 163
15 176
15 183
15 186
15 193
15 194
16 10
16 25
16 31
16 43
16 49
16 51
16 58
16 61
16 62
16 68
16 69
16 71
16 79
16 80
16 94
16 103
16 110
16 116
16 117
16 120
16 122
16 124
16 126
16 127
16 129
16 137
16 138
16 143
16 147
16 148
16 153
16 160
16 168
16 170
16 172
16 192
16 194
16 195
17 6
17 12
17 15
17 18
17 20
17 30
17 34
17 40
17 42
17 44
17 50
17 58
17 62
17 65
17 68
17 71
17 76
17 77
17 83
17 84
17 89
17 98
17 100
17 108
17 117
17 125
17 133
17 139
17 145
17 149
17 154
17 164
17 168
17 170
17 172
17 174
17 175
17 180
17 184
17 188
17 189
18 11
18 12
18 15
18 17
18 20
18 25
18 27
18 30
18 34
18 39
18 42
18 44
18 49
18 53
18 60
18 61
18 62
18 65
18 73
18 86
18 87
18 91
18 100
18 101
18 102
18 105
18 106
18 109
18 110
18 113
18 114
18 116
18 121
18 128
18 133
18 135
18 145
18 147
18 151
18 162
18 163
18 170
18 178
18 183
18 189
18 192
18 194
19 3
19 10
19 24
19 31
19 35
19 39
19 41
19 47
19 54
19 55
19 60
19 64
19 65
19 67
19 76
19 95
19 96
19 111
19 116
19 119
19 129
19 130
19 132
19 140
19 157
19 168
19 172
19 175
19 176
19 184
19 192
19 196
19 197
20 0
20 6
20 12
20 17
20 18
20 34
20 39
20 40
20 42
20 48
20 52
20 54
20 62
20 63
20 67
20 71
20 73
20 78
20 88
20 92
20 100
20 103
20 106
20 108
20 111
20 122
20 129
20 135
20 144
20 148
20 149
20 150
20 151
20 152
20 155
20 168
20 169
20 171
20 175
20 177
20 186
20 187
20 190
20 191
20 192
20 199
21 0
21 3
21 11
21 26
21 29
21 31
21 35
21 41
21 46
21 50
21 54
21 65
21 70
21 73
21 74
21 97
21 124
21 126
21 127
21 131
21 142
21 146
21 159
21 161
21 162
21 166
21 170
21 172
21 174
21 181
21 182
21 189
21 191
21 194
21 198
22 5
22 7
22 13
22 25
22 37
22 38
22 47
22 50
22 63
22 64
22 74
22 75
22 85
22 92
22 96
22 102
22 109
22 111
22 112
22 117
22 118
22 119
22 129
22 134
22 139
22 143
22 144
22 148
22 152
22 153
22 155
22 168
22 171
22 172
22 178
22 183
22 187
22 191
22 192
22 198
23 1
23 5
23 9
23 11
23 13
23 26
23 28
23 47
23 49
23 51
23 53
23 55
23 58
23 63
23 70
23 72
23 73
23 74
23 77
23 78
23 85
23 94
23 100
23 110
23 117
23 118
23 122
23 123
23 124
23 129
23 134
23 135
23 141
23 143
23 144
23 145
23 160
23 163
23 170
23 171
23 174
23 181
23 182
23 183
23 185
23 186
23 187
24 1
24 7
24 9
24 10
24 19
24 30
24 33
24 34
24 36
24 38
24 39
24 47
24 51
24 52
24 58
24 59
24 62
24 70
24 71
24 74
24 75
24 76
24 77
24 78
24 86
24 93
24 96
24 101
24 102
24 106
24 108
24 114
24 115
24 118
24 119
24 122
24 124
24 132
24 136
24 150
24 155
24 156
24 158
24 174
24 175
24 176
24 191
24 196
25 9
25 12
25 16
25 18
25 22
25 40
25 44
25 51
25 61
25 86
25 89
25 92
25 95
25 102
25 108
25 111
25 112
25 115
25 124
25 137
25 140
25 146
25 152
25 155
25 167
25 174
25 175
25 183
25 191
25 194
25 195
25 196
26 6
26 11
26 13
26 21
26 23
26 34
26 38
26 39
26 44
26 51
26 86
26 98
26 109
26 111
26 116
26 123
26 138
26 143
26 145
26 157
26 160
26 163
26 172
26 181
26 182
26 183
26 185
26 190
26 191
26 194
26 195
26 199
27 0
27 7
27 13
27 18
27 35
27 36
27 41
27 43
27 44
27 46
27 57
27 67
27 69
27 80
27 84
27 85
27 90
27 91
27 98
27 101
27 109
27 114
27 115
27 120
27 122
27 125
27 132
27 134
27 139
27 149
27 153
27 154
27 165
27 173
27 185
27 192
28 2
28 10
28 23
28 33
28 34
28 37
28 39
28 43
28 49
28 69
28 76
28 78
28 80
28 81
28 84
28 85
28 89
28 90
28 98
28 99
28 116
28 121
28 132
28 135
28 144
28 146
28 148
28 157
28 160
28 163
28 164
28 167
28 174
28 176
28 177
28 178
28 181
28 189
28 192
28 194
29 3
29 4
29 5
29 9
29 21
29 43
29 57
29 65
29 69
29 78
29 81
29 83
29 99
29 103
29 111
29 117
29 119
29 125
29 137
29 138
29 140
29 143
29 155
29 158
29 160
29 167
29 173
29 174
29 181
29 186
30 3
30 4
30 6
30 14
30 17
30 18
30 24
30 38
30 39
30 53
30 64
30 76
30 83
30 85
30 90
30 94
30 101
30 118
30 123
30 124
30 125
30 126
30 127
30 136
30 140
30 142
30 147
30 149
30 151
30 154
30 156
30 159
30 165
30 169
30 172
30 179
30 180
30 181
30 187
30 188
31 12
31 16
31 19
31 21
31 42
31 45
31 54
31 60
31 73
31 74
31 79
31 81
31 89
31 95
31 101
31 105
31 109
31 122
31 127
31 130
31 133
31 135
31 139
31 146
31 148
31 151
31 155
31 163
31 166
31 169
31 171
31 172
31 196
32 6
32 9
32 13
32 34
32 36
32 38
32 41
32 42
32 43
32 46
32 58
32 60
32 70
32 71
32 75
32 76
32 77
32 82
32 84
32 88
32 89
32 91
32 99
32 112
32 113
32 122
32 131
32 137
32 138
32 139
32 143
32 145
32 150
32 152
32 155
32 158
32 161
32 173
32 174
32 176
32 183
32 187
32 188
32 193
33 2
33 7
33 9
33 11
33 13
33 14
33 15
33 24
33 28
33 37
33 41
33 42
33 49
33 62
33 63
33 65
33 69
33 77
33 85
33 90
33 91
33 98
33 102
33 108
33 121
33 126
33 131
33 140
33 141
33 142
33 147
33 152
33 154
33 161
33 171
33 172
33 174
33 186
33 188
33 193
33 197
34 4
34 17
34 18
34 20
34 24
34 26
34 28
34 32
34 41
34 42
34 45
34 46
34 48
34 49
34 60
34 63
34 64
34 68
34 74
34 76
34 79
34 81
34 90
34 97
34 102
34 122
34 129
34 136
34 137
34 146
34 155
34 160
34 161
34 165
34 166
34 168
34 175
34 177
34 181
34 182
34 183
34 190
34 193
35 7
35 11
35 19
35 21
35 27
35 38
35 47
35 48
35 53
35 56
35 59
35 73
35 77
35 83
35 86
35 87
35 90
35 91
35 93
35 97
35 104
35 113
35 115
35 117
35 125
35 128
35 131
35 133
35 135
35 141
35 148
35 154
35 158
35 160
35 175
35 177
35 182
35 183
35 187
36 0
36 10
36 24
36 27
36 32
36 43
36 45
36 48
36 53
36 56
36 58
36 59
36 61
36 68
36 83
36 84
36 103
36 104
36 111
36 114
36 122
36 123
36 127
36 129
36 136
36 140
36 143
36 149
36 152
36 166
36 169
36 170
36 179
36 180
36 185
36 193
36 194
36 196
37 1
37 4
37 8
37 9
37 11
37 12
37 22
37 28
37 33
37 38
37 39
37 43
37 45
37 55
37 57
37 64
37 70
37 71
37 72
37 74
37 76
37 80
37 81
37 82
37 84
37 85
37 91
37 92
37 104
37 105
37 115
37 118
37 120
37 124
37 131
37 133
37 136
37 139
37 150
37 155
37 158
37 159
37 162
37 166
37 168
37 175
37 186
37 189
37 196
38 2
38 3
38 4
38 13
38 15
38 22
38 24
38 26
38 30
38 32
38 35
38 37
38 40
38 42
38 44
38 48
38 53
38 54
38 55
38 56
38 67
38 72
38 77
38 88
38 106
38 107
38 109
38 110
38 113
38 116
38 128
38 133
38 135
38 137
38 140
38 142
38 145
38 157
38 159
38 160
38 174
38 187
39 1
39 5
39 12
39 14
39 15
39 18
39 19
39 20
39 24
39 26
39 28
39 30
39 37
39 45
39 47
39 50
39 52
39 56
39 58
39 63
39 68
39 69
39 78
39 88
39 89
39 91
39 92
39 94
39 106
39 107
39 112
39 113
39 114
39 117
39 124
39 128
39 131
39 136
39 137
39 143
39 148
39 157
39 161
39 169
39 175
39 178
39 181
39 184
39 195
39 196
39 197
39 198
40 0
40 1
40 2
40 7
40 13
40 17
40 20
40 25
40 38
40 41
40 44
40 48
40 50
40 51
40 52
40 57
40 69
40 70
40 72
40 75
40 82
40 84
40 85
40 90
40 91
40 93
40 100
40 102
40 107
40 116
40 117
40 130
40 131
40 137
40 145
40 146
40 147
40 148
40 150
40 158
40 162
40 168
40 171
40 182
40 190
40 191
40 196
40 198
41 1
41 3
41 4
41 11
41 19
41 21
41 27
41 32
41 33
41 34
41 40
41 43
41 45
41 49
41 51
41 68
41 73
41 74
41 84
41 95
41 96
41 97
41 99
41 107
41 112
41 114
41 117
41 128
41 134
41 137
41 138
41 149
41 156
41 159
41 166
41 167
41 168
41 177
41 187
41 194
41 199
42 3
42 6
42 10
42 15
42 17
42 18
42 20
42 31
42 32
42 33
42 34
42 38
42 48
42 49
42 52
42 58
42 60
42 65
42 77
42 80
42 85
42 91
42 92
42 95
42 103
42 111
42 120
42 121
42 129
42 134
42 137
42 142
42 151
42 155
42 164
42 167
42 174
42 182
42 188
42 194
43 0
43 3
43 5
43 7
43 10
43 11
43 16
43 27
43 28
43 29
43 32
43 36
43 37
43 41
43 45
43 47
43 50
43 59
43 64
43 71
43 79
43 92
43 96
43 98
43 100
43 103
43 104
43 109
43 112
43 122
43 126
43 138
43 140
43 142
43 143
43 146
43 148
43 150
43 155
43 164
43 168
43 173
43 178
43 180
43 188
43 189
43 190
43 192
43 199
44 17
44 18
44 25
44 26
44 27
44 38
44 40
44 48
44 49
44 53
44 67
44 69
44 71
44 74
44 78
44 81
44 100
44 122
44 128
44 130
44 135
44 140
44 142
44 146
44 147
44 160
44 166
44 167
44 169
44 170
44 179
44 182
44 185
44 188
44 190
44 197
44 198
44 199
45 4
45 10
45 13
45 31
45 34
45 36
45 37
45 39
45 41
45 43
45 51
45 60
45 69
45 72
45 73
45 79
45 98
45 100
45 102
45 106
45 108
45 110
45 111
45 112
45 120
45 121
45 125
45 128
45 134
45 141
45 148
45 151
45 152
45 153
45 154
45 158
45 159
45 162
45 165
45 171
45 176
45 181
45 185
45 187
45 190
45 192
46 4
46 9
46 13
46 15
46 21
46 27
46 32
46 34
46 47
46 48
46 52
46 55
46 56
46 57
46 60
46 65
46 78
46 80
46 84
46 85
46 91
46 93
46 94
46 96
46 99
46 100
46 103
46 104
46 107
46 118
46 126
46 130
46 132
46 138
46 143
46 146
46 147
46 150
46 153
46 154
46 157
46 158
46 159
46 162
46 163
46 164
46 165
46 166
46 180
46 186
46 187
46 188
46 192
46 195
47 2
47 3
47 9
47 13
47 15
47 19
47 22
47 23
47 24
47 35
47 39
47 43
47 46
47 48
47 53
47 56
47 65
47 68
47 79
47 81
47 82
47 92
47 94
47 95
47 96
47 116
47 118
47 123
47 129
47 131
47 134
47 139
47 142
47 145
47 152
47 161
47 163
47 165
47 168
47 175
47 179
47 184
47 185
47 194
47 198
48 6
48 7
48 13
48 20
48 34
48 35
48 36
48 38
48 40
48 42
48 44
48 46
48 47
48 49
48 56
48 60
48 65
48 69
48 73
48 80
48 84
48 88
48 90
48 98
48 102
48 108
48 112
48 115
48 134
48 138
48 139
48 153
48 158
48 169
48 178
48 180
48 183
48 192
48 199
49 4
49 11
49 15
49 16
49 18
49 23
49 28
49 33
49 34
49 41
49 42
49 44
49 48
49 50
49 53
49 66
49 69
49 73
49 76
49 82
49 83
49 95
49 98
49 99
49 100
49 101
49 112
49 124
49 127
49 131
49 133
49 136
49 140
49 162
49 165
49 166
49 174
49 178
49 180
49 188
49 194
49 196
50 6
50 13
50 15
50 17
50 21
50 22
50 39
50 40
50 43
50 49
50 57
50 70
50 76
50 77
50 81
50 84
50 88
50 100
50 104
50 115
50 119
50 126
50 133
50 138
50 139
50 141
50 151
50 156
50 159
50 165
50 168
50 175
50 177
50 180
50 189
50 191
50 197
51 1
51 4
51 6
51 8
51 9
51 16
51 23
51 24
51 25
51 26
51 40
51 41
51 45
51 53
51 55
51 59
51 70
51 74
51 80
51 82
51 88
51 91
51 92
51 109
51 112
51 113
51 122
51 127
51 129
51 131
51 133
51 135
51 154
51 165
51 180
51 182
51 189
51 196
51 197
52 5
52 6
52 7
52 13
52 15
52 20
52 24
52 39
52 40
52 42
52 46
52 56
52 58
52 66
52 74
52 77
52 78
52 83
52 84
52 86
52 95
52 97
52 100
52 113
52 114
52 119
52 123
52 132
52 138
52 147
52 149
52 150
52 159
52 162
52 167
52 170
52 172
52 173
52 177
52 179
52 180
52 185
52 192
52 194
52 196
52 197
53 5
53 6
53 7
53 13
53 14
53 18
53 23
53 30
53 35
53 36
53 38
53 44
53 47
53 49
53 51
53 56
53 59
53 60
53 65
53 67
53 78
53 85
53 89
53 90
53 103
53 104
53 107
53 110
53 117
53 118
53 120
53 122
53 126
53 128
53 137
53 143
53 145
53 148
53 155
53 162
53 164
53 173
53 174
53 179
53 186
53 187
53 192
53 196
53 197
54 3
54 10
54 19
54 20
54 21
54 31
54 38
54 64
54 65
54 73
54 83
54 90
54 95
54 98
54 100
54 103
54 105
54 112
54 119
54 121
54 124
54 131
54 137
54 138
54 147
54 149
54 156
54 165
54 170
54 179
54 185
54 190
54 191
54 197
54 198
55 5
55 8
55 15
55 19
55 23
55 37
55 38
55 46
55 51
55 66
55 68
55 69
55 74
55 77
55 94
55 98
55 100
55 104
55 110
55 116
55 117
55 123
55 125
55 129
55 130
55 132
55 133
55 134
55 138
55 145
55 154
55 155
55 158
55 165
55 169
55 173
55 176
55 177
55 180
55 184
55 185
55 186
55 190
55 191
55 192
55 198
56 3
56 7
56 10
56 35
56 36
56 38
56 39
56 46
56 47
56 48
56 52
56 53
56 67
56 68
56 74
56 75
56 78
56 84
56 85
56 88
56 102
56 103
56 105
56 106
56 108
56 118
56 121
56 124
56 132
56 138
56 139
56 140
56 146
56 150
56 157
56 165
56 169
56 171
56 172
56 173
56 180
56 187
56 189
56 194
56 195
56 199
57 0
57 11
57 14
57 27
57 29
57 37
57 40
57 46
57 50
57 58
57 69
57 76
57 88
57 93
57 113
57 119
57 122
57 128
57 136
57 139
57 141
57 143
57 146
57 148
57 156
57 160
57 165
57 168
57 171
57 179
57 190
58 2
58 6
58 16
58 17
58 23
58 24
58 32
58 36
58 39
58 42
58 52
58 57
58 63
58 70
58 71
58 72
58 76
58 77
58 78
58 79
58 81
58 84
58 88
58 89
58 91
58 96
58 98
58 104
58 105
58 106
58 109
58 114
58 115
58 116
58 118
58 120
58 122
58 124
58 126
58 130
58 131
58 132
58 133
58 134
58 157
58 158
58 159
58 160
58 167
58 172
58 173
58 175
58 178
58 179
58 180
58 182
58 197
59 10
59 11
59 12
59 24
59 35
59 36
59 43
59 51
59 53
59 62
59 72
59 77
59 80
59 81
59 88
59 89
59 98
59 112
59 117
59 121
59 123
59 127
59 140
59 146
59 147
59 148
59 152
59 154
59 156
59 162
59 164
59 168
59 169
59 173
59 183
59 187
60 1
60 2
60 3
60 18
60 19
60 31
60 32
60 34
60 42
60 45
60 46
60 48
60 53
60 61
60 66
60 67
60 73
60 75
60 88
60 94
60 95
60 97
60 110
60 112
60 119
60 129
60 144
60 149
60 153
60 155
60 156
60 159
60 162
60 167
60 170
60 173
60 177
60 187
60 192
60 195
60 196
60 197
61 0
61 5
61 8
61 9
61 13
61 14
61 15
61 16
61 18
61 25
61 36
61 60
61 76
61 77
61 79
61 84
61 92
61 96
61 100
61 104
61 113
61 117
61 126
61 128
61 131
61 142
61 148
61 149
61 151
61 152
61 154
61 156
61 173
61 178
62 1
62 6
62 8
62 10
62 16
62 17
62 18
62 20
62 24
62 33
62 59
62 63
62 65
62 66
62 71
62 76
62 93
62 94
62 99
62 105
62 121
62 122
62 123
62 124
62 125
62 127
62 131
62 139
62 148
62 149
62 152
62 153
62 155
62 157
62 158
62 161
62 167
62 174
62 176
62 179
62 187
62 189
62 194
62 196
63 1
63 2
63 9
63 10
63 12
63 14
63 20
63 22
63 23
63 33
63 34
63 39
63 58
63 62
63 68
63 74
63 77
63 81
63 103
63 106
63 119
63 125
63 133
63 137
63 139
63 142
63 146
63 158
63 162
63 164
63 165
63 170
63 176
63 179
63 183
63 185
63 187
63 194
63 196
64 11
64 14
64 19
64 22
64 30
64 34
64 37
64 43
64 54
64 65
64 71
64 75
64 76
64 77
64 80
64 90
64 93
64 94
64 99
64 101
64 102
64 110
64 112
64 124
64 125
64 126
64 133
64 135
64 139
64 152
64 154
64 156
64 159
64 165
64 169
64 171
64 172
64 173
64 177
64 188
64 195
64 196
65 1
65 5
65 8
65 15
65 17
65 18
65 19
65 21
65 29
65 33
65 42
65 46
65 47
65 48
65 53
65 54
65 62
65 64
65 75
65 79
65 95
65 99
65 100
65 107
65 113
65 114
65 120
65 123
65 148
65 154
65 162
65 166
65 167
65 171
65 179
65 182
65 186
65 191
65 194
65 195
65 198
66 2
66 5
66 13
66 14
66 49
66 52
66 55
66 60
66 62
66 68
66 70
66 74
66 78
66 100
66 107
66 125
66 141
66 146
66 154
66 156
66 158
66 165
66 171
66 180
66 183
66 189
66 192
66 193
66 197
66 198
67 11
67 13
67 14
67 19
67 20
67 27
67 38
67 44
67 53
67 56
67 60
67 74
67 78
67 93
67 94
67 95
67 96
67 100
67 102
67 109
67 111
67 112
67 123
67 135
67 137
67 156
67 157
67 160
67 161
67 163
67 165
67 168
67 188
67 193
67 199
68 16
68 17
68 34
68 36
68 39
68 41
68 47
68 55
68 56
68 63
68 66
68 74
68 77
68 86
68 92
68 103
68 106
68 115
68 124
68 126
68 127
68 131
68 137
68 139
68 144
68 158
68 160
68 165
68 177
68 179
68 181
68 184
68 188
68 193
68 198
69 1
69 5
69 6
69 10
69 16
69 27
69 28
69 29
69 33
69 39
69 40
69 44
69 45
69 48
69 49
69 55
69 57
69 71
69 72
69 73
69 74
69 76
69 81
69 87
69 99
69 103
69 106
69 111
69 131
69 133
69 145
69 146
69 161
69 171
69 172
69 181
69 182
69 189
69 190
69 196
69 199
70 1
70 2
70 21
70 23
70 24
70 32
70 37
70 40
70 50
70 51
70 58
70 66
70 72
70 77
70 80
70 86
70 87
70 89
70 90
70 92
70 94
70 105
70 107
70 115
70 121
70 122
70 126
70 130
70 133
70 144
70 146
70 148
70 150
70 167
70 180
70 183
70 187
70 188
70 199
71 2
71 3
71 10
71 14
71 16
71 17
71 20
71 24
71 32
71 37
71 43
71 44
71 58
71 62
71 64
71 69
71 73
71 75
71 79
71 84
71 85
71 88
71 95
71 109
71 124
71 125
71 129
71 130
71 139
71 143
71 145
71 146
71 148
71 150
71 152
71 159
71 176
71 181
71 187
72 0
72 8
72 12
72 14
72 23
72 37
72 38
72 40
72 45
72 58
72 59
72 69
72 70
72 75
72 82
72 83
72 86
72 88
72 90
72 94
72 97
72 99
72 105
72 111
72 114
72 117
72 123
72 133
72 137
72 142
72 146
72 147
72 148
72 163
72 182
72 183
72 192
72 194
73 0
73 1
73 2
73 9
73 18
73 20
73 21
73 23
73 31
73 35
73 41
73 45
73 48
73 49
73 54
73 60
73 69
73 71
73 95
73 97
73 100
73 101
73 102
73 109
73 112
73 119
73 120
73 123
73 125
73 127
73 134
73 136
73 138
73 153
73 160
73 161
73 162
73 164
73 165
73 167
73 173
73 174
73 175
73 178
73 184
73 185
73 186
73 198
74 21
74 22
74 23
74 24
74 31
74 34
74 37
74 41
74 44
74 51
74 52
74 55
74 56
74 63
74 66
74 67
74 68
74 69
74 88
74 94
74 115
74 124
74 125
74 126
74 127
74 131
74 135
74 137
74 139
74 152
74 153
74 154
74 159
74 161
74 165
74 169
74 170
74 176
74 184
74 188
74 189
75 7
75 10
75 15
75 22
75 24
75 32
75 40
75 56
75 60
75 64
75 65
75 71
75 72
75 81
75 86
75 103
75 104
75 117
75 121
75 125
75 127
75 128
75 131
75 137
75 144
75 149
75 155
75 157
75 158
75 162
75 163
75 165
75 166
75 167
75 172
75 185
75 197
75 198
76 5
76 9
76 12
76 13
76 15
76 17
76 19
76 24
76 28
76 30
76 32
76 34
76 37
76 49
76 50
76 57
76 58
76 61
76 62
76 64
76 69
76 79
76 81
76 91
76 97
76 98
76 101
76 105
76 107
76 108
76 111
76 114
76 116
76 125
76 128
76 131
76 132
76 149
76 152
76 156
76 162
76 164
76 165
76 166
76 172
76 177
76 181
76 182
76 188
76 190
76 198
77 9
77 11
77 14
77 17
77 23
77 24
77 32
77 33
77 35
77 38
77 42
77 50
77 52
77 55
77 58
77 59
77 61
77 63
77 64
77 68
77 70
77 79
77 84
77 89
77 91
77 102
77 103
77 104
77 115
77 118
77 119
77 120
77 127
77 129
77 147
77 157
77 161
77 163
77 165
77 167
77 170
77 174
77 181
77 190
78 0
78 4
78 5
78 9
78 13
78 15
78 20
78 23
78 24
78 28
78 29
78 39
78 44
78 46
78 52
78 53
78 56
78 58
78 66
78 67
78 80
78 85
78 92
78 93
78 94
78 95
78 96
78 101
78 108
78 109
78 115
78 117
78 118
78 119
78 120
78 122
78 125
78 136
78 139
78 148
78 154
78 158
78 159
78 168
78 175
78 179
78 184
78 185
78 194
79 6
79 15
79 16
79 31
79 34
79 43
79 45
79 47
79 58
79 61
79 65
79 71
79 76
79 77
79 81
79 89
79 90
79 91
79 105
79 112
79 114
79 115
79 116
79 118
79 126
79 127
79 133
79 139
79 141
79 143
79 146
79 152
79 169
79 174
79 177
79 188
79 190
80 16
80 27
80 28
80 37
80 42
80 46
80 48
80 51
80 59
80 64
80 70
80 78
80 82
80 84
80 85
80 91
80 95
80 99
80 102
80 104
80 108
80 109
80 110
80 120
80 124
80 131
80 155
80 163
80 164
80 166
80 171
80 175
80 191
80 192
80 194
80 199
81 1
81 3
81 4
81 9
81 10
81 15
81 28
81 29
81 31
81 34
81 37
81 44
81 47
81 50
81 58
81 59
81 63
81 69
81 75
81 76
81 79
81 82
81 84
81 92
81 94
81 100
81 106
81 110
81 111
81 122
81 123
81 124
81 126
81 129
81 144
81 145
81 146
81 148
81 149
81 153
81 158
81 161
81 164
81 167
81 168
81 172
81 175
81 183
81 187
81 189
81 190
82 5
82 8
82 10
82 13
82 14
82 32
82 37
82 40
82 47
82 49
82 51
82 72
82 80
82 81
82 84
82 91
82 93
82 94
82 98
82 101
82 102
82 106
82 114
82 115
82 119
82 122
82 128
82 129
82 130
82 137
82 143
82 148
82 153
82 154
82 157
82 163
82 167
82 171
82 174
82 177
82 180
82 187
82 189
82 191
82 194
82 196
82 198
83 1
83 3
83 5
83 8
83 12
83 13
83 17
83 29
83 30
83 35
83 36
83 49
83 52
83 54
83 72
83 86
83 90
83 99
83 104
83 106
83 109
83 110
83 113
83 119
83 120
83 128
83 129
83 137
83 144
83 148
83 149
83 150
83 158
83 160
83 161
83 167
83 168
83 169
83 174
83 180
83 181
83 186
83 188
83 198
83 199
84 1
84 3
84 4
84 17
84 27
84 28
84 32
84 36
84 37
84 40
84 41
84 46
84 48
84 50
84 52
84 56
84 58
84 61
84 71
84 77
84 80
84 81
84 82
84 85
84 87
84 88
84 92
84 95
84 99
84 104
84 109
84 110
84 122
84 123
84 128
84 129
84 135
84 146
84 171
84 172
84 174
84 177
84 182
84 184
84 186
84 195
84 199
85 4
85 5
85 22
85 23
85 27
85 28
85 30
85 33
85 37
85 40
85 42
85 46
85 53
85 56
85 71
85 78
85 80
85 84
85 88
85 90
85 93
85 103
85 111
85 126
85 137
85 140
85 146
85 148
85 151
85 156
85 160
85 167
85 174
85 177
85 182
85 183
85 184
85 188
86 3
86 7
86 12
86 18
86 24
86 25
86 26
86 35
86 52
86 68
86 70
86 72
86 75
86 83
86 89
86 93
86 95
86 96
86 98
86 107
86 111
86 114
86 120
86 132
86 134
86 144
86 149
86 150
86 152
86 156
86 162
86 168
86 171
86 177
86 182
86 183
86 191
87 10
87 11
87 13
87 18
87 35
87 69
87 70
87 84
87 97
87 98
87 100
87 112
87 127
87 130
87 139
87 140
87 142
87 155
87 157
87 159
87 169
87 183
87 187
87 195
88 3
88 5
88 7
88 11
88 15
88 20
88 32
88 38
88 39
88 48
88 50
88 51
88 56
88 57
88 58
88 59
88 60
88 71
88 72
88 74
88 84
88 85
88 99
88 107
88 108
88 112
88 113
88 116
88 119
88 123
88 124
88 126
88 127
88 129
88 130
88 131
88 134
88 137
88 140
88 142
88 151
88 166
88 168
88 170
88 189
88 191
89 5
89 11
89 13
89 17
89 25
89 28
89 31
89 32
89 39
89 53
89 58
89 59
89 70
89 77
89 79
89 86
89 103
89 113
89 114
89 116
89 124
89 131
89 134
89 136
89 137
89 151
89 160
89 161
89 166
89 167
89 169
89 170
89 180
89 187
89 188
89 195
90 1
90 5
90 27
90 28
90 30
90 33
90 34
90 35
90 40
90 48
90 53
90 54
90 64
90 70
90 72
90 79
90 83
90 85
90 91
90 97
90 107
90 110
90 113
90 115
90 125
90 135
90 136
90 138
90 139
90 145
90 153
90 169
90 181
90 189
91 8
91 14
91 18
91 27
91 32
91 33
91 35
91 37
91 39
91 40
91 42
91 46
91 51
91 58
91 76
91 77
91 79
91 80
91 82
91 90
91 94
91 97
91 103
91 129
91 133
91 137
91 138
91 147
91 148
91 151
91 159
91 171
91 174
91 178
91 191
91 197
91 199
92 0
92 3
92 6
92 11
92 13
92 14
92 20
92 22
92 25
92 37
92 39
92 42
92 43
92 47
92 51
92 61
92 68
92 70
92 78
92 81
92 84
92 97
92 101
92 104
92 110
92 111
92 115
92 116
92 119
92 123
92 124
92 131
92 135
92 144
92 157
92 158
92 160
92 165
92 167
92 170
92 172
92 175
92 180
92 184
92 185
92 188
92 189
92 194
92 197
93 3
93 10
93 11
93 13
93 24
93 35
93 40
93 46
93 57
93 62
93 64
93 67
93 78
93 82
93 85
93 86
93 98
93 114
93 115
93 121
93 126
93 129
93 134
93 135
93 139
93 140
93 145
93 151
93 153
93 155
93 157
93 158
93 161
93 178
93 180
93 184
93 194
93 196
94 1
94 2
94 10
94 16
94 23
94 30
94 39
94 46
94 47
94 55
94 60
94 62
94 64
94 67
94 70
94 72
94 74
94 78
94 81
94 82
94 91
94 96
94 97
94 98
94 105
94 106
94 117
94 121
94 124
94 128
94 132
94 134
94 135
94 138
94 144
94 150
94 151
94 152
94 157
94 160
94 163
94 168
94 172
94 186
94 188
94 189
94 197
95 3
95 8
95 13
95 14
95 19
95 25
95 31
95 41
95 42
95 47
95 49
95 52
95 54
95 60
95 65
95 67
95 71
95 73
95 78
95 80
95 84
95 86
95 106
95 107
95 131
95 133
95 137
95 155
95 165
95 167
95 170
95 173
95 178
95 180
95 188
95 191
95 192
95 196
96 2
96 9
96 19
96 22
96 24
96 41
96 43
96 46
96 47
96 58
96 61
96 67
96 78
96 86
96 94
96 100
96 102
96 103
96 108
96 110
96 114
96 117
96 118
96 119
96 128
96 129
96 134
96 135
96 149
96 158
96 160
96 162
96 167
96 172
96 174
96 175
96 184
96 189
96 190
96 191
96 192
96 196
96 199
97 3
97 12
97 21
97 34
97 35
97 41
97 52
97 60
97 72
97 73
97 76
97 87
97 90
97 91
97 92
97 94
97 104
97 107
97 109
97 115
97 116
97 118
97 122
97 129
97 144
97 148
97 153
97 166
97 171
97 174
97 186
97 197
98 3
98 12
98 13
98 15
98 17
98 26
98 27
98 28
98 33
98 43
98 45
98 48
98 49
98 54
98 55
98 58
98 59
98 76
98 82
98 86
98 87
98 93
98 94
98 108
98 109
98 111
98 131
98 134
98 136
98 137
98 139
98 149
98 151
98 160
98 167
98 174
98 196
99 3
99 9
99 11
99 28
99 29
99 32
99 41
99 46
99 49
99 62
99 64
99 65
99 69
99 72
99 80
99 83
99 84
99 88
99 102
99 115
99 121
99 127
99 131
99 133
99 137
99 138
99 143
99 145
99 149
99 160
99 163
99 164
99 170
99 177
100 6
100 8
100 14
100 17
100 18
100 20
100 23
100 40
100 43
100 44
100 45
100 46
100 49
100 50
100 52
100 54
100 55
100 61
100 65
100 66
100 67
100 73
100 81
100 87
100 96
100 101
100 102
100 107
100 111
100 115
100 117
100 118
100 120
100 121
100 139
100 144
100 146
100 149
100 151
100 156
100 162
100 163
100 171
100 172
100 173
100 179
100 185
100 188
100 190
101 0
101 7
101 9
101 13
101 18
101 24
101 27
101 30
101 31
101 49
101 64
101 73
101 76
101 78
101 82
101 92
101 100
101 105
101 116
101 122
101 125
101 130
101 131
101 132
101 133
101 138
101 139
101 145
101 146
101 150
101 151
101 159
101 163
101 166
101 167
101 179
101 185
101 186
101 188
102 2
102 7
102 10
102 18
102 22
102 24
102 25
102 33
102 34
102 40
102 45
102 48
102 56
102 64
102 67
102 73
102 77
102 80
102 82
102 96
102 99
102 100
102 106
102 107
102 108
102 109
102 124
102 134
102 145
102 153
102 158
102 166
102 169
102 171
102 174
102 177
102 194
102 195
102 197
102 198
103 9
103 10
103 14
103 16
103 20
103 29
103 36
103 42
103 43
103 46
103 53
103 54
103 56
103 63
103 68
103 69
103 75
103 77
103 85
103 89
103 91
103 96
103 123
103 125
103 126
103 129
103 133
103 139
103 145
103 152
103 156
103 166
103 168
103 178
103 181
103 190
103 199
104 0
104 10
104 13
104 35
104 36
104 37
104 43
104 46
104 50
104 53
104 55
104 58
104 61
104 75
104 77
104 80
104 83
104 84
104 92
104 97
104 108
104 109
104 116
104 117
104 119
104 125
104 126
104 127
104 135
104 156
104 168
104 172
104 184
104 194
105 1
105 4
105 10
105 18
105 31
105 37
105 54
105 56
105 58
105 62
105 70
105 72
105 76
105 79
105 94
105 101
105 110
105 112
105 122
105 125
105 131
105 136
105 146
105 153
105 155
105 162
105 165
105 166
105 171
105 174
105 177
105 178
105 184
105 188
105 192
105 198
106 7
106 15
106 18
106 20
106 24
106 38
106 39
106 45
106 56
106 58
106 63
106 68
106 69
106 81
106 82
106 83
106 94
106 95
106 102
106 107
106 110
106 116
106 120
106 127
106 128
106 129
106 137
106 139
106 143
106 148
106 152
106 158
106 160
106 161
106 167
106 168
106 175
106 178
106 181
106 184
106 188
106 199
107 7
107 12
107 38
107 39
107 40
107 41
107 46
107 53
107 65
107 66
107 70
107 76
107 86
107 88
107 90
107 95
107 97
107 100
107 102
107 106
107 113
107 132
107 135
107 147
107 158
107 169
107 178
107 183
107 185
107 197
107 199
108 9
108 17
108 20
108 24
108 25
108 33
108 45
108 48
108 56
108 76
108 78
108 80
108 88
108 96
108 98
108 102
108 104
108 116
108 118
108 123
108 128
108 129
108 138
108 139
108 143
108 144
108 150
108 153
108 160
108 162
108 163
108 164
108 168
108 182
108 192
108 194
109 2
109 10
109 12
109 18
109 22
109 26
109 27
109 31
109 38
109 43
109 51
109 58
109 67
109 71
109 73
109 78
109 80
109 83
109 84
109 97
109 98
109 102
109 104
109 111
109 115
109 127
109 128
109 134
109 135
109 137
109 140
109 146
109 149
109 150
109 155
109 158
109 162
109 164
109 171
109 175
109 178
109 180
109 183
110 3
110 9
110 16
110 18
110 23
110 38
110 45
110 53
110 55
110 60
110 64
110 80
110 81
110 83
110 84
110 90
110 92
110 96
110 105
110 106
110 115
110 119
110 120
110 123
110 129
110 134
110 142
110 148
110 151
110 153
110 167
110 170
110 172
110 173
110 174
110 176
110 177
110 192
110 195
111 8
111 11
111 19
111 20
111 22
111 25
111 26
111 29
111 36
111 42
111 45
111 67
111 69
111 72
111 76
111 81
111 85
111 86
111 92
111 98
111 100
111 109
111 121
111 128
111 137
111 139
111 141
111 144
111 147
111 148
111 149
111 154
111 158
111 165
111 167
111 168
111 169
111 170
111 174
111 178
111 181
111 184
111 194
111 199
112 13
112 15
112 22
112 25
112 32
112 39
112 41
112 43
112 45
112 48
112 49
112 51
112 54
112 59
112 60
112 64
112 67
112 73
112 79
112 87
112 88
112 105
112 115
112 135
112 137
112 141
112 144
112 149
112 167
112 169
112 179
112 183
112 184
112 185
112 199
113 0
113 6
113 8
113 14
113 18
113 32
113 35
113 38
113 39
113 51
113 52
113 57
113 61
113 65
113 83
113 88
113 89
113 90
113 107
113 118
113 124
113 130
113 131
113 136
113 141
113 152
113 154
113 155
113 169
113 171
113 180
113 190
113 194
114 7
114 12
114 18
114 24
114 27
114 36
114 39
114 41
114 52
114 58
114 65
114 72
114 76
114 79
114 82
114 86
114 89
114 93
114 96
114 116
114 117
114 118
114 129
114 132
114 138
114 139
114 143
114 146
114 150
114 159
114 161
114 166
114 167
114 172
114 173
114 175
114 177
114 182
114 188
114 190
114 192
114 193
115 0
115 7
115 11
115 24
115 25
115 27
115 35
115 37
115 48
115 50
115 58
115 68
115 70
115 74
115 77
115 78
115 79
115 82
115 90
115 92
115 93
115 97
115 99
115 100
115 109
115 110
115 112
115 119
115 120
115 123
115 128
115 131
115 145
115 146
115 148
115 153
115 158
115 163
115 169
115 177
115 178
115 179
115 190
115 194
115 196
115 197
115 199
116 5
116 9
116 11
116 15
116 16
116 18
116 19
116 26
116 28
116 38
116 40
116 47
116 55
116 58
116 76
116 79
116 88
116 89
116 92
116 97
116 101
116 104
116 106
116 108
116 114
116 117
116 120
116 124
116 125
116 126
116 127
116 131
116 132
116 136
116 141
116 142
116 143
116 144
116 152
116 163
116 174
116 180
116 181
116 183
116 188
116 196
116 199
117 3
117 10
117 14
117 15
117 16
117 17
117 22
117 23
117 29
117 35
117 39
117 40
117 41
117 53
117 55
117 59
117 61
117 72
117 75
117 78
117 94
117 96
117 100
117 104
117 114
117 116
117 121
117 128
117 139
117 141
117 142
117 147
117 148
117 149
117 151
117 157
117 158
117 168
117 170
117 171
117 178
117 183
117 187
117 191
117 193
117 198
117 199
118 5
118 11
118 14
118 22
118 23
118 24
118 30
118 37
118 46
118 47
118 53
118 56
118 58
118 77
118 78
118 79
118 96
118 97
118 100
118 108
118 113
118 114
118 119
118 126
118 127
118 132
118 133
118 137
118 151
118 153
118 159
118 160
118 161
118 182
118 183
118 185
118 189
118 190
118 192
118 193
118 195
118 196
118 197
118 199
119 6
119 9
119 19
119 22
119 24
119 29
119 50
119 52
119 54
119 57
119 60
119 63
119 73
119 77
119 78
119 82
119 83
119 88
119 92
119 96
119 104
119 110
119 115
119 118
119 128
119 129
119 137
119 139
119 142
119 144
119 150
119 157
119 160
119 169
119 172
119 174
119 176
119 179
119 181
119 182
119 183
119 184
119 189
120 2
120 3
120 9
120 11
120 14
120 15
120 16
120 27
120 37
120 42
120 45
120 53
120 58
120 65
120 73
120 77
120 78
120 80
120 83
120 86
120 100
120 106
120 110
120 115
120 116
120 122
120 128
120 139
120 149
120 156
120 194
120 195
120 196
121 18
121 28
121 33
121 42
121 45
121 54
121 56
121 59
121 62
121 70
121 75
121 93
121 94
121 99
121 100
121 111
121 117
121 123
121 124
121 128
121 141
121 148
121 152
121 154
121 155
121 157
121 158
121 162
121 164
121 172
121 174
121 188
121 192
121 197
122 16
122 20
122 23
122 24
122 27
122 31
122 32
122 34
122 36
122 43
122 44
122 51
122 53
122 57
122 58
122 62
122 70
122 78
122 81
122 82
122 84
122 97
122 101
122 105
122 120
122 123
122 130
122 131
122 132
122 140
122 141
122 144
122 146
122 152
122 157
122 161
122 168
122 190
123 7
123 8
123 9
123 23
123 26
123 30
123 36
123 47
123 52
123 55
123 59
123 62
123 65
123 67
123 72
123 73
123 81
123 84
123 88
123 92
123 103
123 108
123 110
123 115
123 121
123 122
123 125
123 128
123 144
123 148
123 150
123 155
123 171
123 189
123 193
123 194
123 196
124 0
124 1
124 7
124 9
124 12
124 16
124 21
124 23
124 24
124 25
124 30
124 37
124 39
124 49
124 54
124 56
124 58
124 62
124 64
124 68
124 71
124 74
124 80
124 81
124 88
124 89
124 92
124 94
124 102
124 113
124 116
124 121
124 125
124 126
124 127
124 138
124 149
124 154
124 159
124 167
124 169
124 179
124 184
124 185
124 190
124 197
124 198
125 0
125 17
125 27
125 29
125 30
125 35
125 45
125 55
125 62
125 63
125 64
125 66
125 71
125 73
125 74
125 75
125 76
125 78
125 90
125 101
125 103
125 104
125 105
125 116
125 123
125 124
125 128
125 134
125 137
125 140
125 156
125 163
125 165
125 168
125 175
125 177
125 179
125 183
125 187
126 0
126 1
126 4
126 6
126 8
126 12
126 16
126 21
126 30
126 33
126 43
126 46
126 50
126 53
126 58
126 61
126 64
126 68
126 70
126 74
126 79
126 81
126 85
126 88
126 93
126 103
126 104
126 116
126 118
126 124
126 129
126 131
126 135
126 137
126 146
126 149
126 151
126 152
126 155
126 158
126 161
126 162
126 164
126 168
126 174
126 175
126 177
126 180
126 190
127 5
127 7
127 13
127 16
127 21
127 30
127 31
127 36
127 49
127 51
127 59
127 62
127 68
127 73
127 74
127 75
127 77
127 79
127 87
127 88
127 99
127 104
127 106
127 109
127 116
127 118
127 124
127 133
127 134
127 144
127 145
127 147
127 148
127 160
127 166
127 173
127 178
127 188
127 190
127 196
128 1
128 14
128 15
128 18
128 35
128 38
128 39
128 41
128 44
128 45
128 53
128 57
128 61
128 75
128 76
128 82
128 83
128 84
128 94
128 96
128 106
128 108
128 109
128 111
128 115
128 117
128 119
128 120
128 121
128 123
128 125
128 132
128 138
128 142
128 145
128 147
128 150
128 168
128 177
128 182
128 192
128 198
129 0
129 1
129 4
129 8
129 11
129 16
129 19
129 20
129 22
129 23
129 34
129 36
129 42
129 47
129 51
129 55
129 60
129 71
129 77
129 81
129 82
129 83
129 84
129 88
129 91
129 93
129 96
129 97
129 103
129 106
129 108
129 110
129 114
129 119
129 126
129 130
129 134
129 136
129 137
129 142
129 148
129 152
129 153
129 157
129 159
129 160
129 171
129 176
129 180
129 190
129 193
130 3
130 4
130 8
130 15
130 19
130 31
130 40
130 44
130 46
130 55
130 58
130 70
130 71
130 82
130 87
130 88
130 101
130 113
130 122
130 129
130 133
130 134
130 137
130 142
130 148
130 152
130 167
130 168
130 179
130 186
130 195
130 199
131 6
131 8
131 13
131 21
131 32
131 33
131 35
131 37
131 39
131 40
131 47
131 49
131 51
131 54
131 58
131 61
131 62
131 68
131 69
131 74
131 75
131 76
131 80
131 88
131 89
131 92
131 95
131 98
131 99
131 101
131 105
131 113
131 115
131 116
131 122
131 126
131 139
131 142
131 158
131 178
131 180
131 190
132 0
132 6
132 12
132 19
132 24
132 27
132 28
132 46
132 52
132 55
132 56
132 58
132 76
132 86
132 94
132 101
132 107
132 114
132 116
132 118
132 122
132 128
132 134
132 135
132 142
132 148
132 157
132 158
132 161
132 163
132 177
132 179
132 185
132 190
132 191
132 194
133 0
133 2
133 17
133 18
133 31
133 35
133 37
133 38
133 49
133 50
133 51
133 55
133 58
133 63
133 64
133 69
133 70
133 72
133 79
133 91
133 95
133 99
133 101
133 103
133 118
133 127
133 130
133 135
133 138
133 139
133 143
133 146
133 148
133 152
133 155
133 156
133 157
133 171
133 174
133 179
133 191
133 196
133 198
134 3
134 6
134 8
134 9
134 13
134 14
134 22
134 23
134 27
134 41
134 42
134 45
134 47
134 48
134 55
134 58
134 73
134 86
134 88
134 89
134 93
134 94
134 96
134 98
134 102
134 109
134 110
134 125
134 127
134 129
134 130
134 132
134 135
134 137
134 152
134 160
134 167
134 171
134 175
134 178
134 181
134 182
134 184
134 187
134 188
134 190
134 191
134 192
134 198
135 0
135 1
135 3
135 5
135 8
135 9
135 12
135 14
135 15
135 18
135 20
135 23
135 28
135 31
135 35
135 38
135 44
135 51
135 64
135 67
135 74
135 84
135 90
135 92
135 93
135 94
135 96
135 104
135 107
135 109
135 112
135 126
135 132
135 133
135 134
135 147
135 148
135 150
135 156
135 162
135 168
135 171
135 183
135 189
135 192
135 195
135 197
136 14
136 24
136 30
136 34
136 36
136 37
136 39
136 49
136 57
136 73
136 78
136 89
136 90
136 98
136 105
136 113
136 116
136 129
136 139
136 143
136 144
136 149
136 151
136 153
136 155
136 162
136 171
136 179
136 183
136 185
136 188
136 194
136 199
137 2
137 6
137 16
137 25
137 29
137 32
137 34
137 38
137 39
137 40
137 41
137 42
137 53
137 54
137 63
137 67
137 68
137 72
137 74
137 75
137 82
137 83
137 85
137 88
137 89
137 91
137 95
137 98
137 99
137 106
137 109
137 111
137 112
137 118
137 119
137 125
137 126
137 129
137 130
137 134
137 142
137 157
137 158
137 165
137 179
137 196
138 1
138 5
138 8
138 9
138 12
138 16
138 26
138 29
138 32
138 41
138 43
138 46
138 48
138 50
138 52
138 54
138 55
138 56
138 73
138 90
138 91
138 94
138 99
138 101
138 108
138 114
138 124
138 128
138 133
138 141
138 146
138 152
138 153
138 156
138 164
138 165
138 167
138 168
138 175
138 179
138 187
138 188
138 190
138 192
139 7
139 8
139 9
139 17
139 22
139 27
139 31
139 32
139 37
139 47
139 48
139 50
139 56
139 57
139 62
139 63
139 64
139 68
139 71
139 74
139 78
139 79
139 87
139 90
139 93
139 98
139 100
139 101
139 103
139 106
139 108
139 111
139 114
139 117
139 119
139 120
139 131
139 133
139 136
139 142
139 151
139 156
139 157
139 168
139 169
139 175
139 176
139 182
139 183
139 184
139 185
139 188
140 1
140 3
140 5
140 15
140 19
140 25
140 29
140 30
140 33
140 36
140 38
140 43
140 44
140 49
140 56
140 59
140 85
140 87
140 88
140 93
140 109
140 122
140 125
140 141
140 143
140 145
140 151
140 166
140 167
140 169
140 171
140 172
140 181
140 184
140 185
140 186
140 190
140 191
141 0
141 11
141 12
141 23
141 33
141 35
141 45
141 50
141 57
141 66
141 79
141 111
141 112
141 113
141 116
141 117
141 121
141 122
141 138
141 140
141 144
141 147
141 150
141 154
141 159
141 163
141 164
141 166
141 171
141 173
141 186
141 191
141 197
142 12
142 21
142 30
142 33
142 38
142 42
142 43
142 44
142 47
142 61
142 63
142 72
142 87
142 88
142 110
142 116
142 117
142 119
142 128
142 129
142 130
142 131
142 132
142 137
142 139
142 148
142 149
142 162
142 173
142 177
142 181
142 183
142 186
142 188
142 196
142 198
143 3
143 6
143 7
143 12
143 16
143 22
143 23
143 26
143 29
143 32
143 36
143 39
143 43
143 46
143 53
143 57
143 71
143 79
143 82
143 99
143 106
143 108
143 114
143 116
143 133
143 136
143 140
143 151
143 159
143 164
143 166
143 168
143 174
143 175
143 180
143 190
143 191
144 0
144 20
144 22
144 23
144 28
144 60
144 68
144 70
144 75
144 81
144 83
144 86
144 92
144 94
144 97
144 100
144 108
144 111
144 112
144 116
144 119
144 122
144 123
144 127
144 136
144 141
144 149
144 158
144 159
144 170
144 180
144 183
144 192
144 193
145 0
145 1
145 6
145 11
145 17
145 18
145 23
145 26
145 32
145 38
145 40
145 47
145 53
145 55
145 69
145 71
145 81
145 90
145 93
145 99
145 101
145 102
145 103
145 115
145 127
145 128
145 140
145 146
145 149
145 153
145 154
145 157
145 159
145 170
145 172
145 174
145 178
145 180
145 183
145 185
146 14
146 15
146 21
146 25
146 28
146 31
146 34
146 40
146 43
146 44
146 46
146 56
146 57
146 59
146 63
146 66
146 69
146 70
146 71
146 72
146 79
146 81
146 84
146 85
146 100
146 101
146 105
146 109
146 114
146 115
146 122
146 126
146 133
146 138
146 145
146 147
146 151
146 159
146 160
146 175
146 176
146 182
146 195
147 3
147 4
147 5
147 6
147 7
147 16
147 18
147 30
147 33
147 40
147 44
147 46
147 52
147 54
147 59
147 72
147 77
147 91
147 107
147 111
147 117
147 127
147 128
147 135
147 141
147 146
147 166
147 168
147 183
147 194
147 195
148 4
148 13
148 16
148 20
148 22
148 28
148 31
148 35
148 39
148 40
148 43
148 45
148 53
148 57
148 59
148 61
148 62
148 65
148 70
148 71
148 72
148 78
148 81
148 82
148 83
148 85
148 91
148 97
148 106
148 110
148 111
148 115
148 117
148 121
148 123
148 127
148 129
148 130
148 132
148 133
148 135
148 142
148 154
148 156
148 162
148 170
148 175
148 177
148 183
148 191
148 199
149 3
149 9
149 13
149 17
149 20
149 27
149 30
149 36
149 41
149 52
149 54
149 60
149 61
149 62
149 75
149 76
149 81
149 83
149 86
149 96
149 98
149 99
149 100
149 109
149 111
149 112
149 117
149 120
149 124
149 126
149 136
149 142
149 144
149 145
149 154
149 161
149 164
149 166
149 168
149 178
149 195
149 198
150 1
150 12
150 20
150 24
150 32
150 37
150 40
150 43
150 46
150 52
150 56
150 70
150 71
150 83
150 86
150 94
150 101
150 108
150 109
150 114
150 119
150 123
150 128
150 135
150 141
150 154
150 157
150 159
150 160
150 170
150 172
150 176
150 180
150 182
150 183
150 185
150 188
151 0
151 3
151 4
151 5
151 7
151 15
151 18
151 20
151 30
151 31
151 42
151 45
151 50
151 61
151 85
151 88
151 89
151 91
151 93
151 94
151 98
151 100
151 101
151 110
151 117
151 118
151 126
151 136
151 139
151 140
151 143
151 146
151 153
151 160
151 161
151 167
151 169
151 173
151 176
151 183
151 189
151 190
151 193
151 196
151 197
152 0
152 1
152 3
152 6
152 14
152 15
152 20
152 22
152 25
152 32
152 33
152 36
152 45
152 47
152 59
152 61
152 62
152 64
152 71
152 74
152 76
152 79
152 86
152 94
152 103
152 106
152 113
152 116
152 121
152 122
152 126
152 129
152 130
152 133
152 134
152 138
152 156
152 167
152 170
152 173
152 177
152 178
152 184
152 196
152 197
153 0
153 8
153 16
153 22
153 27
153 45
153 46
153 48
153 60
153 62
153 73
153 74
153 81
153 82
153 90
153 93
153 97
153 102
153 105
153 108
153 110
153 115
153 118
153 129
153 136
153 138
153 145
153 151
153 158
153 166
153 172
153 177
153 179
153 183
153 186
153 187
154 6
154 8
154 17
154 27
154 30
154 33
154 35
154 45
154 46
154 51
154 55
154 59
154 61
154 64
154 65
154 66
154 74
154 78
154 82
154 111
154 113
154 121
154 124
154 141
154 145
154 148
154 149
154 150
154 156
154 157
154 161
154 165
154 172
154 174
154 187
154 191
154 194
155 0
155 20
155 22
155 24
155 25
155 29
155 31
155 32
155 34
155 37
155 42
155 43
155 53
155 55
155 60
155 62
155 75
155 80
155 87
155 93
155 95
155 105
155 109
155 113
155 121
155 123
155 126
155 133
155 136
155 161
155 166
155 168
155 170
155 177
155 180
155 184
155 195
156 3
156 11
156 24
156 30
156 41
156 50
156 54
156 57
156 59
156 60
156 61
156 64
156 66
156 67
156 76
156 85
156 86
156 100
156 103
156 104
156 120
156 125
156 133
156 135
156 138
156 139
156 148
156 152
156 154
156 158
156 159
156 162
156 166
156 173
156 187
156 188
156 195
157 5
157 7
157 10
157 11
157 19
157 26
157 28
157 38
157 39
157 46
157 56
157 58
157 62
157 67
157 75
157 77
157 82
157 87
157 92
157 93
157 94
157 117
157 119
157 121
157 122
157 129
157 132
157 133
157 137
157 139
157 145
157 150
157 154
157 166
157 169
158 4
158 7
158 8
158 13
158 15
158 24
158 29
158 32
158 35
158 37
158 40
158 45
158 46
158 48
158 55
158 58
158 62
158 63
158 66
158 68
158 75
158 78
158 81
158 83
158 92
158 93
158 96
158 102
158 106
158 107
158 109
158 111
158 115
158 117
158 121
158 126
158 131
158 132
158 137
158 144
158 153
158 156
158 165
158 167
158 176
158 184
158 187
158 190
158 197
158 199
159 7
159 13
159 21
159 30
159 37
159 38
159 41
159 45
159 46
159 50
159 52
159 58
159 60
159 64
159 71
159 74
159 78
159 87
159 91
159 101
159 114
159 118
159 124
159 129
159 141
159 143
159 144
159 145
159 146
159 150
159 156
159 166
159 168
159 170
159 171
159 179
159 184
159 191
159 194
160 1
160 8
160 16
160 23
160 26
160 28
160 29
160 34
160 35
160 38
160 44
160 57
160 58
160 67
160 68
160 73
160 83
160 85
160 89
160 92
160 94
160 96
160 98
160 99
160 106
160 108
160 118
160 119
160 127
160 129
160 134
160 146
160 150
160 151
160 162
160 166
160 169
160 170
160 172
160 180
160 183
160 186
160 188
160 189
160 190
160 195
160 197
161 7
161 21
161 32
161 33
161 34
161 39
161 47
161 62
161 67
161 69
161 73
161 74
161 77
161 81
161 83
161 89
161 93
161 106
161 114
161 118
161 122
161 126
161 132
161 149
161 151
161 154
161 155
161 163
161 166
161 169
161 174
161 175
161 183
161 188
161 196
162 1
162 18
162 21
162 37
162 40
162 45
162 46
162 49
162 52
162 53
162 59
162 60
162 63
162 65
162 73
162 75
162 76
162 86
162 96
162 100
162 105
162 108
162 109
162 121
162 126
162 135
162 136
162 142
162 148
162 156
162 160
162 164
162 174
162 177
162 180
162 183
162 187
162 188
162 194
162 195
163 7
163 8
163 12
163 15
163 18
163 23
163 26
163 28
163 31
163 46
163 47
163 67
163 72
163 75
163 77
163 80
163 82
163 94
163 99
163 100
163 101
163 108
163 115
163 116
163 125
163 132
163 141
163 161
163 166
163 184
163 190
164 7
164 13
164 17
164 28
164 42
164 43
164 46
164 53
164 59
164 63
164 73
164 76
164 80
164 81
164 99
164 108
164 109
164 121
164 126
164 138
164 141
164 143
164 149
164 162
164 173
164 176
164 180
164 182
164 183
164 184
164 189
164 196
164 197
164 199
165 2
165 8
165 10
165 27
165 30
165 34
165 45
165 46
165 47
165 49
165 50
165 51
165 54
165 55
165 56
165 57
165 63
165 64
165 66
165 67
165 68
165 73
165 74
165 75
165 76
165 77
165 92
165 95
165 105
165 111
165 125
165 137
165 138
165 154
165 158
165 168
165 169
165 191
165 199
166 1
166 4
166 6
166 8
166 11
166 21
166 31
166 34
166 36
166 37
166 41
166 44
166 46
166 49
166 65
166 75
166 76
166 80
166 88
166 89
166 97
166 101
166 102
166 103
166 105
166 114
166 127
166 140
166 141
166 143
166 147
166 149
166 153
166 155
166 156
166 157
166 159
166 160
166 161
166 163
166 169
166 185
167 12
167 25
167 28
167 29
167 41
167 42
167 44
167 52
167 58
167 60
167 62
167 65
167 70
167 73
167 75
167 77
167 81
167 82
167 83
167 85
167 89
167 92
167 95
167 96
167 98
167 101
167 106
167 110
167 111
167 112
167 114
167 124
167 130
167 134
167 138
167 140
167 151
167 152
167 158
167 173
167 186
167 188
168 14
168 16
168 17
168 19
168 20
168 22
168 34
168 37
168 40
168 41
168 43
168 47
168 50
168 57
168 59
168 67
168 78
168 81
168 83
168 86
168 88
168 94
168 103
168 104
168 106
168 108
168 111
168 117
168 122
168 125
168 126
168 128
168 130
168 135
168 138
168 139
168 143
168 147
168 149
168 155
168 159
168 165
168 171
168 174
168 176
168 177
168 178
168 180
168 194
168 196
169 0
169 2
169 3
169 12
169 20
169 30
169 31
169 36
169 39
169 44
169 48
169 55
169 56
169 59
169 64
169 74
169 79
169 83
169 87
169 89
169 90
169 102
169 107
169 111
169 112
169 113
169 115
169 119
169 124
169 139
169 140
169 151
169 157
169 160
169 161
169 165
169 166
169 170
169 180
169 181
169 184
169 186
169 192
169 193
170 4
170 16
170 17
170 18
170 21
170 23
170 36
170 44
170 52
170 54
170 60
170 63
170 74
170 77
170 88
170 89
170 92
170 95
170 99
170 110
170 111
170 117
170 144
170 145
170 148
170 150
170 152
170 155
170 159
170 160
170 169
170 171
170 173
170 174
170 178
170 184
170 185
170 193
170 199
171 5
171 7
171 20
171 22
171 23
171 31
171 33
171 40
171 45
171 56
171 57
171 64
171 65
171 66
171 69
171 80
171 82
171 84
171 86
171 91
171 97
171 100
171 102
171 105
171 109
171 113
171 117
171 123
171 129
171 133
171 134
171 135
171 136
171 140
171 141
171 159
171 168
171 170
171 177
171 182
171 184
171 198
172 10
172 12
172 16
172 17
172 19
172 21
172 22
172 26
172 30
172 31
172 33
172 52
172 56
172 58
172 64
172 69
172 75
172 76
172 81
172 84
172 92
172 94
172 96
172 100
172 104
172 110
172 114
172 119
172 121
172 140
172 145
172 150
172 153
172 154
172 160
172 176
172 180
172 182
172 186
172 199
173 5
173 7
173 8
173 9
173 27
173 29
173 32
173 43
173 52
173 53
173 55
173 56
173 58
173 59
173 60
173 61
173 64
173 73
173 95
173 100
173 110
173 114
173 127
173 141
173 142
173 151
173 152
173 156
173 164
173 167
173 170
173 183
173 187
173 191
173 192
173 193
173 196
174 10
174 11
174 17
174 21
174 23
174 24
174 25
174 28
174 29
174 32
174 33
174 38
174 42
174 49
174 53
174 62
174 73
174 77
174 79
174 82
174 83
174 84
174 85
174 91
174 96
174 97
174 98
174 102
174 105
174 110
174 111
174 116
174 119
174 121
174 126
174 133
174 143
174 145
174 154
174 161
174 162
174 168
174 170
174 178
174 181
174 185
174 187
174 192
174 195
174 196
174 198
175 2
175 5
175 17
175 19
175 20
175 24
175 25
175 34
175 35
175 37
175 39
175 47
175 50
175 58
175 73
175 78
175 80
175 81
175 92
175 96
175 106
175 109
175 114
175 125
175 126
175 134
175 138
175 139
175 143
175 146
175 148
175 161
175 179
175 186
175 188
175 192
175 196
176 1
176 5
176 6
176 7
176 8
176 13
176 15
176 19
176 24
176 28
176 32
176 45
176 55
176 62
176 63
176 71
176 74
176 110
176 119
176 129
176 139
176 146
176 150
176 151
176 158
176 164
176 168
176 172
176 184
176 188
176 189
177 5
177 13
177 14
177 20
177 28
177 34
177 35
177 41
177 50
177 52
177 55
177 60
177 64
177 68
177 76
177 79
177 82
177 84
177 85
177 86
177 99
177 102
177 105
177 110
177 114
177 115
177 125
177 126
177 128
177 132
177 142
177 148
177 152
177 153
177 155
177 162
177 168
177 171
177 185
177 187
177 195
178 4
178 5
178 7
178 13
178 18
178 22
178 28
178 39
178 43
178 48
178 49
178 58
178 61
178 73
178 91
178 93
178 95
178 103
178 105
178 106
178 107
178 109
178 111
178 115
178 117
178 127
178 131
178 134
178 145
178 149
178 152
178 168
178 170
178 174
178 179
178 183
178 186
178 189
178 190
178 195
179 10
179 11
179 30
179 36
179 44
179 47
179 52
179 53
179 54
179 57
179 58
179 62
179 63
179 65
179 68
179 78
179 100
179 101
179 112
179 115
179 119
179 124
179 125
179 130
179 132
179 133
179 136
179 137
179 138
179 153
179 159
179 175
179 178
179 185
179 187
179 188
179 193
179 195
180 0
180 1
180 3
180 7
180 12
180 17
180 30
180 36
180 43
180 46
180 48
180 49
180 50
180 51
180 52
180 55
180 56
180 58
180 66
180 70
180 82
180 83
180 89
180 92
180 93
180 95
180 109
180 113
180 116
180 126
180 129
180 131
180 143
180 144
180 145
180 150
180 155
180 160
180 162
180 164
180 168
180 169
180 172
180 182
180 183
180 186
180 190
180 194
180 199
181 9
181 11
181 21
181 23
181 26
181 28
181 29
181 30
181 34
181 39
181 45
181 68
181 69
181 71
181 76
181 77
181 83
181 90
181 103
181 106
181 111
181 116
181 119
181 134
181 140
181 142
181 169
181 174
181 183
181 185
181 195
181 198
182 0
182 1
182 6
182 21
182 23
182 26
182 34
182 35
182 40
182 42
182 44
182 51
182 58
182 65
182 69
182 72
182 76
182 84
182 85
182 86
182 108
182 114
182 118
182 119
182 128
182 134
182 139
182 146
182 150
182 164
182 171
182 172
182 180
182 189
182 194
182 196
182 197
183 1
183 3
183 13
183 15
183 18
183 22
183 23
183 25
183 26
183 32
183 34
183 35
183 48
183 59
183 63
183 66
183 70
183 72
183 81
183 85
183 86
183 87
183 107
183 109
183 112
183 116
183 117
183 118
183 119
183 125
183 135
183 136
183 139
183 142
183 144
183 145
183 147
183 148
183 150
183 151
183 153
183 160
183 161
183 162
183 164
183 173
183 178
183 180
183 181
183 188
183 189
184 4
184 8
184 14
184 17
184 19
184 39
184 47
184 55
184 68
184 73
184 74
184 78
184 84
184 85
184 92
184 93
184 96
184 104
184 105
184 106
184 111
184 112
184 119
184 124
184 134
184 139
184 140
184 152
184 155
184 158
184 159
184 163
184 164
184 169
184 170
184 171
184 176
184 191
184 193
185 9
185 23
185 26
185 27
185 36
185 44
185 45
185 47
185 52
185 54
185 55
185 63
185 73
185 75
185 78
185 92
185 100
185 101
185 107
185 112
185 118
185 124
185 132
185 136
185 139
185 140
185 145
185 150
185 166
185 170
185 174
185 177
185 179
185 181
185 188
185 192
185 193
185 197
186 0
186 2
186 3
186 4
186 8
186 11
186 15
186 20
186 23
186 29
186 33
186 37
186 46
186 53
186 55
186 65
186 73
186 83
186 84
186 94
186 97
186 101
186 130
186 140
186 141
186 142
186 153
186 160
186 167
186 169
186 172
186 175
186 178
186 180
186 190
186 191
186 193
186 196
187 9
187 10
187 20
187 22
187 23
187 30
187 32
187 35
187 38
187 41
187 45
187 46
187 53
187 56
187 59
187 60
187 62
187 63
187 70
187 71
187 81
187 82
187 87
187 89
187 117
187 125
187 134
187 138
187 153
187 154
187 156
187 158
187 162
187 173
187 174
187 177
187 179
187 188
187 196
187 197
188 6
188 7
188 17
188 30
188 32
188 33
188 42
188 43
188 44
188 46
188 49
188 64
188 67
188 68
188 70
188 74
188 76
188 79
188 83
188 85
188 89
188 92
188 94
188 95
188 100
188 101
188 105
188 106
188 114
188 116
188 121
188 127
188 134
188 136
188 138
188 139
188 142
188 150
188 156
188 160
188 161
188 162
188 167
188 175
188 176
188 179
188 183
188 185
188 187
188 189
188 193
188 194
188 199
189 7
189 10
189 17
189 18
189 21
189 28
189 37
189 43
189 50
189 51
189 56
189 62
189 66
189 69
189 74
189 81
189 82
189 88
189 90
189 92
189 94
189 96
189 118
189 119
189 123
189 135
189 151
189 160
189 164
189 176
189 178
189 182
189 183
189 188
189 190
189 191
190 1
190 12
190 13
190 14
190 20
190 26
190 34
190 40
190 43
190 44
190 45
190 54
190 55
190 57
190 69
190 76
190 77
190 79
190 81
190 96
190 100
190 103
190 113
190 114
190 115
190 118
190 122
190 124
190 126
190 127
190 129
190 131
190 132
190 134
190 138
190 140
190 143
190 151
190 158
190 160
190 163
190 178
190 180
190 186
190 189
190 193
190 194
190 196
190 198
191 10
191 12
191 20
191 21
191 22
191 24
191 25
191 26
191 40
191 50
191 54
191 55
191 65
191 80
191 82
191 86
191 88
191 91
191 95
191 96
191 117
191 132
191 133
191 134
191 140
191 141
191 143
191 148
191 154
191 159
191 165
191 173
191 184
191 186
191 189
191 192
191 197
192 2
192 5
192 16
192 18
192 19
192 20
192 22
192 27
192 28
192 43
192 45
192 46
192 48
192 52
192 53
192 55
192 60
192 66
192 72
192 80
192 95
192 96
192 105
192 108
192 110
192 114
192 118
192 121
192 128
192 134
192 135
192 138
192 144
192 169
192 173
192 174
192 175
192 185
192 191
192 193
193 10
193 15
193 32
193 33
193 34
193 36
193 66
193 67
193 68
193 114
193 117
193 118
193 123
193 129
193 144
193 151
193 169
193 170
193 173
193 179
193 184
193 185
193 186
193 188
193 190
193 192
193 199
194 6
194 9
194 10
194 15
194 16
194 18
194 21
194 25
194 26
194 28
194 36
194 41
194 42
194 47
194 49
194 52
194 56
194 62
194 63
194 65
194 72
194 78
194 80
194 82
194 92
194 93
194 102
194 104
194 108
194 111
194 113
194 115
194 120
194 123
194 132
194 136
194 147
194 154
194 159
194 162
194 168
194 180
194 182
194 188
194 190
194 197
195 7
195 16
195 25
195 26
195 39
195 46
195 56
195 60
195 64
195 65
195 84
195 87
195 89
195 102
195 110
195 118
195 120
195 130
195 135
195 146
195 147
195 149
195 155
195 156
195 160
195 162
195 174
195 177
195 178
195 179
195 181
196 0
196 3
196 7
196 12
196 13
196 19
196 24
196 25
196 31
196 36
196 37
196 39
196 40
196 49
196 51
196 52
196 53
196 60
196 62
196 63
196 64
196 69
196 82
196 93
196 95
196 96
196 98
196 115
196 116
196 118
196 120
196 123
196 127
196 133
196 137
196 142
196 151
196 152
196 161
196 164
196 168
196 173
196 174
196 175
196 182
196 186
196 187
196 190
197 0
197 6
197 7
197 9
197 11
197 13
197 19
197 33
197 39
197 44
197 50
197 51
197 52
197 53
197 54
197 58
197 60
197 66
197 75
197 91
197 92
197 94
197 97
197 102
197 107
197 115
197 118
197 121
197 124
197 135
197 141
197 151
197 152
197 158
197 160
197 164
197 182
197 185
197 187
197 191
197 194
198 6
198 11
198 21
198 22
198 39
198 40
198 44
198 47
198 54
198 55
198 65
198 66
198 68
198 73
198 75
198 76
198 82
198 83
198 102
198 105
198 117
198 124
198 128
198 133
198 134
198 142
198 149
198 171
198 174
198 181
198 190
199 10
199 11
199 20
199 26
199 41
199 43
199 44
199 48
199 56
199 67
199 69
199 70
199 80
199 83
199 84
199 91
199 96
199 103
199 106
199 107
199 111
199 112
199 115
199 116
199 117
199 118
199 130
199 136
199 148
199 158
199 164
199 165
199 170
199 172
199 180
199 188
199 193