200 2014
0 5
0 25
0 29
0 45
0 50
0 62
0 64
0 73
0 90
0 96
0 126
0 128
0 129
0 136
0 152
0 161
0 177
0 182
0 188
0 189
0 193
0 196
1 4
1 10
1 11
1 13
1 48
1 49
1 55
1 70
1 91
1 93
1 97
1 102
1 104
1 105
1 106
1 108
1 150
1 152
1 156
1 173
1 183
2 10
2 12
2 15
2 28
2 33
2 38
2 53
2 57
2 62
2 63
2 67
2 74
2 85
2 111
2 117
2 130
2 131
2 145
2 149
2 150
3 6
3 19
3 39
3 41
3 42
3 43
3 52
3 72
3 75
3 76
3 81
3 89
3 94
3 115
3 135
3 136
3 139
3 144
3 155
3 164
3 166
3 175
3 192
4 1
4 11
4 21
4 27
4 30
4 31
4 39
4 55
4 81
4 84
4 86
4 87
4 100
4 101
4 110
4 122
4 125
4 128
4 148
4 154
4 162
4 192
4 197
5 0
5 7
5 12
5 14
5 17
5 18
5 20
5 36
5 53
5 55
5 61
5 67
5 68
5 95
5 98
5 114
5 129
5 146
5 191
6 3
6 7
6 15
6 18
6 31
6 33
6 39
6 46
6 50
6 73
6 76
6 87
6 108
6 112
6 117
6 123
6 134
6 140
6 141
6 143
6 152
6 153
6 165
6 167
6 184
6 196
6 199
7 5
7 6
7 11
7 13
7 20
7 24
7 34
7 39
7 50
7 61
7 62
7 70
7 107
7 113
7 129
7 133
7 143
7 145
7 153
7 186
7 190
7 198
8 19
8 41
8 47
8 59
8 79
8 88
8 92
8 114
8 135
8 137
8 151
8 152
8 157
8 172
8 182
8 187
8 199
9 12
9 14
9 16
9 24
9 37
9 40
9 60
9 61
9 79
9 80
9 99
9 119
9 124
9 129
9 138
9 167
9 183
10 1
10 2
10 31
10 35
10 56
10 57
10 75
10 78
10 89
10 95
10 97
10 100
10 117
10 121
10 133
10 139
10 151
10 168
10 173
11 1
11 4
11 7
11 34
11 56
11 72
11 85
11 96
11 104
11 116
11 125
11 140
11 156
11 173
11 183
11 185
11 190
11 192
11 194
12 2
12 5
12 9
12 13
12 28
12 35
12 42
12 55
12 60
12 62
12 71
12 72
12 81
12 102
12 113
12 114
12 121
12 136
12 143
12 145
12 148
12 149
12 160
12 179
12 180
13 1
13 7
13 12
13 19
13 49
13 59
13 64
13 65
13 75
13 90
13 100
13 111
13 119
13 121
13 125
13 151
13 153
13 155
13 181
13 192
13 194
13 197
13 198
13 199
14 5
14 9
14 25
14 29
14 34
14 37
14 44
14 52
14 63
14 76
14 103
14 116
14 118
14 157
14 173
14 184
14 191
15 2
15 6
15 18
15 22
15 28
15 35
15 56
15 69
15 88
15 101
15 106
15 118
15 123
15 137
15 182
15 187
15 192
16 9
16 25
16 27
16 33
16 46
16 57
16 62
16 68
16 70
16 78
16 93
16 96
16 101
16 109
16 110
16 111
16 115
16 122
16 123
16 142
16 144
16 148
16 150
16 156
16 179
16 190
17 5
17 21
17 42
17 44
17 61
17 68
17 102
17 104
17 125
17 127
17 174
17 177
17 185
17 194
17 197
18 5
18 6
18 15
18 31
18 53
18 54
18 66
18 73
18 77
18 89
18 91
18 98
18 106
18 111
18 112
18 114
18 128
18 132
18 171
18 197
19 3
19 8
19 13
19 41
19 43
19 48
19 56
19 62
19 69
19 70
19 104
19 116
19 117
19 128
19 134
19 135
19 158
19 195
20 5
20 7
20 22
20 26
20 28
20 31
20 34
20 39
20 42
20 43
20 64
20 66
20 68
20 73
20 76
20 81
20 82
20 84
20 89
20 93
20 97
20 99
20 113
20 117
20 121
20 129
20 142
20 148
20 150
20 160
20 168
20 170
20 177
20 179
20 182
20 184
20 187
21 4
21 17
21 24
21 32
21 34
21 37
21 48
21 66
21 67
21 86
21 93
21 94
21 105
21 125
21 135
21 142
21 143
21 158
21 163
21 164
21 181
21 187
21 198
22 15
22 20
22 26
22 35
22 36
22 66
22 72
22 93
22 107
22 108
22 109
22 114
22 129
22 138
22 140
22 153
22 157
22 159
22 161
22 180
22 186
22 195
23 28
23 37
23 64
23 67
23 69
23 75
23 80
23 95
23 98
23 116
23 121
23 136
23 137
23 138
23 140
23 179
23 186
24 7
24 9
24 21
24 29
24 60
24 61
24 66
24 84
24 86
24 90
24 97
24 103
24 110
24 111
24 129
24 132
24 134
24 140
24 144
24 159
24 169
24 178
25 0
25 14
25 16
25 38
25 39
25 46
25 87
25 93
25 106
25 118
25 128
25 146
25 164
25 172
25 196
26 20
26 22
26 29
26 37
26 57
26 58
26 63
26 72
26 89
26 101
26 111
26 118
26 125
26 129
26 149
26 156
26 161
26 168
26 173
26 190
26 194
26 197
27 4
27 16
27 29
27 33
27 46
27 57
27 76
27 80
27 121
27 154
27 166
27 173
27 181
27 185
27 189
27 194
27 195
28 2
28 12
28 15
28 20
28 23
28 34
28 37
28 53
28 58
28 66
28 76
28 91
28 99
28 107
28 110
28 117
28 118
28 132
28 139
28 165
28 171
28 175
28 187
28 199
29 0
29 14
29 24
29 26
29 27
29 48
29 55
29 65
29 89
29 95
29 97
29 98
29 99
29 110
29 128
29 134
29 149
29 156
29 165
29 168
29 173
29 190
29 193
30 4
30 41
30 48
30 52
30 53
30 68
30 73
30 80
30 88
30 102
30 106
30 112
30 127
30 128
30 133
30 140
30 154
30 156
30 157
30 169
30 173
31 4
31 6
31 10
31 18
31 20
31 36
31 43
31 63
31 64
31 70
31 88
31 89
31 93
31 110
31 125
31 129
31 154
31 165
31 187
32 21
32 39
32 42
32 75
32 83
32 88
32 136
32 137
32 148
32 174
32 182
32 183
33 2
33 6
33 16
33 27
33 39
33 46
33 56
33 59
33 67
33 112
33 113
33 119
33 122
33 126
33 146
33 151
33 169
33 171
33 175
33 180
33 183
34 7
34 11
34 14
34 20
34 21
34 28
34 51
34 60
34 70
34 85
34 96
34 114
34 134
34 137
34 149
34 151
34 166
34 169
35 10
35 12
35 15
35 22
35 39
35 43
35 45
35 49
35 53
35 59
35 60
35 64
35 91
35 94
35 126
35 142
35 143
35 147
36 5
36 22
36 31
36 46
36 51
36 56
36 64
36 78
36 80
36 90
36 102
36 119
36 125
36 127
36 146
36 153
36 158
36 166
36 167
36 169
36 194
37 9
37 14
37 21
37 23
37 26
37 28
37 38
37 50
37 54
37 56
37 74
37 82
37 92
37 94
37 95
37 101
37 126
37 148
37 150
37 164
37 170
37 171
37 175
37 178
37 182
38 2
38 25
38 37
38 53
38 55
38 68
38 69
38 71
38 99
38 100
38 102
38 107
38 108
38 111
38 116
38 122
38 131
38 141
38 187
38 189
39 3
39 4
39 6
39 7
39 20
39 25
39 32
39 33
39 35
39 48
39 49
39 54
39 71
39 76
39 97
39 103
39 118
39 126
39 136
39 145
39 147
39 154
39 156
39 167
40 9
40 64
40 71
40 79
40 83
40 87
40 96
40 108
40 118
40 123
40 129
40 141
40 142
40 143
40 148
40 157
40 189
41 3
41 8
41 19
41 30
41 47
41 54
41 61
41 86
41 87
41 90
41 91
41 97
41 99
41 113
41 117
41 124
41 126
41 127
41 135
41 139
41 155
41 172
41 181
41 185
41 193
41 194
42 3
42 12
42 17
42 20
42 32
42 43
42 61
42 76
42 79
42 85
42 92
42 98
42 104
42 110
42 120
42 122
42 143
42 146
42 151
42 160
42 176
42 179
42 189
42 190
43 3
43 19
43 20
43 31
43 35
43 42
43 59
43 64
43 72
43 77
43 81
43 86
43 106
43 118
43 124
43 168
43 185
43 195
44 14
44 17
44 53
44 56
44 63
44 64
44 65
44 79
44 87
44 91
44 92
44 99
44 103
44 114
44 122
44 130
44 140
44 172
44 182
44 193
44 194
44 197
45 0
45 35
45 46
45 67
45 68
45 74
45 78
45 83
45 89
45 92
45 100
45 121
45 128
45 130
45 142
45 146
45 156
45 166
45 177
45 188
45 199
46 6
46 16
46 25
46 27
46 33
46 36
46 45
46 86
46 96
46 99
46 125
46 130
46 131
46 132
46 144
46 161
46 173
46 175
46 188
47 8
47 41
47 50
47 59
47 69
47 120
47 127
47 134
47 135
47 152
47 153
47 157
47 167
47 188
47 193
48 1
48 19
48 21
48 29
48 30
48 39
48 72
48 86
48 89
48 95
48 96
48 119
48 122
48 132
48 133
48 139
48 143
48 145
48 161
48 165
48 178
48 190
48 193
49 1
49 13
49 35
49 39
49 55
49 61
49 80
49 86
49 112
49 113
49 120
49 142
49 152
49 159
49 163
49 166
49 171
49 176
49 190
50 0
50 6
50 7
50 37
50 47
50 62
50 70
50 77
50 79
50 80
50 92
50 136
50 142
50 143
50 148
50 154
50 165
50 171
50 195
50 197
51 34
51 36
51 53
51 56
51 62
51 69
51 80
51 82
51 83
51 84
51 96
51 99
51 105
51 119
51 126
51 133
51 149
51 152
51 153
51 168
51 178
52 3
52 14
52 30
52 63
52 64
52 69
52 87
52 91
52 101
52 132
52 159
52 170
52 177
52 181
52 184
53 2
53 5
53 18
53 28
53 30
53 35
53 38
53 44
53 51
53 69
53 71
53 93
53 125
53 130
53 139
53 143
53 150
53 154
53 156
53 172
53 195
54 18
54 37
54 39
54 41
54 56
54 58
54 59
54 71
54 82
54 93
54 110
54 118
54 127
54 131
54 132
54 141
54 187
55 1
55 4
55 5
55 12
55 29
55 38
55 49
55 71
55 98
55 118
55 142
55 180
55 188
55 191
56 10
56 11
56 15
56 19
56 33
56 36
56 37
56 44
56 51
56 54
56 74
56 78
56 92
56 94
56 124
56 166
56 167
56 168
56 169
56 170
56 184
56 192
57 2
57 10
57 16
57 26
57 27
57 61
57 66
57 81
57 96
57 118
57 119
57 132
57 144
57 145
57 147
57 151
57 155
57 172
57 173
57 181
57 189
57 199
58 26
58 28
58 54
58 95
58 102
58 106
58 131
58 134
58 160
58 162
58 174
58 175
58 184
58 188
59 8
59 13
59 33
59 35
59 43
59 47
59 54
59 64
59 68
59 71
59 114
59 125
59 135
59 138
59 146
59 169
59 185
60 9
60 12
60 24
60 34
60 35
60 73
60 95
60 112
60 118
60 125
60 139
60 140
60 157
60 162
60 164
60 172
60 194
61 5
61 7
61 9
61 17
61 24
61 41
61 42
61 49
61 57
61 71
61 96
61 102
61 121
61 126
61 130
61 137
61 140
61 146
61 155
61 173
61 174
61 176
61 179
61 194
62 0
62 2
62 7
62 12
62 16
62 19
62 50
62 51
62 67
62 92
62 93
62 102
62 106
62 114
62 129
62 135
62 151
62 152
62 156
62 158
62 160
62 163
62 177
62 191
62 193
63 2
63 14
63 26
63 31
63 44
63 52
63 77
63 79
63 90
63 107
63 128
63 156
63 160
63 164
63 169
63 170
63 180
63 182
63 185
63 198
63 199
64 0
64 13
64 20
64 23
64 31
64 35
64 36
64 40
64 43
64 44
64 52
64 59
64 76
64 81
64 85
64 94
64 127
64 146
64 195
65 13
65 29
65 44
65 70
65 97
65 101
65 145
65 149
65 150
65 157
65 168
65 177
65 179
65 180
65 189
65 190
65 194
66 18
66 20
66 21
66 22
66 24
66 28
66 57
66 75
66 81
66 82
66 89
66 92
66 93
66 97
66 100
66 107
66 112
66 129
66 135
66 138
66 144
66 146
66 154
66 158
66 163
66 164
66 165
66 174
66 175
66 176
66 179
66 182
66 186
66 190
66 196
67 2
67 5
67 21
67 23
67 33
67 45
67 62
67 72
67 75
67 108
67 109
67 122
67 130
67 133
67 141
67 152
67 170
67 180
67 184
67 190
67 193
67 196
68 5
68 16
68 17
68 20
68 30
68 38
68 45
68 59
68 91
68 97
68 110
68 113
68 124
68 126
68 131
68 133
68 139
68 143
68 147
68 149
68 176
68 196
69 15
69 19
69 23
69 38
69 47
69 51
69 52
69 53
69 71
69 74
69 80
69 97
69 125
69 126
69 143
69 156
69 163
69 169
69 199
70 1
70 7
70 16
70 19
70 31
70 34
70 50
70 65
70 86
70 90
70 105
70 111
70 120
70 122
70 131
70 135
70 143
70 144
70 146
70 163
70 173
70 176
70 179
70 190
71 12
71 38
71 39
71 40
71 53
71 54
71 55
71 59
71 61
71 69
71 77
71 79
71 89
71 96
71 104
71 126
71 129
71 131
71 135
71 137
71 150
71 165
71 189
71 190
71 197
72 3
72 11
72 12
72 22
72 26
72 43
72 48
72 67
72 86
72 88
72 96
72 114
72 125
72 127
72 155
72 180
73 0
73 6
73 18
73 20
73 30
73 60
73 83
73 85
73 101
73 155
73 165
73 184
74 2
74 37
74 45
74 56
74 69
74 100
74 107
74 122
74 127
74 132
74 137
74 143
74 155
74 158
74 172
74 189
75 3
75 10
75 13
75 23
75 32
75 66
75 67
75 86
75 121
75 125
75 126
75 127
75 132
75 133
75 136
75 139
75 140
75 151
75 153
75 166
75 183
75 189
75 197
76 3
76 6
76 14
76 20
76 27
76 28
76 39
76 42
76 64
76 111
76 157
76 158
76 159
76 166
76 169
76 177
76 194
76 197
77 18
77 43
77 50
77 63
77 71
77 99
77 108
77 114
77 128
77 149
77 152
77 153
77 167
77 172
77 188
78 10
78 16
78 36
78 45
78 56
78 96
78 98
78 108
78 113
78 120
78 122
78 126
78 141
78 147
78 152
78 158
78 193
78 198
79 8
79 9
79 40
79 42
79 44
79 50
79 63
79 71
79 98
79 101
79 103
79 108
79 123
79 124
79 176
79 181
79 188
79 197
80 9
80 23
80 27
80 30
80 36
80 49
80 50
80 51
80 69
80 81
80 83
80 87
80 101
80 107
80 108
80 118
80 123
80 134
80 154
80 178
80 183
80 187
80 193
81 3
81 4
81 12
81 20
81 43
81 57
81 64
81 66
81 80
81 92
81 110
81 113
81 137
81 141
81 153
81 178
81 179
81 195
82 20
82 37
82 51
82 54
82 66
82 87
82 92
82 95
82 112
82 122
82 133
82 136
82 141
82 176
82 198
83 32
83 40
83 45
83 51
83 73
83 80
83 89
83 95
83 102
83 111
83 113
83 114
83 116
83 120
83 137
83 142
83 154
83 156
83 172
83 181
84 4
84 20
84 24
84 51
84 114
84 134
84 137
84 143
84 145
84 149
84 155
84 163
84 174
84 176
84 187
84 197
85 2
85 11
85 34
85 42
85 64
85 73
85 94
85 108
85 122
85 131
85 165
85 175
85 182
85 185
85 196
86 4
86 21
86 24
86 41
86 43
86 46
86 48
86 49
86 70
86 72
86 75
86 111
86 120
86 148
86 153
86 160
86 163
86 171
86 172
86 178
86 188
86 195
87 4
87 6
87 25
87 40
87 41
87 44
87 52
87 80
87 82
87 92
87 113
87 123
87 142
87 144
87 159
87 164
87 180
87 186
87 198
88 8
88 15
88 30
88 31
88 32
88 72
88 96
88 104
88 107
88 113
88 129
88 135
88 147
88 148
88 150
88 164
88 189
88 196
89 3
89 10
89 18
89 20
89 26
89 29
89 31
89 45
89 48
89 66
89 71
89 83
89 101
89 111
89 116
89 145
89 158
89 192
89 197
89 198
90 0
90 13
90 24
90 36
90 41
90 63
90 70
90 95
90 104
90 130
90 133
90 140
90 146
90 149
90 153
90 158
90 166
90 172
90 173
90 179
90 192
90 198
91 1
91 18
91 28
91 35
91 41
91 44
91 52
91 68
91 96
91 97
91 110
91 115
91 116
91 117
91 119
91 138
91 144
91 145
91 149
91 152
91 153
91 162
91 174
91 188
92 8
92 37
92 42
92 44
92 45
92 50
92 56
92 62
92 66
92 81
92 82
92 87
92 94
92 102
92 103
92 111
92 117
92 121
92 130
92 132
92 135
92 137
92 176
92 183
92 189
92 191
92 196
93 1
93 16
93 20
93 21
93 22
93 25
93 31
93 53
93 54
93 62
93 66
93 128
93 132
93 136
93 150
93 175
93 180
93 193
94 3
94 21
94 35
94 37
94 56
94 64
94 85
94 92
94 99
94 102
94 119
94 125
94 139
94 141
94 164
94 176
94 178
94 179
94 180
94 182
94 184
94 190
94 191
95 5
95 10
95 23
95 29
95 37
95 48
95 58
95 60
95 82
95 83
95 90
95 98
95 116
95 120
95 136
95 137
95 145
95 149
95 151
95 182
95 190
96 0
96 11
96 16
96 34
96 40
96 46
96 48
96 51
96 57
96 61
96 71
96 72
96 78
96 88
96 91
96 97
96 101
96 103
96 126
96 133
96 141
96 143
96 144
96 146
96 167
96 172
96 173
96 187
96 193
97 1
97 10
97 20
97 24
97 29
97 39
97 41
97 65
97 66
97 68
97 69
97 91
97 96
97 127
97 163
97 170
97 172
97 175
97 198
98 5
98 18
98 23
98 29
98 42
98 55
98 78
98 79
98 95
98 108
98 117
98 124
98 129
98 135
98 149
98 173
98 176
98 187
98 189
98 190
98 192
98 197
98 198
99 9
99 20
99 28
99 29
99 38
99 41
99 44
99 46
99 51
99 77
99 94
99 110
99 131
99 138
99 139
99 141
99 155
99 173
99 177
99 186
100 4
100 10
100 13
100 38
100 45
100 66
100 74
100 114
100 116
100 119
100 124
100 127
100 135
100 150
100 158
100 165
100 168
100 185
101 4
101 15
101 16
101 26
101 37
101 52
101 65
101 73
101 79
101 80
101 89
101 96
101 103
101 122
101 133
101 138
101 140
101 149
101 161
101 165
101 174
101 182
101 185
101 186
101 189
102 1
102 12
102 17
102 30
102 36
102 38
102 58
102 61
102 62
102 83
102 92
102 94
102 120
102 126
102 127
102 148
102 154
102 168
102 183
102 188
102 193
103 14
103 24
103 39
103 44
103 79
103 92
103 96
103 101
103 119
103 126
103 127
103 130
103 145
103 157
103 166
103 178
103 183
104 1
104 11
104 17
104 19
104 42
104 71
104 88
104 90
104 125
104 139
104 143
104 152
104 175
104 184
104 192
105 1
105 21
105 51
105 70
105 107
105 135
105 139
105 144
105 150
105 158
106 1
106 15
106 18
106 25
106 30
106 43
106 58
106 62
106 107
106 112
106 116
106 119
106 122
106 126
106 131
106 151
106 154
106 157
106 166
106 169
106 171
106 172
106 180
107 7
107 22
107 28
107 38
107 63
107 66
107 74
107 80
107 88
107 105
107 106
107 109
107 112
107 124
107 139
107 145
107 151
107 164
107 174
107 185
107 196
107 198
108 1
108 6
108 22
108 38
108 40
108 67
108 77
108 78
108 79
108 80
108 85
108 98
108 112
108 125
108 133
108 139
108 144
108 152
108 161
108 167
108 170
108 189
108 195
108 197
109 16
109 22
109 67
109 107
109 119
109 124
109 140
109 149
109 158
110 4
110 16
110 24
110 28
110 29
110 31
110 42
110 54
110 68
110 81
110 91
110 99
110 120
110 121
110 127
110 140
110 142
110 143
110 144
110 154
110 163
110 165
110 173
110 174
111 2
111 13
111 16
111 18
111 24
111 26
111 38
111 70
111 76
111 83
111 86
111 89
111 92
111 115
111 131
111 149
111 159
111 170
111 194
111 199
112 6
112 18
112 30
112 33
112 49
112 60
112 66
112 82
112 106
112 107
112 108
112 130
112 137
112 159
112 162
112 165
112 168
112 174
112 185
112 194
113 7
113 12
113 20
113 33
113 41
113 49
113 68
113 78
113 81
113 83
113 87
113 88
113 128
113 145
113 153
113 164
113 173
113 192
114 5
114 8
114 12
114 18
114 22
114 34
114 44
114 59
114 62
114 72
114 77
114 83
114 84
114 100
114 118
114 121
114 135
114 138
114 139
114 150
114 156
114 165
114 171
114 180
114 184
115 3
115 16
115 91
115 111
115 123
115 131
115 146
115 149
115 176
115 180
115 181
115 199
116 11
116 14
116 19
116 23
116 38
116 83
116 89
116 91
116 95
116 100
116 106
116 118
116 127
116 133
116 136
116 140
116 145
116 163
116 184
116 190
116 195
117 2
117 6
117 10
117 19
117 20
117 28
117 41
117 91
117 92
117 98
117 137
117 148
117 168
117 173
117 177
117 181
117 183
117 192
118 14
118 15
118 25
118 26
118 28
118 39
118 40
118 43
118 54
118 55
118 57
118 60
118 80
118 114
118 116
118 137
118 139
118 141
118 171
118 196
119 9
119 13
119 33
119 36
119 48
119 51
119 57
119 91
119 94
119 100
119 103
119 106
119 109
119 153
119 188
120 42
120 47
120 49
120 70
120 78
120 83
120 86
120 95
120 102
120 110
120 124
120 129
120 135
120 137
120 139
120 143
120 154
120 167
120 191
120 194
121 10
121 12
121 13
121 20
121 23
121 27
121 45
121 61
121 75
121 92
121 110
121 114
121 142
121 143
121 145
121 146
121 151
121 164
121 173
121 179
121 181
121 191
121 195
122 4
122 16
122 33
122 38
122 42
122 44
122 48
122 67
122 70
122 74
122 78
122 82
122 85
122 101
122 106
122 135
122 146
122 158
122 170
122 184
123 6
123 15
123 16
123 40
123 79
123 80
123 87
123 115
123 136
123 139
123 152
123 159
123 184
123 189
123 194
124 9
124 41
124 43
124 56
124 68
124 79
124 98
124 100
124 107
124 109
124 120
124 127
124 136
124 141
124 162
124 165
124 170
124 173
124 174
124 176
124 179
124 183
124 192
125 4
125 11
125 13
125 17
125 21
125 26
125 31
125 36
125 46
125 53
125 59
125 60
125 69
125 72
125 75
125 94
125 104
125 108
125 127
125 134
125 140
125 142
125 147
125 157
125 161
125 179
125 184
125 186
125 199
126 0
126 33
126 35
126 37
126 39
126 41
126 51
126 61
126 68
126 69
126 71
126 75
126 78
126 96
126 102
126 103
126 106
126 132
126 142
126 144
126 147
126 153
126 159
126 166
126 173
126 190
126 193
127 17
127 30
127 36
127 41
127 47
127 54
127 64
127 72
127 74
127 75
127 97
127 100
127 102
127 103
127 110
127 116
127 124
127 125
127 138
127 165
127 178
127 198
128 0
128 4
128 18
128 19
128 25
128 29
128 30
128 45
128 63
128 77
128 93
128 113
128 148
128 171
128 177
128 183
128 199
129 0
129 5
129 7
129 9
129 20
129 22
129 24
129 26
129 31
129 40
129 62
129 66
129 71
129 88
129 98
129 120
129 130
129 136
129 148
129 164
129 166
129 179
129 187
129 197
130 2
130 44
130 45
130 46
130 53
130 61
130 67
130 90
130 92
130 103
130 112
130 129
130 137
130 141
130 157
130 160
130 167
130 196
131 2
131 38
131 46
131 54
131 58
131 68
131 70
131 71
131 85
131 99
131 106
131 111
131 115
131 133
131 144
131 158
131 196
132 18
132 24
132 28
132 46
132 48
132 52
132 54
132 57
132 74
132 75
132 92
132 93
132 126
132 133
132 144
132 157
132 159
132 165
132 168
132 180
132 187
132 196
133 7
133 10
133 30
133 48
133 51
133 67
133 68
133 75
133 82
133 90
133 96
133 101
133 108
133 116
133 131
133 132
133 140
133 164
133 173
133 180
134 6
134 19
134 24
134 29
134 34
134 47
134 58
134 80
134 84
134 125
134 139
134 156
134 158
134 171
134 181
134 185
135 3
135 8
135 19
135 21
135 41
135 47
135 59
135 62
135 66
135 70
135 71
135 88
135 92
135 98
135 100
135 105
135 114
135 120
135 122
135 138
135 161
135 172
135 178
136 0
136 3
136 12
136 23
136 32
136 39
136 50
136 75
136 82
136 93
136 95
136 116
136 123
136 124
136 129
136 142
136 147
136 152
136 172
136 183
136 196
137 8
137 15
137 23
137 32
137 34
137 61
137 71
137 74
137 81
137 83
137 84
137 92
137 95
137 112
137 117
137 118
137 120
137 130
137 141
137 154
137 182
137 194
138 9
138 22
138 23
138 59
138 66
138 91
138 99
138 101
138 114
138 127
138 135
138 140
138 142
138 152
138 163
138 166
138 169
138 176
138 180
138 190
139 3
139 10
139 28
139 41
139 48
139 53
139 60
139 68
139 75
139 94
139 99
139 104
139 105
139 107
139 108
139 114
139 118
139 120
139 123
139 134
139 169
139 172
140 6
140 11
140 22
140 23
140 24
140 30
140 44
140 60
140 61
140 75
140 90
140 101
140 109
140 110
140 116
140 125
140 133
140 138
140 147
140 168
140 170
140 175
140 198
141 6
141 38
141 40
141 54
141 67
141 78
141 81
141 82
141 94
141 96
141 99
141 118
141 124
141 130
141 137
141 146
141 173
141 183
141 189
141 192
142 16
142 20
142 21
142 35
142 40
142 45
142 49
142 50
142 55
142 83
142 87
142 110
142 121
142 125
142 126
142 136
142 138
142 146
142 147
142 148
142 153
142 159
142 171
142 173
142 179
142 187
142 189
142 194
143 6
143 7
143 12
143 21
143 35
143 40
143 42
143 48
143 50
143 53
143 68
143 69
143 70
143 74
143 84
143 96
143 104
143 110
143 120
143 121
143 144
143 148
143 157
143 172
144 3
144 16
144 24
144 46
144 57
144 66
144 70
144 87
144 91
144 96
144 105
144 108
144 110
144 126
144 131
144 132
144 143
144 159
144 172
144 178
144 190
145 2
145 7
145 12
145 39
145 48
145 57
145 65
145 84
145 89
145 91
145 95
145 103
145 107
145 113
145 116
145 121
145 147
145 171
145 174
145 175
145 184
145 198
146 5
146 25
146 33
146 36
146 42
146 45
146 59
146 61
146 64
146 66
146 70
146 90
146 96
146 115
146 121
146 122
146 141
146 142
146 153
146 173
146 188
146 197
146 198
147 35
147 39
147 57
147 68
147 78
147 88
147 125
147 126
147 136
147 140
147 142
147 145
147 157
147 167
147 173
147 199
148 4
148 12
148 16
148 20
148 32
148 37
148 40
148 50
148 86
148 88
148 102
148 117
148 128
148 129
148 142
148 143
148 153
148 155
148 157
148 176
149 2
149 12
149 26
149 29
149 34
149 51
149 65
149 68
149 77
149 84
149 90
149 91
149 95
149 98
149 101
149 109
149 111
149 115
149 169
149 173
149 195
150 1
150 2
150 16
150 20
150 37
150 53
150 65
150 71
150 88
150 93
150 100
150 105
150 114
150 155
150 164
150 166
150 198
151 8
151 10
151 13
151 33
151 34
151 42
151 57
151 62
151 75
151 95
151 106
151 107
151 121
151 182
151 183
151 189
151 192
152 0
152 1
152 6
152 8
152 47
152 49
152 51
152 62
152 67
152 77
152 78
152 91
152 104
152 108
152 123
152 136
152 138
152 158
152 173
152 174
153 6
153 7
153 13
153 22
153 36
153 47
153 51
153 75
153 77
153 81
153 86
153 90
153 91
153 113
153 119
153 126
153 142
153 146
153 148
153 157
153 174
154 4
154 27
154 30
154 31
154 39
154 50
154 53
154 66
154 80
154 83
154 102
154 106
154 110
154 120
154 137
154 156
154 164
154 188
155 3
155 13
155 41
155 57
155 61
155 72
155 73
155 74
155 84
155 99
155 148
155 150
155 161
155 169
155 174
155 182
156 1
156 11
156 16
156 26
156 29
156 30
156 39
156 45
156 53
156 62
156 63
156 69
156 83
156 114
156 134
156 154
156 172
156 176
156 181
156 183
156 184
156 186
156 190
156 196
157 8
157 14
157 22
157 30
157 40
157 47
157 60
157 65
157 76
157 103
157 106
157 125
157 130
157 132
157 143
157 147
157 148
157 153
157 161
157 164
157 184
157 186
157 193
157 194
158 19
158 21
158 36
158 62
158 66
158 74
158 76
158 78
158 89
158 90
158 100
158 105
158 109
158 122
158 131
158 134
158 152
158 159
158 189
158 190
158 196
159 22
159 24
159 49
159 52
159 76
159 87
159 111
159 112
159 123
159 126
159 132
159 142
159 144
159 158
159 165
159 167
159 176
159 196
160 12
160 20
160 42
160 58
160 62
160 63
160 86
160 130
160 163
160 182
160 189
160 191
160 197
161 0
161 22
161 26
161 46
161 48
161 101
161 108
161 125
161 135
161 155
161 157
161 178
161 181
161 191
162 4
162 58
162 60
162 91
162 112
162 124
162 166
162 172
162 175
162 195
163 21
163 49
163 62
163 66
163 69
163 70
163 84
163 86
163 97
163 110
163 116
163 138
163 160
163 169
163 190
163 194
163 195
164 3
164 21
164 25
164 37
164 60
164 63
164 66
164 87
164 88
164 94
164 107
164 113
164 121
164 129
164 133
164 150
164 154
164 157
164 179
164 180
164 192
164 196
165 6
165 28
165 29
165 31
165 48
165 50
165 66
165 71
165 73
165 85
165 100
165 101
165 110
165 112
165 114
165 124
165 127
165 132
165 159
165 169
165 172
165 176
165 190
166 3
166 27
166 34
166 36
166 45
166 49
166 56
166 75
166 76
166 90
166 103
166 106
166 126
166 129
166 138
166 150
166 162
166 171
166 177
166 182
166 185
166 187
166 189
166 195
166 198
167 6
167 9
167 36
167 39
167 47
167 56
167 77
167 96
167 108
167 120
167 130
167 147
167 159
167 174
167 184
167 185
167 189
167 194
168 10
168 20
168 26
168 29
168 43
168 51
168 56
168 65
168 100
168 102
168 112
168 117
168 132
168 140
168 170
168 172
168 195
168 197
168 199
169 24
169 30
169 33
169 34
169 36
169 56
169 59
169 63
169 69
169 76
169 106
169 138
169 139
169 149
169 155
169 163
169 165
169 173
169 183
169 193
170 20
170 37
170 52
170 56
170 63
170 67
170 97
170 108
170 111
170 122
170 124
170 140
170 168
170 181
170 188
171 18
171 28
171 33
171 37
171 49
171 50
171 86
171 106
171 114
171 118
171 128
171 134
171 142
171 145
171 166
171 188
171 191
172 8
172 25
172 41
172 44
172 53
172 57
172 60
172 74
172 77
172 83
172 86
172 90
172 96
172 97
172 106
172 135
172 136
172 139
172 143
172 144
172 156
172 162
172 165
172 168
172 187
172 190
173 1
173 10
173 11
173 14
173 26
173 27
173 29
173 30
173 46
173 57
173 61
173 70
173 90
173 96
173 98
173 99
173 110
173 113
173 117
173 121
173 124
173 126
173 133
173 141
173 142
173 146
173 147
173 149
173 152
173 169
173 174
173 179
174 17
174 32
174 58
174 61
174 66
174 84
174 91
174 101
174 107
174 110
174 112
174 124
174 145
174 152
174 153
174 155
174 167
174 173
174 175
174 189
175 3
175 28
175 33
175 37
175 46
175 58
175 66
175 85
175 93
175 97
175 104
175 140
175 145
175 162
175 174
175 182
175 185
175 193
176 42
176 49
176 61
176 66
176 68
176 70
176 79
176 82
176 84
176 92
176 94
176 98
176 115
176 124
176 138
176 148
176 156
176 159
176 165
176 185
176 195
177 0
177 17
177 20
177 45
177 52
177 62
177 65
177 76
177 99
177 117
177 128
177 166
177 178
177 189
178 24
178 37
178 48
178 51
178 80
178 81
178 86
178 94
178 103
178 127
178 135
178 144
178 161
178 177
178 182
178 196
179 12
179 16
179 20
179 23
179 42
179 61
179 65
179 66
179 70
179 81
179 90
179 94
179 121
179 124
179 125
179 129
179 142
179 164
179 173
179 184
179 191
179 192
179 195
180 12
180 22
180 33
180 55
180 63
180 65
180 67
180 72
180 87
180 93
180 94
180 106
180 114
180 115
180 132
180 133
180 138
180 164
181 13
181 21
181 27
181 41
181 52
181 57
181 79
181 83
181 115
181 117
181 121
181 134
181 156
181 161
181 170
181 183
181 198
182 0
182 8
182 15
182 20
182 32
182 37
182 44
182 63
182 66
182 85
182 94
182 95
182 101
182 137
182 151
182 155
182 160
182 166
182 175
182 178
182 187
182 192
182 199
183 1
183 9
183 11
183 32
183 33
183 75
183 80
183 92
183 102
183 103
183 117
183 124
183 128
183 136
183 141
183 151
183 156
183 169
183 181
183 187
183 198
183 199
184 6
184 14
184 20
184 52
184 56
184 58
184 67
184 73
184 94
184 104
184 114
184 116
184 122
184 123
184 125
184 145
184 156
184 157
184 167
184 179
184 185
184 187
184 194
185 11
185 17
185 27
185 41
185 43
185 59
185 63
185 85
185 100
185 101
185 107
185 112
185 134
185 166
185 167
185 175
185 176
185 184
185 187
185 192
186 7
186 22
186 23
186 66
186 87
186 99
186 101
186 125
186 156
186 157
186 187
187 8
187 15
187 20
187 21
187 28
187 31
187 38
187 54
187 80
187 84
187 96
187 98
187 129
187 132
187 142
187 166
187 172
187 182
187 183
187 184
187 185
187 186
188 0
188 45
188 46
188 47
188 55
188 58
188 77
188 79
188 86
188 91
188 102
188 119
188 146
188 154
188 170
188 171
188 196
189 0
189 27
189 38
189 40
189 42
189 57
189 65
189 71
189 74
189 75
189 88
189 92
189 98
189 101
189 108
189 123
189 141
189 142
189 151
189 158
189 160
189 166
189 167
189 174
189 177
189 198
190 7
190 11
190 16
190 26
190 29
190 42
190 48
190 49
190 65
190 66
190 67
190 70
190 71
190 94
190 95
190 98
190 116
190 126
190 138
190 144
190 156
190 158
190 163
190 165
190 172
191 5
191 14
191 55
191 62
191 92
191 94
191 120
191 121
191 160
191 161
191 171
191 179
191 192
191 194
192 3
192 4
192 11
192 13
192 15
192 56
192 89
192 90
192 98
192 104
192 113
192 117
192 124
192 141
192 151
192 164
192 179
192 182
192 185
192 191
193 0
193 29
193 41
193 44
193 47
193 48
193 62
193 67
193 78
193 80
193 93
193 96
193 102
193 126
193 157
193 169
193 175
194 11
194 13
194 17
194 26
194 27
194 36
194 41
194 44
194 60
194 61
194 65
194 76
194 111
194 112
194 120
194 123
194 137
194 142
194 157
194 163
194 167
194 184
194 191
195 19
195 22
195 27
195 43
195 50
195 53
195 64
195 81
195 86
195 108
195 116
195 121
195 149
195 162
195 163
195 166
195 168
195 176
195 179
196 0
196 6
196 25
196 66
196 67
196 68
196 85
196 88
196 92
196 107
196 118
196 130
196 131
196 132
196 136
196 156
196 158
196 159
196 164
196 178
196 188
196 199
197 4
197 13
197 17
197 18
197 26
197 44
197 50
197 71
197 75
197 76
197 79
197 84
197 89
197 98
197 108
197 129
197 146
197 160
197 168
198 7
198 13
198 21
198 63
198 78
198 82
198 87
198 89
198 90
198 97
198 98
198 107
198 127
198 140
198 145
198 146
198 150
198 166
198 181
198 183
198 189
199 6
199 8
199 13
199 28
199 45
199 57
199 63
199 69
199 111
199 115
199 125
199 128
199 147
199 168
199 182
199 183
199 196