500 6223
0 9
0 22
0 57
0 79
0 107
0 131
0 135
0 153
0 158
0 180
0 181
0 228
0 254
0 257
0 320
0 323
0 333
0 376
0 378
0 423
0 429
0 433
0 434
0 449
0 466
0 476
1 6
1 21
1 42
1 43
1 51
1 66
1 84
1 90
1 142
1 143
1 148
1 165
1 182
1 194
1 202
1 242
1 248
1 259
1 266
1 270
1 271
1 285
1 290
1 315
1 359
1 383
1 413
1 421
1 463
1 466
1 479
1 494
2 34
2 63
2 71
2 72
2 81
2 82
2 102
2 112
2 118
2 130
2 134
2 143
2 159
2 187
2 192
2 193
2 211
2 224
2 234
2 246
2 250
2 277
2 331
2 376
2 402
2 440
2 459
2 460
2 498
3 14
3 23
3 52
3 56
3 58
3 77
3 94
3 100
3 111
3 112
3 119
3 137
3 138
3 182
3 188
3 233
3 243
3 244
3 257
3 283
3 289
3 311
3 314
3 369
3 373
3 407
3 418
3 437
3 444
3 448
3 456
4 5
4 14
4 61
4 100
4 137
4 138
4 192
4 197
4 222
4 242
4 280
4 345
4 361
4 362
4 367
4 378
4 382
4 385
4 414
4 466
4 478
4 487
5 4
5 14
5 32
5 36
5 77
5 129
5 152
5 166
5 180
5 186
5 202
5 209
5 212
5 215
5 226
5 257
5 286
5 319
5 326
5 360
5 369
5 382
5 442
5 445
5 458
5 462
5 467
5 493
5 498
6 1
6 23
6 35
6 42
6 83
6 111
6 129
6 154
6 169
6 196
6 243
6 272
6 287
6 321
6 342
6 378
6 388
6 403
6 411
6 488
6 490
7 18
7 37
7 75
7 83
7 151
7 228
7 236
7 250
7 252
7 298
7 308
7 330
7 341
7 345
7 349
7 394
7 398
7 399
7 409
7 422
7 435
7 437
7 461
7 477
8 11
8 41
8 53
8 66
8 86
8 93
8 109
8 138
8 184
8 187
8 208
8 217
8 237
8 241
8 272
8 307
8 331
8 344
8 365
8 370
8 373
8 378
8 431
8 456
8 490
9 0
9 65
9 109
9 122
9 157
9 198
9 217
9 284
9 311
9 337
9 363
9 366
9 392
9 409
9 413
9 495
10 11
10 74
10 95
10 107
10 108
10 113
10 118
10 162
10 200
10 219
10 256
10 271
10 282
10 283
10 343
10 384
10 387
10 394
10 405
10 423
10 447
10 494
11 8
11 10
11 47
11 56
11 66
11 110
11 138
11 172
11 175
11 211
11 218
11 247
11 260
11 276
11 298
11 313
11 324
11 328
11 341
11 400
11 449
11 452
11 455
11 459
11 472
12 39
12 58
12 68
12 86
12 106
12 117
12 122
12 145
12 171
12 221
12 280
12 333
12 345
12 347
12 373
12 390
12 392
12 402
12 406
12 443
12 449
12 452
12 479
12 493
13 45
13 53
13 66
13 72
13 75
13 87
13 95
13 115
13 120
13 165
13 172
13 231
13 278
13 297
13 308
13 327
13 349
13 351
13 426
13 443
13 471
13 483
14 3
14 4
14 5
14 27
14 42
14 56
14 81
14 92
14 126
14 136
14 145
14 149
14 214
14 216
14 218
14 230
14 235
14 251
14 259
14 266
14 274
14 283
14 322
14 351
14 359
14 361
14 365
14 372
14 376
14 394
14 436
14 479
14 493
15 18
15 32
15 67
15 119
15 128
15 135
15 164
15 165
15 175
15 204
15 226
15 240
15 252
15 261
15 266
15 270
15 287
15 299
15 337
15 354
15 356
15 417
15 476
15 493
16 70
16 103
16 114
16 126
16 130
16 131
16 138
16 142
16 178
16 179
16 229
16 240
16 285
16 288
16 292
16 328
16 349
16 391
16 399
16 411
16 435
16 436
16 492
17 22
17 29
17 34
17 58
17 102
17 113
17 137
17 155
17 167
17 174
17 177
17 188
17 233
17 257
17 259
17 266
17 274
17 303
17 308
17 318
17 353
17 387
17 392
17 406
17 418
17 427
17 462
18 7
18 15
18 25
18 48
18 50
18 55
18 56
18 101
18 108
18 129
18 155
18 177
18 181
18 210
18 213
18 217
18 246
18 285
18 319
18 331
18 338
18 345
18 354
18 366
18 370
18 437
18 464
18 479
18 485
19 35
19 51
19 67
19 86
19 114
19 131
19 177
19 197
19 221
19 260
19 269
19 299
19 305
19 309
19 375
19 383
19 420
19 474
19 480
19 489
19 493
19 495
19 497
20 31
20 37
20 52
20 60
20 94
20 139
20 181
20 189
20 221
20 267
20 274
20 321
20 339
20 367
20 392
20 397
20 414
20 436
20 437
20 474
20 496
20 497
20 499
21 1
21 23
21 43
21 84
21 100
21 114
21 130
21 167
21 173
21 191
21 199
21 203
21 274
21 291
21 331
21 420
21 473
21 483
21 495
22 0
22 17
22 28
22 33
22 48
22 74
22 80
22 96
22 128
22 153
22 191
22 204
22 229
22 288
22 289
22 308
22 311
22 350
22 369
22 385
22 406
22 410
22 417
22 424
22 427
22 459
22 470
22 498
22 499
23 3
23 6
23 21
23 28
23 39
23 108
23 194
23 204
23 228
23 232
23 270
23 272
23 295
23 318
23 319
23 365
23 409
23 413
23 414
23 445
23 455
23 487
24 37
24 67
24 92
24 95
24 108
24 120
24 127
24 128
24 145
24 172
24 186
24 205
24 250
24 260
24 272
24 332
24 334
24 341
24 371
24 379
24 395
24 426
24 429
24 475
25 18
25 41
25 59
25 97
25 105
25 117
25 189
25 212
25 227
25 307
25 314
25 321
25 394
25 410
25 443
25 444
25 447
25 449
25 486
26 33
26 77
26 99
26 127
26 153
26 171
26 188
26 200
26 205
26 216
26 225
26 246
26 251
26 263
26 286
26 290
26 313
26 316
26 324
26 328
26 351
26 396
26 403
26 414
26 447
26 472
27 14
27 30
27 92
27 100
27 102
27 119
27 122
27 135
27 146
27 194
27 234
27 277
27 278
27 288
27 327
27 335
27 338
27 343
27 361
27 363
27 371
27 391
27 402
27 429
27 452
27 454
27 457
27 468
27 476
27 479
27 480
28 22
28 23
28 82
28 104
28 107
28 162
28 163
28 180
28 188
28 225
28 238
28 266
28 299
28 327
28 341
28 364
28 378
28 424
28 437
28 439
28 450
28 466
29 17
29 39
29 92
29 94
29 126
29 137
29 150
29 158
29 165
29 206
29 218
29 219
29 221
29 225
29 235
29 284
29 292
29 310
29 351
29 359
29 366
29 370
29 375
29 423
29 434
29 444
29 447
29 453
29 487
29 497
30 27
30 33
30 87
30 116
30 142
30 213
30 215
30 220
30 228
30 276
30 293
30 312
30 337
30 367
30 371
30 374
30 376
30 387
30 399
30 407
30 408
30 422
30 483
31 20
31 49
31 75
31 97
31 113
31 116
31 168
31 171
31 243
31 258
31 270
31 301
31 305
31 342
31 349
31 378
31 380
31 419
31 485
32 5
32 15
32 59
32 85
32 87
32 100
32 107
32 147
32 156
32 173
32 180
32 196
32 202
32 220
32 264
32 275
32 290
32 297
32 311
32 340
32 356
32 368
32 379
32 389
32 407
32 411
32 425
32 448
32 457
33 22
33 26
33 30
33 85
33 89
33 105
33 126
33 193
33 251
33 294
33 306
33 328
33 340
33 370
33 387
33 404
33 433
33 448
33 449
34 2
34 17
34 36
34 49
34 112
34 119
34 121
34 142
34 173
34 182
34 201
34 210
34 231
34 233
34 248
34 291
34 303
34 419
34 425
34 427
34 440
34 453
34 476
34 477
35 6
35 19
35 44
35 59
35 61
35 90
35 108
35 124
35 151
35 188
35 189
35 199
35 209
35 227
35 249
35 270
35 292
35 293
35 294
35 328
35 332
35 360
35 366
35 380
35 393
35 436
35 443
35 448
35 450
35 476
36 5
36 34
36 39
36 65
36 137
36 172
36 176
36 186
36 187
36 250
36 326
36 381
36 395
36 425
37 7
37 20
37 24
37 53
37 56
37 72
37 78
37 123
37 153
37 183
37 189
37 230
37 273
37 321
37 337
37 353
37 363
37 373
37 439
37 450
37 459
37 481
37 482
38 40
38 66
38 71
38 109
38 111
38 117
38 126
38 152
38 154
38 175
38 178
38 181
38 184
38 187
38 192
38 205
38 243
38 253
38 257
38 337
38 410
38 442
38 450
38 460
38 486
39 12
39 23
39 29
39 36
39 64
39 67
39 82
39 89
39 97
39 141
39 146
39 155
39 177
39 196
39 208
39 229
39 243
39 252
39 277
39 304
39 314
39 317
39 332
39 338
39 342
39 364
39 366
39 368
39 414
39 426
39 437
39 439
39 460
39 470
39 483
40 38
40 102
40 113
40 119
40 128
40 173
40 174
40 183
40 188
40 232
40 238
40 240
40 244
40 252
40 263
40 298
40 308
40 315
40 327
40 347
40 358
40 397
40 403
40 462
40 471
40 473
40 474
41 8
41 25
41 48
41 77
41 83
41 92
41 95
41 99
41 117
41 145
41 175
41 206
41 210
41 213
41 222
41 262
41 292
41 320
41 328
41 374
41 389
41 405
41 419
41 430
41 434
41 465
41 482
41 495
42 1
42 6
42 14
42 46
42 49
42 68
42 72
42 95
42 98
42 101
42 124
42 135
42 137
42 155
42 190
42 196
42 199
42 209
42 254
42 258
42 271
42 313
42 317
42 329
42 342
42 360
42 375
42 381
42 456
42 466
42 487
42 498
43 1
43 21
43 53
43 60
43 89
43 121
43 128
43 168
43 196
43 222
43 224
43 225
43 248
43 285
43 287
43 288
43 299
43 351
43 381
43 395
43 418
43 427
43 438
43 443
43 447
43 473
44 35
44 95
44 100
44 137
44 146
44 152
44 170
44 173
44 221
44 234
44 244
44 289
44 296
44 297
44 311
44 314
44 339
44 354
44 423
44 458
45 13
45 54
45 78
45 100
45 108
45 180
45 186
45 198
45 282
45 284
45 301
45 327
45 330
45 361
45 382
45 405
45 409
45 440
45 467
45 494
46 42
46 86
46 93
46 126
46 127
46 183
46 200
46 201
46 222
46 230
46 281
46 314
46 332
46 418
46 419
46 436
46 446
46 457
46 487
47 11
47 80
47 109
47 115
47 121
47 123
47 154
47 160
47 200
47 215
47 225
47 260
47 261
47 270
47 273
47 275
47 278
47 293
47 338
47 360
47 363
47 396
47 460
47 469
47 488
48 18
48 22
48 41
48 53
48 62
48 99
48 101
48 106
48 150
48 162
48 163
48 215
48 226
48 265
48 279
48 329
48 338
48 352
48 376
48 384
48 424
48 430
48 445
48 447
48 461
48 471
48 492
49 31
49 34
49 42
49 58
49 69
49 80
49 87
49 95
49 108
49 132
49 134
49 154
49 158
49 160
49 170
49 171
49 179
49 185
49 188
49 212
49 215
49 233
49 237
49 254
49 300
49 303
49 304
49 316
49 339
49 364
49 367
49 370
49 393
49 404
49 415
49 429
49 431
49 437
49 491
50 18
50 56
50 57
50 116
50 129
50 156
50 207
50 247
50 257
50 264
50 272
50 273
50 278
50 324
50 329
50 340
50 345
50 379
50 380
50 383
50 386
50 412
50 434
50 454
50 479
50 485
51 1
51 19
51 77
51 86
51 140
51 166
51 167
51 212
51 219
51 228
51 259
51 292
51 293
51 321
51 324
51 343
51 358
51 404
51 415
51 420
51 438
52 3
52 20
52 117
52 132
52 139
52 161
52 167
52 185
52 190
52 206
52 221
52 224
52 232
52 254
52 264
52 278
52 311
52 332
52 334
52 336
52 343
52 380
52 391
52 426
52 448
52 483
53 8
53 13
53 37
53 43
53 48
53 83
53 86
53 91
53 120
53 129
53 207
53 223
53 276
53 283
53 300
53 329
53 441
53 443
53 488
53 492
54 45
54 56
54 83
54 84
54 85
54 202
54 235
54 263
54 276
54 299
54 314
54 330
54 344
54 391
54 416
54 423
54 424
54 455
54 457
55 18
55 61
55 106
55 163
55 167
55 168
55 172
55 189
55 201
55 234
55 236
55 260
55 276
55 304
55 409
55 439
55 466
56 3
56 11
56 14
56 18
56 37
56 50
56 54
56 64
56 70
56 91
56 111
56 123
56 136
56 167
56 174
56 206
56 211
56 276
56 285
56 332
56 334
56 342
56 347
56 351
56 357
56 359
56 379
56 384
56 385
56 401
56 418
56 428
56 467
56 491
56 497
57 0
57 50
57 59
57 63
57 65
57 69
57 84
57 87
57 100
57 102
57 142
57 186
57 204
57 206
57 269
57 309
57 342
57 352
57 358
57 373
57 374
57 444
57 461
57 472
57 491
57 499
58 3
58 12
58 17
58 49
58 64
58 74
58 101
58 108
58 145
58 172
58 182
58 210
58 263
58 302
58 343
58 366
58 382
58 392
58 400
58 422
58 427
58 451
58 475
59 25
59 32
59 35
59 57
59 61
59 66
59 137
59 157
59 170
59 179
59 250
59 253
59 276
59 305
59 348
59 364
59 367
59 378
59 380
59 388
59 437
59 462
59 471
59 473
59 499
60 20
60 43
60 91
60 93
60 102
60 103
60 124
60 130
60 161
60 179
60 182
60 198
60 216
60 220
60 233
60 236
60 263
60 301
60 302
60 333
60 356
60 373
60 375
60 395
60 397
60 411
60 417
60 428
60 436
60 441
60 442
60 457
60 469
60 471
60 475
61 4
61 35
61 55
61 59
61 96
61 102
61 149
61 164
61 182
61 196
61 206
61 251
61 272
61 308
61 372
61 401
61 420
61 449
61 451
61 465
61 474
61 476
61 494
62 48
62 68
62 69
62 89
62 118
62 126
62 141
62 174
62 202
62 206
62 207
62 217
62 270
62 295
62 329
62 336
62 343
62 348
62 362
62 379
62 433
62 466
62 479
62 489
62 493
63 2
63 57
63 91
63 147
63 192
63 204
63 218
63 224
63 259
63 264
63 280
63 284
63 287
63 291
63 302
63 331
63 357
63 372
63 373
63 391
63 399
63 400
63 411
63 417
63 420
63 432
63 440
63 450
63 451
64 39
64 56
64 58
64 82
64 115
64 139
64 147
64 175
64 181
64 192
64 216
64 226
64 234
64 241
64 277
64 278
64 326
64 332
64 340
64 350
64 354
64 358
64 403
64 411
64 444
64 450
64 452
64 477
64 493
65 9
65 36
65 57
65 76
65 82
65 122
65 143
65 149
65 152
65 154
65 215
65 272
65 295
65 312
65 319
65 336
65 367
65 369
65 382
65 428
65 441
65 454
65 457
65 463
65 477
65 478
65 481
66 1
66 8
66 11
66 13
66 38
66 59
66 70
66 86
66 125
66 154
66 196
66 259
66 283
66 298
66 300
66 326
66 340
66 357
66 397
66 420
66 481
67 15
67 19
67 24
67 39
67 80
67 87
67 96
67 97
67 107
67 121
67 153
67 163
67 204
67 226
67 247
67 248
67 253
67 260
67 304
67 315
67 365
67 394
67 405
67 425
67 426
67 461
67 484
67 486
67 494
68 12
68 42
68 62
68 80
68 143
68 180
68 184
68 241
68 295
68 313
68 318
68 344
68 357
68 368
68 384
68 400
68 467
68 488
68 495
69 49
69 57
69 62
69 80
69 98
69 100
69 113
69 178
69 207
69 215
69 229
69 242
69 260
69 290
69 298
69 351
69 362
69 391
69 403
69 419
69 426
69 441
69 450
69 458
69 472
69 473
70 16
70 56
70 66
70 88
70 89
70 94
70 99
70 137
70 171
70 188
70 189
70 195
70 219
70 300
70 324
70 341
70 362
70 364
70 409
70 423
70 429
70 438
71 2
71 38
71 74
71 129
71 130
71 132
71 138
71 148
71 188
71 225
71 229
71 233
71 265
71 273
71 276
71 285
71 290
71 291
71 296
71 302
71 307
71 357
71 403
71 408
71 450
71 451
71 495
72 2
72 13
72 37
72 42
72 75
72 95
72 118
72 120
72 146
72 147
72 152
72 186
72 189
72 193
72 208
72 245
72 289
72 298
72 350
72 388
72 389
72 399
72 405
72 416
72 461
72 474
73 75
73 150
73 174
73 176
73 193
73 201
73 210
73 213
73 232
73 256
73 267
73 281
73 295
73 310
73 318
73 321
73 323
73 336
73 338
73 345
73 358
73 381
73 415
73 433
73 448
73 450
73 451
73 454
73 461
73 492
74 10
74 22
74 58
74 71
74 80
74 130
74 139
74 146
74 150
74 175
74 191
74 211
74 324
74 352
74 355
74 394
74 395
74 417
74 458
74 482
74 483
75 7
75 13
75 31
75 72
75 73
75 85
75 109
75 121
75 142
75 157
75 158
75 170
75 188
75 250
75 311
75 319
75 323
75 362
75 442
75 448
76 65
76 108
76 109
76 125
76 143
76 148
76 198
76 206
76 226
76 244
76 260
76 268
76 285
76 301
76 314
76 353
76 355
76 361
76 363
76 370
76 371
76 394
76 423
76 429
76 474
76 492
76 493
77 3
77 5
77 26
77 41
77 51
77 86
77 114
77 162
77 190
77 234
77 268
77 279
77 309
77 325
77 380
77 381
77 399
77 416
77 440
77 443
77 452
78 37
78 45
78 81
78 101
78 142
78 160
78 176
78 186
78 290
78 323
78 362
78 363
78 379
78 383
78 408
78 417
78 434
78 453
78 457
78 473
78 481
78 496
79 0
79 91
79 139
79 140
79 193
79 210
79 232
79 245
79 259
79 264
79 265
79 273
79 279
79 315
79 329
79 361
79 375
79 390
79 392
79 418
79 434
79 455
79 457
79 483
80 22
80 47
80 49
80 67
80 68
80 69
80 74
80 95
80 131
80 149
80 166
80 184
80 190
80 195
80 200
80 214
80 253
80 261
80 268
80 269
80 308
80 316
80 337
80 341
80 357
80 392
80 394
80 406
80 460
80 469
80 485
81 2
81 14
81 78
81 122
81 135
81 191
81 204
81 219
81 237
81 239
81 242
81 257
81 284
81 304
81 326
81 375
81 385
81 456
81 458
81 463
82 2
82 28
82 39
82 64
82 65
82 122
82 142
82 184
82 185
82 269
82 271
82 283
82 290
82 294
82 308
82 310
82 320
82 403
82 429
82 455
82 456
82 471
82 494
83 6
83 7
83 41
83 53
83 54
83 96
83 108
83 115
83 201
83 212
83 216
83 275
83 287
83 308
83 332
83 401
83 406
83 445
84 1
84 21
84 54
84 57
84 99
84 126
84 156
84 159
84 176
84 191
84 201
84 205
84 208
84 209
84 222
84 231
84 267
84 269
84 292
84 333
84 334
84 342
84 396
84 400
84 414
84 424
84 430
84 444
84 453
84 463
85 32
85 33
85 54
85 75
85 185
85 186
85 195
85 200
85 213
85 219
85 248
85 251
85 269
85 272
85 355
85 366
85 372
85 373
85 381
85 397
85 430
85 452
86 8
86 12
86 19
86 46
86 51
86 53
86 66
86 77
86 100
86 101
86 131
86 175
86 180
86 187
86 201
86 226
86 243
86 256
86 270
86 287
86 303
86 317
86 366
86 420
86 464
87 13
87 30
87 32
87 49
87 57
87 67
87 103
87 138
87 144
87 157
87 175
87 187
87 188
87 208
87 224
87 234
87 247
87 261
87 278
87 283
87 286
87 296
87 308
87 317
87 322
87 344
87 355
87 362
87 368
87 370
87 383
87 465
87 477
88 70
88 138
88 188
88 192
88 201
88 206
88 236
88 245
88 274
88 353
88 384
88 401
88 433
88 453
88 471
88 491
89 33
89 39
89 43
89 62
89 70
89 91
89 110
89 114
89 126
89 143
89 227
89 267
89 270
89 292
89 305
89 311
89 315
89 331
89 345
89 349
89 429
90 1
90 35
90 166
90 185
90 199
90 231
90 261
90 262
90 268
90 270
90 331
90 341
90 358
90 372
90 393
90 403
90 419
90 434
90 442
90 443
91 53
91 56
91 60
91 63
91 79
91 89
91 96
91 100
91 114
91 130
91 159
91 198
91 206
91 212
91 220
91 258
91 263
91 267
91 314
91 329
91 340
91 348
91 356
91 371
91 437
91 449
91 460
91 469
91 471
92 14
92 24
92 27
92 29
92 41
92 114
92 121
92 135
92 142
92 155
92 219
92 227
92 233
92 245
92 249
92 253
92 262
92 295
92 357
92 373
92 392
92 438
92 439
92 443
92 456
93 8
93 46
93 60
93 96
93 117
93 142
93 162
93 174
93 198
93 211
93 259
93 264
93 291
93 300
93 321
93 353
93 360
93 383
93 402
93 407
93 411
93 416
93 417
93 418
93 419
93 463
94 3
94 20
94 29
94 70
94 148
94 157
94 165
94 181
94 245
94 254
94 257
94 266
94 317
94 324
94 345
94 364
94 483
95 10
95 13
95 24
95 41
95 42
95 44
95 49
95 72
95 80
95 110
95 130
95 131
95 137
95 167
95 187
95 194
95 212
95 219
95 256
95 277
95 289
95 296
95 298
95 338
95 343
95 346
95 353
95 356
95 382
95 389
95 402
95 412
95 432
95 433
95 436
95 453
95 457
95 467
95 474
95 492
96 22
96 61
96 67
96 83
96 91
96 93
96 98
96 128
96 132
96 157
96 167
96 168
96 183
96 192
96 215
96 217
96 239
96 295
96 311
96 339
96 350
96 367
96 429
96 477
97 25
97 31
97 39
97 67
97 99
97 209
97 225
97 243
97 263
97 288
97 289
97 330
97 347
97 374
97 398
97 444
97 454
97 479
98 42
98 69
98 96
98 103
98 107
98 109
98 123
98 154
98 187
98 195
98 199
98 229
98 239
98 264
98 272
98 277
98 285
98 345
98 357
98 373
98 401
98 414
98 416
98 457
98 478
98 498
99 26
99 41
99 48
99 70
99 84
99 97
99 176
99 181
99 186
99 217
99 285
99 301
99 333
99 335
99 360
99 374
99 377
99 387
99 395
99 404
99 428
99 447
99 462
100 3
100 4
100 21
100 27
100 32
100 44
100 45
100 57
100 69
100 86
100 91
100 102
100 175
100 177
100 199
100 223
100 248
100 273
100 274
100 306
100 320
100 323
100 347
100 401
100 403
100 407
100 427
100 431
100 474
101 18
101 42
101 48
101 58
101 78
101 86
101 167
101 182
101 196
101 349
101 355
101 360
101 368
101 374
101 382
101 429
101 442
101 449
101 457
101 463
101 492
102 2
102 17
102 27
102 40
102 57
102 60
102 61
102 100
102 156
102 157
102 160
102 212
102 229
102 291
102 348
102 358
102 391
102 405
102 406
102 412
102 418
102 422
102 460
103 16
103 60
103 87
103 98
103 116
103 117
103 146
103 152
103 174
103 198
103 209
103 241
103 259
103 268
103 274
103 287
103 290
103 293
103 356
103 393
103 397
103 406
103 426
103 439
103 450
103 492
103 498
104 28
104 129
104 134
104 187
104 188
104 215
104 223
104 230
104 232
104 234
104 252
104 260
104 273
104 344
104 372
104 376
104 377
104 380
104 450
105 25
105 33
105 121
105 135
105 138
105 146
105 147
105 225
105 228
105 236
105 256
105 271
105 300
105 322
105 346
105 358
105 363
105 379
105 382
105 393
105 415
105 454
105 480
105 488
106 12
106 48
106 55
106 124
106 144
106 219
106 227
106 246
106 255
106 257
106 266
106 279
106 287
106 307
106 309
106 313
106 339
106 354
106 385
106 393
106 403
106 413
106 431
106 453
106 494
107 0
107 10
107 28
107 32
107 67
107 98
107 122
107 136
107 209
107 219
107 226
107 231
107 236
107 241
107 244
107 272
107 284
107 292
107 326
107 352
107 369
107 372
107 393
107 441
107 444
107 449
107 453
107 455
107 457
107 464
107 472
107 480
108 10
108 18
108 23
108 24
108 35
108 45
108 49
108 58
108 76
108 83
108 126
108 131
108 152
108 178
108 188
108 189
108 247
108 260
108 266
108 271
108 275
108 284
108 296
108 314
108 317
108 366
108 392
108 433
108 453
108 456
108 496
109 8
109 9
109 38
109 47
109 75
109 76
109 98
109 116
109 119
109 151
109 175
109 208
109 225
109 250
109 263
109 275
109 313
109 324
109 331
109 335
109 348
109 362
109 383
109 396
109 400
109 460
109 476
109 497
110 11
110 89
110 95
110 132
110 133
110 178
110 182
110 190
110 198
110 248
110 250
110 264
110 296
110 297
110 303
110 315
110 316
110 333
110 364
110 395
110 430
110 432
110 461
110 490
110 494
111 3
111 6
111 38
111 56
111 121
111 133
111 140
111 166
111 173
111 209
111 245
111 253
111 267
111 270
111 288
111 291
111 319
111 348
111 383
111 390
111 413
111 418
111 463
111 477
111 482
111 495
112 2
112 3
112 34
112 131
112 132
112 141
112 161
112 171
112 177
112 186
112 246
112 250
112 268
112 273
112 282
112 331
112 338
112 339
112 359
112 381
112 388
112 439
112 449
112 465
112 469
112 484
112 495
113 10
113 17
113 31
113 40
113 69
113 127
113 149
113 151
113 185
113 192
113 225
113 226
113 255
113 260
113 264
113 310
113 356
113 397
114 16
114 19
114 21
114 77
114 89
114 91
114 92
114 147
114 212
114 227
114 258
114 312
114 313
114 318
114 333
114 334
114 361
114 372
114 375
114 383
114 410
114 413
114 443
114 454
114 475
115 13
115 47
115 64
115 83
115 134
115 138
115 155
115 158
115 162
115 181
115 185
115 193
115 197
115 204
115 224
115 227
115 278
115 292
115 295
115 322
115 359
115 361
115 395
115 437
115 438
115 457
115 471
115 491
115 494
116 30
116 31
116 50
116 103
116 109
116 126
116 135
116 167
116 174
116 197
116 208
116 233
116 235
116 289
116 362
116 379
116 382
116 385
116 402
116 408
116 428
116 439
116 443
116 471
116 473
117 12
117 25
117 38
117 41
117 52
117 93
117 103
117 138
117 241
117 276
117 279
117 280
117 295
117 305
117 313
117 371
117 386
117 393
117 397
117 443
117 446
117 455
117 479
117 480
117 483
117 493
117 498
118 2
118 10
118 62
118 72
118 128
118 133
118 134
118 136
118 163
118 177
118 182
118 215
118 230
118 248
118 249
118 319
118 352
118 364
118 365
118 374
118 412
118 426
118 464
119 3
119 15
119 27
119 34
119 40
119 109
119 144
119 154
119 157
119 175
119 224
119 257
119 274
119 350
119 393
119 400
119 406
119 439
119 476
120 13
120 24
120 53
120 72
120 196
120 245
120 291
120 312
120 315
120 322
120 343
120 366
120 367
120 379
120 387
120 403
120 442
120 485
120 498
121 34
121 43
121 47
121 67
121 75
121 92
121 105
121 111
121 150
121 161
121 208
121 248
121 258
121 261
121 262
121 292
121 301
121 304
121 372
121 374
121 384
121 391
121 394
121 445
121 491
122 9
122 12
122 27
122 65
122 81
122 82
122 107
122 130
122 134
122 136
122 167
122 184
122 194
122 201
122 202
122 231
122 268
122 270
122 292
122 308
122 322
122 345
122 349
122 351
122 422
122 438
122 451
122 464
122 486
123 37
123 47
123 56
123 98
123 162
123 178
123 231
123 262
123 271
123 289
123 305
123 343
123 379
123 381
123 425
123 491
124 35
124 42
124 60
124 106
124 153
124 155
124 161
124 187
124 188
124 190
124 192
124 194
124 206
124 236
124 247
124 267
124 272
124 303
124 323
124 350
124 352
124 410
124 414
124 435
124 472
124 490
124 494
125 66
125 76
125 130
125 141
125 145
125 191
125 231
125 244
125 270
125 292
125 307
125 342
125 353
125 387
125 399
125 427
125 437
125 466
125 472
125 478
126 14
126 16
126 29
126 33
126 38
126 46
126 62
126 84
126 89
126 108
126 116
126 145
126 156
126 223
126 321
126 336
126 352
126 370
126 383
126 389
126 415
126 424
126 432
126 434
126 435
127 24
127 26
127 46
127 113
127 164
127 174
127 176
127 216
127 221
127 227
127 230
127 260
127 263
127 300
127 326
127 339
127 351
127 399
127 408
127 414
127 456
127 487
128 15
128 22
128 24
128 40
128 43
128 96
128 118
128 136
128 137
128 179
128 185
128 204
128 217
128 231
128 250
128 260
128 263
128 291
128 296
128 314
128 426
128 428
128 430
128 440
128 456
128 484
129 5
129 6
129 18
129 50
129 53
129 71
129 104
129 162
129 176
129 206
129 226
129 229
129 230
129 256
129 258
129 260
129 280
129 300
129 349
129 357
129 369
129 374
129 381
129 447
129 477
130 2
130 16
130 21
130 60
130 71
130 74
130 91
130 95
130 122
130 125
130 134
130 160
130 189
130 205
130 212
130 215
130 237
130 275
130 279
130 294
130 325
130 378
130 419
130 444
130 465
130 483
130 496
131 0
131 16
131 19
131 80
131 86
131 95
131 108
131 112
131 143
131 204
131 215
131 223
131 260
131 320
131 332
131 336
131 343
131 345
131 346
131 401
131 463
132 49
132 52
132 71
132 96
132 110
132 112
132 161
132 165
132 191
132 198
132 216
132 240
132 241
132 242
132 292
132 294
132 340
132 347
132 360
132 427
132 483
132 489
133 110
133 111
133 118
133 157
133 204
133 221
133 231
133 234
133 266
133 278
133 328
133 339
133 342
133 344
133 424
134 2
134 49
134 104
134 115
134 118
134 122
134 130
134 164
134 175
134 181
134 217
134 260
134 304
134 339
134 347
134 348
134 357
134 378
134 382
134 400
134 402
134 420
134 427
134 441
134 474
134 476
134 494
135 0
135 15
135 27
135 42
135 81
135 92
135 105
135 116
135 147
135 166
135 181
135 210
135 246
135 294
135 343
135 360
135 365
135 368
135 383
135 485
135 496
135 499
136 14
136 56
136 107
136 118
136 122
136 128
136 154
136 176
136 187
136 213
136 230
136 233
136 261
136 287
136 308
136 320
136 329
136 363
136 395
136 440
136 460
136 464
136 465
136 497
137 3
137 4
137 17
137 29
137 36
137 42
137 44
137 59
137 70
137 95
137 128
137 167
137 169
137 192
137 227
137 273
137 293
137 303
137 309
137 327
137 345
137 377
137 391
137 402
137 413
137 418
137 430
137 448
137 465
138 3
138 4
138 8
138 11
138 16
138 71
138 87
138 88
138 105
138 115
138 117
138 155
138 157
138 185
138 190
138 191
138 220
138 258
138 353
138 362
138 376
138 437
138 439
138 442
138 443
138 453
138 496
139 20
139 52
139 64
139 74
139 79
139 149
139 186
139 193
139 197
139 249
139 254
139 261
139 339
139 340
139 346
139 392
139 420
139 446
139 466
139 473
139 477
139 478
139 492
140 51
140 79
140 111
140 145
140 148
140 174
140 189
140 203
140 205
140 263
140 285
140 298
140 336
140 350
140 406
140 418
140 450
140 454
140 467
140 490
141 39
141 62
141 112
141 125
141 159
141 161
141 170
141 193
141 223
141 227
141 234
141 260
141 276
141 321
141 334
141 338
141 343
141 349
141 464
142 1
142 16
142 30
142 34
142 57
142 75
142 78
142 82
142 92
142 93
142 168
142 170
142 181
142 199
142 205
142 207
142 272
142 278
142 327
142 328
142 341
142 396
142 402
142 403
142 429
142 461
143 1
143 2
143 65
143 68
143 76
143 89
143 131
143 148
143 182
143 195
143 207
143 212
143 216
143 264
143 290
143 352
143 389
143 390
143 393
143 487
144 87
144 106
144 119
144 176
144 188
144 239
144 328
144 333
144 351
144 364
144 423
144 455
145 12
145 14
145 24
145 41
145 58
145 125
145 126
145 140
145 148
145 156
145 260
145 264
145 305
145 313
145 318
145 325
145 341
145 366
145 370
145 371
145 406
145 412
145 418
145 427
145 429
145 455
146 27
146 39
146 44
146 72
146 74
146 103
146 105
146 176
146 192
146 225
146 236
146 261
146 265
146 286
146 294
146 314
146 316
146 339
146 354
146 362
146 367
146 369
146 371
146 419
146 421
146 451
146 492
146 496
147 32
147 63
147 64
147 72
147 105
147 114
147 135
147 187
147 224
147 234
147 297
147 329
147 368
147 392
147 438
147 449
147 456
147 491
148 1
148 71
148 76
148 94
148 140
148 143
148 145
148 160
148 178
148 182
148 208
148 215
148 286
148 309
148 316
148 336
148 338
148 351
148 412
148 413
148 414
148 419
148 478
148 481
148 487
149 14
149 61
149 65
149 80
149 113
149 139
149 160
149 171
149 201
149 210
149 258
149 271
149 299
149 314
149 375
149 383
149 394
149 418
149 425
149 431
149 440
149 464
149 466
149 470
149 476
149 491
150 29
150 48
150 73
150 74
150 121
150 156
150 163
150 201
150 224
150 244
150 249
150 269
150 283
150 285
150 299
150 327
150 330
150 336
150 395
150 396
150 442
150 457
150 458
150 495
151 7
151 35
151 109
151 113
151 209
151 214
151 261
151 268
151 317
151 334
151 341
151 360
151 365
151 366
151 374
151 376
151 400
151 412
151 413
151 432
151 436
151 482
151 496
152 5
152 38
152 44
152 65
152 72
152 103
152 108
152 158
152 165
152 166
152 175
152 187
152 205
152 246
152 248
152 254
152 260
152 266
152 271
152 367
152 402
152 417
152 419
152 426
152 455
152 465
153 0
153 22
153 26
153 37
153 67
153 124
153 179
153 217
153 301
153 303
153 369
153 380
153 389
153 403
153 431
153 441
153 452
153 457
153 462
153 474
153 496
154 6
154 38
154 47
154 49
154 65
154 66
154 98
154 119
154 136
154 160
154 211
154 222
154 234
154 253
154 261
154 264
154 285
154 305
154 309
154 313
154 322
154 337
154 450
154 457
154 473
154 483
154 497
155 17
155 18
155 39
155 42
155 92
155 115
155 124
155 138
155 196
155 235
155 255
155 261
155 280
155 316
155 330
155 340
155 345
155 347
155 351
155 364
155 368
155 385
155 387
155 452
155 466
156 32
156 50
156 84
156 102
156 126
156 145
156 150
156 171
156 184
156 186
156 217
156 227
156 263
156 280
156 283
156 290
156 309
156 339
156 349
156 357
156 369
156 384
156 407
156 412
156 436
156 439
156 453
156 460
156 475
156 495
156 497
157 9
157 59
157 75
157 87
157 94
157 96
157 102
157 119
157 133
157 138
157 170
157 188
157 218
157 239
157 246
157 248
157 262
157 273
157 330
157 341
157 367
157 387
157 404
157 406
157 415
157 428
157 434
157 464
158 0
158 29
158 49
158 75
158 115
158 152
158 182
158 202
158 245
158 255
158 298
158 304
158 349
158 356
158 393
158 409
158 417
158 424
158 437
158 450
159 2
159 84
159 91
159 141
159 193
159 196
159 215
159 240
159 263
159 279
159 284
159 335
159 342
159 376
159 377
159 385
159 451
160 47
160 49
160 78
160 102
160 130
160 148
160 149
160 154
160 184
160 204
160 210
160 212
160 219
160 242
160 252
160 280
160 313
160 319
160 324
160 334
160 336
160 367
160 378
160 404
160 408
160 416
160 424
160 446
160 488
160 493
161 52
161 60
161 112
161 121
161 124
161 132
161 141
161 197
161 216
161 236
161 273
161 292
161 311
161 314
161 326
161 333
161 340
161 360
161 365
161 371
161 387
161 388
161 390
161 420
161 422
161 468
162 10
162 28
162 48
162 77
162 93
162 115
162 123
162 129
162 202
162 254
162 269
162 286
162 301
162 337
162 359
162 369
162 383
162 393
162 406
162 470
162 475
163 28
163 48
163 55
163 67
163 118
163 150
163 179
163 190
163 194
163 211
163 238
163 273
163 282
163 300
163 309
163 312
163 386
163 387
163 417
163 445
163 457
163 461
164 15
164 61
164 127
164 134
164 176
164 206
164 232
164 266
164 270
164 320
164 330
164 346
164 350
164 403
164 404
164 424
165 1
165 13
165 15
165 29
165 94
165 132
165 152
165 195
165 256
165 258
165 269
165 270
165 273
165 295
165 347
165 382
165 399
165 416
165 419
165 426
165 430
165 446
165 464
165 477
165 488
165 491
166 5
166 51
166 80
166 90
166 111
166 135
166 152
166 172
166 175
166 176
166 181
166 197
166 209
166 218
166 244
166 248
166 262
166 271
166 301
166 316
166 319
166 376
166 436
166 457
166 461
166 465
166 471
166 477
166 478
166 484
167 17
167 21
167 51
167 52
167 55
167 56
167 95
167 96
167 101
167 116
167 122
167 137
167 243
167 266
167 287
167 289
167 290
167 309
167 332
167 336
167 363
167 395
167 442
167 470
167 483
167 496
168 31
168 43
168 55
168 96
168 142
168 193
168 216
168 262
168 264
168 293
168 319
168 324
168 327
168 337
168 427
168 429
168 451
168 460
168 489
169 6
169 137
169 194
169 210
169 232
169 243
169 248
169 276
169 281
169 307
169 308
169 362
169 423
169 430
169 445
169 497
170 44
170 49
170 59
170 75
170 141
170 142
170 157
170 182
170 187
170 188
170 192
170 199
170 234
170 251
170 256
170 288
170 296
170 331
170 339
170 348
170 368
170 390
170 393
170 405
170 418
170 426
170 468
170 482
171 12
171 26
171 31
171 49
171 70
171 112
171 149
171 156
171 173
171 184
171 212
171 230
171 248
171 283
171 284
171 325
171 357
171 370
171 374
171 378
171 389
171 394
171 402
171 403
171 405
171 467
171 478
171 479
172 11
172 13
172 24
172 36
172 55
172 58
172 166
172 175
172 228
172 230
172 244
172 245
172 255
172 256
172 346
172 350
172 353
172 380
172 409
172 471
172 476
172 489
173 21
173 32
173 34
173 40
173 44
173 111
173 171
173 180
173 220
173 231
173 246
173 301
173 306
173 337
173 349
173 366
173 381
173 405
173 425
173 431
173 453
173 457
173 463
173 487
173 496
174 17
174 40
174 56
174 62
174 73
174 93
174 103
174 116
174 127
174 140
174 205
174 229
174 306
174 326
174 332
174 334
174 366
174 428
174 446
174 460
174 479
174 482
174 485
175 11
175 15
175 38
175 41
175 64
175 74
175 86
175 87
175 100
175 109
175 119
175 134
175 152
175 166
175 172
175 255
175 286
175 292
175 315
175 317
175 321
175 344
175 349
175 350
175 403
175 430
175 439
175 482
175 492
175 493
176 36
176 73
176 78
176 84
176 99
176 127
176 129
176 136
176 144
176 146
176 164
176 166
176 185
176 198
176 199
176 241
176 293
176 296
176 299
176 324
176 334
176 383
176 422
176 462
176 463
176 475
177 17
177 18
177 19
177 39
177 100
177 112
177 118
177 186
177 201
177 261
177 285
177 313
177 314
177 340
177 375
177 382
177 399
177 410
177 421
177 479
178 16
178 38
178 69
178 108
178 110
178 123
178 148
178 201
178 213
178 214
178 238
178 243
178 267
178 300
178 318
178 333
178 336
178 348
178 355
178 369
178 379
178 384
178 391
178 397
178 423
178 439
178 441
178 447
178 458
178 472
178 479
178 488
178 491
179 16
179 49
179 59
179 60
179 128
179 153
179 163
179 195
179 218
179 235
179 290
179 304
179 309
179 375
179 405
179 439
179 441
179 445
180 0
180 5
180 28
180 32
180 45
180 68
180 86
180 173
180 193
180 233
180 251
180 256
180 259
180 309
180 314
180 334
180 387
180 397
180 419
180 447
180 454
180 479
181 0
181 18
181 20
181 38
181 64
181 94
181 99
181 115
181 134
181 135
181 142
181 166
181 197
181 234
181 295
181 315
181 332
181 398
181 417
181 462
182 1
182 3
182 34
182 58
182 60
182 61
182 101
182 110
182 118
182 143
182 148
182 158
182 170
182 191
182 204
182 268
182 272
182 281
182 297
182 338
182 355
182 369
182 370
182 382
182 433
182 436
182 454
182 482
182 485
183 37
183 40
183 46
183 96
183 198
183 204
183 212
183 228
183 248
183 260
183 281
183 295
183 321
183 326
183 380
183 390
183 429
183 463
183 464
183 469
183 493
184 8
184 38
184 68
184 80
184 82
184 122
184 156
184 160
184 171
184 189
184 198
184 265
184 307
184 327
184 342
184 357
184 388
184 391
184 395
184 407
184 437
184 440
184 494
185 49
185 52
185 82
185 85
185 90
185 113
185 115
185 128
185 138
185 176
185 221
185 225
185 240
185 247
185 277
185 390
185 453
185 478
186 5
186 24
186 36
186 45
186 57
186 72
186 78
186 85
186 99
186 112
186 139
186 156
186 177
186 201
186 236
186 271
186 285
186 286
186 312
186 338
186 349
186 356
186 366
186 368
186 374
186 386
186 389
186 425
186 429
186 445
186 454
187 2
187 8
187 36
187 38
187 86
187 87
187 95
187 98
187 104
187 124
187 136
187 147
187 152
187 170
187 195
187 209
187 210
187 212
187 223
187 235
187 275
187 325
187 327
187 332
187 334
187 337
187 342
187 382
187 388
187 440
187 471
187 476
187 492
187 497
188 3
188 17
188 26
188 28
188 35
188 40
188 49
188 70
188 71
188 75
188 87
188 88
188 104
188 108
188 124
188 144
188 157
188 170
188 216
188 238
188 243
188 252
188 279
188 281
188 311
188 323
188 340
188 410
188 420
188 442
188 453
188 459
189 20
189 25
189 35
189 37
189 55
189 70
189 72
189 108
189 130
189 140
189 184
189 211
189 237
189 248
189 265
189 275
189 326
189 333
189 373
189 389
189 399
189 429
190 42
190 52
190 77
190 80
190 110
190 124
190 138
190 163
190 191
190 204
190 255
190 260
190 313
190 320
190 325
190 326
190 328
190 358
190 363
190 373
190 390
190 406
190 421
190 496
191 21
191 22
191 74
191 81
191 84
191 125
191 132
191 138
191 182
191 190
191 193
191 243
191 268
191 334
191 368
191 370
191 372
191 378
191 419
191 425
191 430
191 443
191 447
191 479
192 2
192 4
192 38
192 63
192 64
192 88
192 96
192 113
192 124
192 137
192 146
192 170
192 202
192 213
192 245
192 250
192 262
192 316
192 317
192 323
192 354
192 367
192 379
192 407
192 457
192 464
192 466
192 476
192 491
193 2
193 33
193 72
193 73
193 79
193 115
193 139
193 141
193 159
193 168
193 180
193 191
193 195
193 208
193 218
193 265
193 290
193 292
193 305
193 319
193 347
193 371
193 404
193 416
193 467
193 473
194 1
194 23
194 27
194 95
194 122
194 124
194 163
194 169
194 206
194 207
194 253
194 261
194 299
194 312
194 352
194 380
194 467
194 484
194 490
195 70
195 80
195 85
195 98
195 143
195 165
195 179
195 187
195 193
195 207
195 240
195 255
195 266
195 267
195 269
195 276
195 321
195 363
195 373
195 404
195 407
195 429
195 465
195 471
195 495
196 6
196 32
196 39
196 42
196 43
196 61
196 66
196 101
196 120
196 155
196 159
196 205
196 233
196 245
196 248
196 253
196 257
196 263
196 264
196 271
196 305
196 338
196 341
196 343
196 349
196 363
196 371
196 410
196 415
196 417
196 451
196 455
196 462
196 498
197 4
197 19
197 115
197 116
197 139
197 161
197 166
197 181
197 204
197 226
197 275
197 330
197 354
197 358
197 364
197 373
197 415
197 416
197 427
197 438
197 441
197 442
197 450
197 454
198 9
198 45
198 60
198 76
198 91
198 93
198 103
198 110
198 132
198 176
198 183
198 184
198 202
198 204
198 216
198 223
198 225
198 290
198 344
198 354
198 380
198 383
198 390
198 405
198 432
198 448
198 469
199 21
199 35
199 42
199 90
199 98
199 100
199 142
199 170
199 176
199 205
199 230
199 258
199 261
199 263
199 270
199 286
199 325
199 354
199 365
199 460
199 468
199 476
199 477
200 10
200 26
200 46
200 47
200 80
200 85
200 209
200 223
200 224
200 231
200 246
200 280
200 284
200 300
200 302
200 312
200 325
200 327
200 337
200 340
200 367
200 372
200 377
200 434
200 451
200 488
200 491
200 495
201 34
201 46
201 55
201 73
201 83
201 84
201 86
201 88
201 122
201 149
201 150
201 177
201 178
201 186
201 231
201 242
201 265
201 316
201 330
201 336
201 342
201 345
201 350
201 360
201 366
201 418
201 432
201 486
202 1
202 5
202 32
202 54
202 62
202 122
202 158
202 162
202 192
202 198
202 208
202 212
202 233
202 249
202 251
202 283
202 317
202 322
202 336
202 338
202 341
202 347
202 361
202 398
202 417
202 419
202 435
202 479
202 484
202 490
202 494
202 496
203 21
203 140
203 211
203 221
203 259
203 296
203 321
203 356
203 368
203 383
203 384
203 436
203 452
203 458
203 459
203 460
203 466
204 15
204 22
204 23
204 57
204 63
204 67
204 81
204 115
204 128
204 131
204 133
204 160
204 182
204 183
204 190
204 197
204 198
204 244
204 286
204 290
204 295
204 304
204 358
204 362
204 371
204 395
204 449
204 463
205 24
205 26
205 38
205 84
205 130
205 140
205 142
205 152
205 174
205 196
205 199
205 230
205 261
205 263
205 266
205 268
205 290
205 296
205 300
205 301
205 314
205 326
205 367
205 382
205 396
205 436
205 462
205 471
206 29
206 41
206 52
206 56
206 57
206 61
206 62
206 76
206 88
206 91
206 124
206 129
206 164
206 194
206 216
206 285
206 313
206 315
206 319
206 340
206 353
206 354
206 375
206 376
206 385
206 422
207 50
207 53
207 62
207 69
207 142
207 143
207 194
207 195
207 250
207 252
207 265
207 276
207 280
207 317
207 343
207 380
207 392
207 397
207 402
207 406
207 417
207 419
207 446
207 470
208 8
208 39
208 72
208 84
208 87
208 109
208 116
208 121
208 148
208 193
208 202
208 236
208 262
208 281
208 288
208 324
208 343
208 348
208 416
208 458
208 467
208 470
208 487
208 494
209 5
209 35
209 42
209 84
209 97
209 103
209 107
209 111
209 151
209 166
209 187
209 200
209 277
209 291
209 314
209 354
209 376
209 396
209 466
209 496
210 18
210 34
210 41
210 58
210 73
210 79
210 135
210 149
210 160
210 169
210 187
210 211
210 293
210 315
210 316
210 362
210 401
210 483
211 2
211 11
211 56
211 74
211 93
211 154
211 163
211 189
211 203
211 210
211 214
211 241
211 251
211 259
211 271
211 280
211 329
211 332
211 356
211 365
211 372
211 389
211 394
211 398
211 400
211 406
211 418
211 445
211 462
211 473
211 497
212 5
212 25
212 49
212 51
212 83
212 91
212 95
212 102
212 114
212 130
212 143
212 160
212 171
212 183
212 187
212 202
212 271
212 314
212 346
212 351
212 364
212 373
212 379
212 430
212 433
212 440
212 457
212 462
212 496
213 18
213 30
213 41
213 73
213 85
213 136
213 178
213 192
213 219
213 220
213 234
213 278
213 284
213 299
213 314
213 333
213 444
213 476
213 496
214 14
214 80
214 151
214 178
214 211
214 257
214 270
214 298
214 307
214 321
214 344
214 360
214 369
214 375
214 425
214 451
214 454
214 481
215 5
215 30
215 47
215 48
215 49
215 65
215 69
215 96
215 104
215 118
215 130
215 131
215 148
215 159
215 237
215 249
215 285
215 287
215 296
215 307
215 308
215 324
215 339
215 345
215 358
215 389
215 410
215 424
215 429
215 446
215 448
216 14
216 26
216 60
216 64
216 83
216 127
216 132
216 143
216 161
216 168
216 188
216 198
216 206
216 223
216 235
216 245
216 278
216 279
216 282
216 301
216 312
216 313
216 327
216 331
216 350
216 388
216 391
216 404
216 425
216 427
216 432
216 448
216 458
216 464
216 467
216 481
216 497
217 8
217 9
217 18
217 62
217 96
217 99
217 128
217 134
217 153
217 156
217 226
217 265
217 283
217 305
217 310
217 321
217 336
217 340
217 361
217 368
217 413
217 421
217 435
217 467
217 477
218 11
218 14
218 29
218 63
218 157
218 166
218 179
218 193
218 223
218 289
218 291
218 297
218 348
218 378
218 393
218 394
218 404
218 430
218 434
218 469
218 491
218 494
219 10
219 29
219 51
219 70
219 81
219 85
219 92
219 95
219 106
219 107
219 160
219 213
219 221
219 243
219 250
219 254
219 271
219 282
219 287
219 329
219 340
219 344
219 390
219 392
219 471
219 482
219 490
220 30
220 32
220 60
220 91
220 138
220 173
220 213
220 245
220 246
220 297
220 388
220 389
220 406
220 433
220 455
220 467
221 12
221 19
221 20
221 29
221 44
221 52
221 127
221 133
221 185
221 203
221 219
221 225
221 227
221 234
221 249
221 297
221 312
221 318
221 323
221 324
221 351
221 375
221 388
221 389
221 410
221 420
221 429
221 451
221 456
221 458
221 466
221 472
222 4
222 41
222 43
222 46
222 84
222 154
222 223
222 237
222 245
222 269
222 299
222 344
222 363
222 366
222 402
222 431
222 457
222 487
222 491
223 53
223 100
223 104
223 126
223 131
223 141
223 187
223 198
223 200
223 216
223 218
223 222
223 233
223 235
223 248
223 272
223 275
223 277
223 279
223 298
223 310
223 311
223 320
223 343
223 349
223 359
223 367
223 383
223 404
223 431
223 441
223 462
223 480
223 481
224 2
224 43
224 52
224 63
224 87
224 115
224 119
224 147
224 150
224 200
224 232
224 283
224 291
224 324
224 327
224 331
224 362
224 377
224 383
224 433
224 436
224 453
224 456
225 26
225 28
225 29
225 43
225 47
225 71
225 97
225 105
225 109
225 113
225 146
225 185
225 198
225 221
225 240
225 247
225 284
225 294
225 325
225 376
225 404
225 422
225 433
225 453
225 463
225 481
225 492
226 5
226 15
226 48
226 64
226 67
226 76
226 86
226 107
226 113
226 129
226 197
226 217
226 228
226 264
226 321
226 328
226 331
226 337
226 366
226 372
226 410
226 418
226 424
226 433
226 454
226 466
226 492
227 25
227 35
227 89
227 92
227 106
227 114
227 115
227 127
227 137
227 141
227 156
227 221
227 231
227 267
227 294
227 303
227 313
227 314
227 316
227 327
227 353
227 355
227 453
227 478
228 0
228 7
228 23
228 30
228 51
228 105
228 172
228 183
228 226
228 276
228 291
228 336
228 392
228 412
228 427
228 440
229 16
229 22
229 39
229 69
229 71
229 98
229 102
229 129
229 174
229 264
229 267
229 298
229 301
229 307
229 309
229 324
229 336
229 364
229 381
229 398
229 405
229 431
229 445
229 448
229 460
230 14
230 37
230 46
230 104
230 118
230 127
230 129
230 136
230 171
230 172
230 199
230 205
230 258
230 289
230 304
230 327
230 385
230 387
230 402
230 415
230 428
230 444
230 446
230 465
230 482
231 13
231 34
231 84
231 90
231 107
231 122
231 123
231 125
231 128
231 133
231 173
231 200
231 201
231 227
231 236
231 305
231 314
231 332
231 347
231 363
231 366
231 392
231 407
231 409
231 421
231 468
231 498
232 23
232 40
232 52
232 73
232 79
232 104
232 164
232 169
232 224
232 257
232 268
232 272
232 287
232 326
232 351
232 352
232 367
232 422
232 437
232 463
232 472
233 3
233 17
233 34
233 49
233 60
233 71
233 92
233 116
233 136
233 180
233 196
233 202
233 223
233 240
233 296
233 306
233 312
233 417
233 421
233 468
233 473
233 479
233 493
234 2
234 27
234 44
234 55
234 64
234 77
234 87
234 104
234 133
234 141
234 147
234 154
234 170
234 181
234 213
234 221
234 247
234 262
234 302
234 324
234 326
234 336
234 353
234 363
234 366
234 370
234 399
234 405
234 406
234 416
234 417
234 448
235 14
235 29
235 54
235 116
235 155
235 179
235 187
235 216
235 223
235 245
235 249
235 251
235 267
235 325
235 409
235 410
235 433
235 440
235 446
235 451
235 455
235 458
235 494
236 7
236 55
236 60
236 88
236 105
236 107
236 124
236 146
236 161
236 186
236 208
236 231
236 272
236 279
236 289
236 291
236 301
236 307
236 315
236 324
236 403
236 405
236 477
236 484
237 8
237 49
237 81
237 130
237 189
237 215
237 222
237 248
237 253
237 259
237 305
237 311
237 347
237 352
237 400
237 403
237 430
237 458
237 488
237 491
238 28
238 40
238 163
238 178
238 188
238 257
238 297
238 306
238 311
238 348
238 384
238 391
238 425
238 433
238 434
238 439
238 449
238 450
238 456
238 464
238 471
238 481
239 81
239 96
239 98
239 144
239 157
239 240
239 283
239 317
239 351
239 412
239 417
239 451
239 461
239 464
239 468
240 15
240 16
240 40
240 132
240 159
240 185
240 195
240 225
240 233
240 239
240 331
240 339
240 375
240 408
240 427
240 442
240 443
240 448
240 469
240 472
241 8
241 64
241 68
241 103
241 107
241 117
241 132
241 176
241 211
241 242
241 262
241 304
241 315
241 324
241 332
241 354
241 395
241 411
241 469
241 487
241 492
242 1
242 4
242 69
242 81
242 132
242 160
242 201
242 241
242 246
242 267
242 301
242 302
242 317
242 322
242 357
242 377
242 381
242 401
242 451
242 464
242 478
243 3
243 6
243 31
243 38
243 39
243 86
243 97
243 167
243 169
243 178
243 188
243 191
243 219
243 244
243 321
243 350
243 413
243 423
243 425
243 428
243 482
243 498
244 3
244 40
244 44
244 76
244 107
244 125
244 150
244 166
244 172
244 204
244 243
244 264
244 272
244 286
244 291
244 346
244 425
244 460
244 478
244 492
245 72
245 79
245 88
245 92
245 94
245 111
245 120
245 158
245 172
245 192
245 196
245 216
245 220
245 222
245 235
245 246
245 257
245 261
245 317
245 333
245 338
245 351
245 361
245 362
245 378
245 419
245 424
245 435
245 437
245 463
245 486
246 2
246 18
246 26
246 106
246 112
246 135
246 152
246 157
246 173
246 200
246 220
246 242
246 245
246 247
246 252
246 301
246 319
246 330
246 332
246 341
246 355
246 367
246 410
246 465
246 497
246 499
247 11
247 50
247 67
247 87
247 108
247 124
247 185
247 225
247 234
247 246
247 258
247 276
247 281
247 298
247 353
247 389
247 407
247 431
247 445
247 478
247 493
247 498
248 1
248 34
248 43
248 67
248 85
248 100
248 110
248 118
248 121
248 152
248 157
248 166
248 169
248 171
248 183
248 189
248 196
248 223
248 237
248 258
248 270
248 274
248 297
248 301
248 318
248 320
248 336
248 355
248 394
248 442
248 447
248 459
248 466
249 35
249 92
249 118
249 139
249 150
249 202
249 215
249 221
249 235
249 312
249 324
249 348
249 365
249 377
249 381
249 390
249 408
249 421
249 422
249 430
249 466
249 467
249 497
250 2
250 7
250 24
250 36
250 59
250 75
250 109
250 110
250 112
250 128
250 192
250 207
250 219
250 267
250 276
250 293
250 350
250 353
250 396
250 398
250 401
250 410
250 411
250 442
250 473
251 14
251 26
251 33
251 61
251 85
251 170
251 180
251 202
251 211
251 235
251 252
251 256
251 261
251 286
251 299
251 357
251 395
251 397
251 408
252 7
252 15
252 39
252 40
252 104
252 160
252 188
252 207
252 246
252 251
252 255
252 261
252 312
252 320
252 341
252 342
252 360
252 390
252 392
252 410
252 414
252 419
252 462
252 480
252 488
253 38
253 59
253 67
253 80
253 92
253 111
253 154
253 194
253 196
253 237
253 272
253 296
253 320
253 350
253 352
253 367
253 378
253 399
253 401
253 414
253 440
253 466
254 0
254 42
254 49
254 52
254 94
254 139
254 152
254 162
254 219
254 279
254 299
254 310
254 316
254 317
254 332
254 351
254 443
254 446
254 447
254 449
254 450
254 466
254 479
255 106
255 113
255 155
255 158
255 172
255 175
255 190
255 195
255 252
255 334
255 360
255 366
255 384
255 421
255 438
256 10
256 73
256 86
256 95
256 105
256 129
256 165
256 170
256 172
256 180
256 251
256 291
256 315
256 392
256 398
256 426
256 436
256 442
256 449
256 464
256 468
256 469
256 483
257 0
257 3
257 5
257 17
257 38
257 50
257 81
257 94
257 106
257 119
257 196
257 214
257 232
257 238
257 245
257 302
257 319
257 332
257 406
257 426
257 429
257 441
257 448
257 462
257 463
257 466
257 473
257 493
258 31
258 42
258 91
258 114
258 121
258 129
258 138
258 149
258 165
258 199
258 230
258 247
258 248
258 298
258 313
258 321
258 322
258 324
258 326
258 338
258 364
258 379
258 397
258 399
258 412
258 444
258 458
258 471
258 476
258 493
258 496
259 1
259 14
259 17
259 51
259 63
259 66
259 79
259 93
259 103
259 180
259 203
259 211
259 237
259 275
259 283
259 285
259 304
259 339
259 357
259 359
259 378
259 391
259 392
259 435
259 460
259 483
260 11
260 19
260 24
260 47
260 55
260 67
260 69
260 76
260 104
260 108
260 113
260 127
260 128
260 129
260 131
260 134
260 141
260 145
260 152
260 183
260 190
260 263
260 282
260 327
260 330
260 396
260 411
260 415
260 431
260 461
260 495
261 15
261 47
261 80
261 87
261 90
261 121
261 136
261 139
261 146
261 151
261 154
261 155
261 177
261 194
261 199
261 205
261 245
261 251
261 252
261 294
261 359
261 369
261 387
261 426
261 447
261 469
261 476
262 41
262 90
262 92
262 121
262 123
262 157
262 166
262 168
262 192
262 208
262 234
262 241
262 283
262 311
262 355
262 380
262 384
262 386
262 389
262 407
262 445
262 480
262 493
263 26
263 40
263 54
263 58
263 60
263 91
263 97
263 109
263 127
263 128
263 140
263 156
263 159
263 196
263 199
263 205
263 260
263 280
263 314
263 341
263 371
263 409
263 430
263 445
263 474
263 483
264 32
264 50
264 52
264 63
264 79
264 93
264 98
264 110
264 113
264 143
264 145
264 154
264 168
264 196
264 226
264 229
264 244
264 270
264 295
264 297
264 304
264 312
264 375
264 385
264 403
264 420
264 440
264 455
264 463
264 468
264 475
265 48
265 71
265 79
265 146
265 184
265 189
265 193
265 201
265 207
265 217
265 275
265 278
265 299
265 356
265 360
265 371
265 397
265 418
266 1
266 14
266 15
266 17
266 28
266 94
266 106
266 108
266 133
266 152
266 164
266 167
266 195
266 205
266 288
266 296
266 299
266 300
266 305
266 323
266 327
266 329
266 380
266 389
266 437
266 451
266 470
266 490
267 20
267 73
267 84
267 89
267 91
267 111
267 124
267 178
267 195
267 227
267 229
267 235
267 242
267 250
267 270
267 272
267 277
267 301
267 351
267 371
267 374
267 377
267 383
267 401
267 438
267 449
267 461
267 477
267 478
267 484
268 76
268 77
268 80
268 90
268 103
268 112
268 122
268 151
268 182
268 191
268 205
268 232
268 270
268 276
268 307
268 339
268 343
268 344
268 355
268 385
268 402
268 408
268 409
268 476
269 19
269 57
269 80
269 82
269 84
269 85
269 150
269 162
269 165
269 195
269 222
269 280
269 307
269 309
269 332
269 333
269 365
269 373
269 387
269 450
269 458
269 477
269 496
270 1
270 15
270 23
270 31
270 35
270 47
270 62
270 86
270 89
270 90
270 111
270 122
270 125
270 164
270 165
270 199
270 214
270 248
270 264
270 267
270 268
270 294
270 298
270 308
270 317
270 321
270 323
270 354
270 372
270 380
270 412
270 417
270 454
271 1
271 10
271 42
271 82
271 105
271 108
271 123
271 149
271 152
271 166
271 186
271 196
271 211
271 212
271 219
271 274
271 276
271 334
271 345
271 347
271 377
271 384
271 387
271 412
271 414
271 421
271 445
271 493
272 6
272 8
272 23
272 24
272 50
272 61
272 65
272 85
272 98
272 107
272 124
272 142
272 182
272 223
272 232
272 236
272 244
272 253
272 267
272 280
272 282
272 296
272 315
272 350
272 351
272 364
272 366
272 378
272 416
273 37
273 47
273 50
273 71
273 79
273 100
273 104
273 112
273 137
273 157
273 161
273 163
273 165
273 278
273 313
273 328
273 334
273 339
273 351
273 359
273 361
273 380
273 386
273 390
273 409
273 412
273 432
273 453
273 467
273 482
274 14
274 17
274 20
274 21
274 88
274 100
274 103
274 119
274 248
274 271
274 294
274 298
274 315
274 318
274 322
274 324
274 347
274 393
274 445
274 485
274 490
275 32
275 47
275 83
275 108
275 109
275 130
275 187
275 189
275 197
275 223
275 259
275 265
275 284
275 288
275 290
275 300
275 322
275 333
275 401
275 402
275 410
275 491
275 494
276 11
276 30
276 53
276 54
276 55
276 56
276 59
276 71
276 117
276 141
276 169
276 195
276 207
276 228
276 247
276 250
276 268
276 271
276 304
276 306
276 315
276 323
276 330
276 371
276 403
276 430
276 440
276 466
276 472
276 493
277 2
277 27
277 39
277 64
277 95
277 98
277 185
277 209
277 223
277 267
277 303
277 364
277 367
277 387
277 398
277 403
277 439
277 487
278 13
278 27
278 47
278 50
278 52
278 64
278 87
278 115
278 133
278 142
278 213
278 216
278 265
278 273
278 290
278 315
278 352
278 358
278 360
278 362
278 370
278 379
278 387
278 400
278 438
278 450
278 457
278 461
279 48
279 77
279 79
279 106
279 117
279 130
279 159
279 188
279 216
279 223
279 236
279 254
279 285
279 288
279 325
279 331
279 360
279 373
279 374
279 375
279 385
279 397
279 456
279 460
280 4
280 12
280 63
280 117
280 129
280 155
280 156
280 160
280 200
280 207
280 211
280 263
280 269
280 272
280 301
280 308
280 381
280 405
280 408
280 416
280 428
280 495
281 46
281 73
281 169
281 182
281 183
281 188
281 208
281 247
281 284
281 395
281 397
281 419
281 478
281 485
282 10
282 45
282 112
282 163
282 216
282 219
282 260
282 272
282 296
282 300
282 328
282 348
282 355
282 358
282 384
282 385
282 418
282 427
282 431
282 443
282 454
282 467
283 3
283 10
283 14
283 53
283 66
283 82
283 87
283 150
283 156
283 171
283 202
283 217
283 224
283 239
283 259
283 262
283 316
283 318
283 351
283 356
283 370
283 411
283 443
283 453
283 455
283 496
284 9
284 29
284 45
284 63
284 81
284 107
284 108
284 159
284 171
284 200
284 213
284 225
284 275
284 281
284 290
284 330
284 361
284 401
284 416
284 458
284 462
284 484
284 485
284 486
284 489
285 1
285 16
285 18
285 43
285 56
285 71
285 76
285 98
285 99
285 140
285 150
285 154
285 177
285 186
285 206
285 215
285 259
285 279
285 292
285 297
285 299
285 318
285 385
285 394
285 406
285 407
285 413
285 420
285 427
286 5
286 26
286 87
286 146
286 148
286 162
286 175
286 186
286 199
286 204
286 244
286 251
286 314
286 343
286 347
286 353
286 385
286 406
286 413
286 429
286 438
286 454
286 463
286 479
286 499
287 6
287 15
287 43
287 63
287 83
287 86
287 103
287 106
287 136
287 167
287 215
287 219
287 232
287 292
287 325
287 335
287 336
287 343
287 353
287 360
287 368
287 383
287 413
287 428
287 450
287 478
288 16
288 22
288 27
288 43
288 97
288 111
288 170
288 208
288 266
288 275
288 279
288 296
288 344
288 391
288 421
288 438
288 465
288 476
288 482
288 491
289 3
289 22
289 44
289 72
289 95
289 97
289 116
289 123
289 167
289 218
289 230
289 236
289 303
289 310
289 326
289 336
289 367
289 386
289 419
289 452
289 498
290 1
290 26
290 32
290 69
290 71
290 78
290 82
290 103
290 143
290 156
290 167
290 179
290 193
290 198
290 204
290 205
290 275
290 278
290 284
290 293
290 294
290 316
290 365
290 371
290 380
290 384
290 399
290 428
290 443
290 449
290 467
291 21
291 34
291 63
291 71
291 93
291 102
291 111
291 120
291 128
291 209
291 218
291 224
291 228
291 236
291 244
291 256
291 299
291 336
291 359
291 363
291 364
291 375
291 402
291 432
291 436
291 495
291 499
292 16
292 29
292 35
292 41
292 51
292 84
292 89
292 107
292 115
292 121
292 122
292 125
292 132
292 161
292 175
292 193
292 285
292 287
292 294
292 308
292 328
292 335
292 336
292 342
292 348
292 354
292 377
292 401
292 433
292 435
292 464
292 472
292 478
292 481
292 485
292 487
292 499
293 30
293 35
293 47
293 51
293 103
293 137
293 168
293 176
293 210
293 250
293 290
293 318
293 349
293 373
293 377
293 402
293 473
293 480
293 495
293 496
294 33
294 35
294 82
294 130
294 132
294 135
294 146
294 225
294 227
294 261
294 270
294 274
294 290
294 292
294 300
294 310
294 321
294 333
294 346
294 377
294 437
294 471
294 483
295 23
295 62
295 65
295 68
295 73
295 92
295 96
295 115
295 117
295 165
295 181
295 183
295 204
295 264
295 297
295 317
295 326
295 366
295 401
295 402
295 403
295 408
295 438
295 456
295 467
295 480
295 487
295 489
295 494
295 496
296 44
296 71
296 87
296 95
296 108
296 110
296 128
296 170
296 176
296 203
296 205
296 215
296 233
296 253
296 266
296 272
296 282
296 288
296 302
296 305
296 314
296 317
296 329
296 345
296 346
296 352
296 362
296 374
296 385
296 465
296 471
297 13
297 32
297 44
297 110
297 147
297 182
297 218
297 220
297 221
297 238
297 248
297 264
297 285
297 295
297 298
297 302
297 375
297 424
297 437
297 439
297 447
297 485
297 486
298 7
298 11
298 40
298 66
298 69
298 72
298 95
298 140
298 158
298 214
298 223
298 229
298 247
298 258
298 270
298 274
298 297
298 308
298 314
298 316
298 323
298 327
298 336
298 343
298 362
298 411
298 415
298 417
298 460
298 472
298 473
299 15
299 19
299 28
299 43
299 54
299 149
299 150
299 176
299 194
299 213
299 222
299 251
299 254
299 265
299 266
299 285
299 291
299 304
299 327
299 328
299 351
299 357
299 363
299 395
299 402
299 416
299 420
299 422
299 437
299 439
299 470
299 473
299 480
299 499
300 49
300 53
300 66
300 70
300 93
300 105
300 127
300 129
300 163
300 178
300 200
300 205
300 266
300 275
300 282
300 294
300 301
300 304
300 307
300 337
300 354
300 406
300 429
300 452
300 478
300 487
301 31
301 45
301 60
301 76
301 99
301 121
301 153
301 162
301 166
301 173
301 205
301 216
301 229
301 236
301 242
301 246
301 248
301 267
301 280
301 300
301 328
301 341
301 348
301 350
301 367
301 395
301 417
301 446
301 468
301 475
301 478
302 58
302 60
302 63
302 71
302 200
302 234
302 242
302 257
302 296
302 297
302 313
302 323
302 331
302 380
302 385
302 453
302 455
302 495
302 497
303 17
303 34
303 49
303 86
303 110
303 124
303 137
303 153
303 227
303 277
303 289
303 367
303 368
303 416
303 421
303 430
303 470
303 478
303 481
304 39
304 49
304 55
304 67
304 81
304 121
304 134
304 158
304 179
304 204
304 230
304 241
304 259
304 264
304 276
304 299
304 300
304 339
304 377
304 470
305 19
305 31
305 59
305 89
305 117
305 123
305 145
305 154
305 193
305 196
305 217
305 231
305 237
305 266
305 296
305 318
305 362
305 366
305 370
305 452
305 453
305 477
305 494
305 497
306 33
306 100
306 173
306 174
306 233
306 238
306 276
306 332
306 355
306 378
306 400
306 404
306 409
306 415
306 442
306 445
306 465
307 8
307 25
307 71
307 106
307 125
307 169
307 184
307 214
307 215
307 229
307 236
307 268
307 269
307 300
307 321
307 323
307 402
307 412
307 467
307 482
307 494
308 7
308 13
308 17
308 22
308 40
308 61
308 80
308 82
308 83
308 87
308 122
308 136
308 169
308 215
308 270
308 280
308 292
308 298
308 317
308 325
308 347
308 358
308 379
308 383
308 449
308 462
308 469
308 479
308 483
308 496
309 19
309 57
309 77
309 106
309 137
309 148
309 154
309 156
309 163
309 167
309 179
309 180
309 229
309 269
309 322
309 329
309 384
309 425
309 484
310 29
310 73
310 82
310 113
310 217
310 223
310 254
310 289
310 294
310 314
310 336
310 338
310 342
310 350
310 351
310 362
310 365
310 374
310 375
310 413
310 472
310 480
310 496
311 3
311 9
311 22
311 32
311 44
311 52
311 75
311 89
311 96
311 161
311 188
311 223
311 237
311 238
311 262
311 320
311 334
311 337
311 349
311 350
311 360
311 367
311 400
311 423
311 469
311 483
311 488
312 30
312 65
312 114
312 120
312 163
312 186
312 194
312 200
312 216
312 221
312 233
312 249
312 252
312 264
312 313
312 366
312 414
312 437
312 444
312 495
313 11
313 26
313 42
313 68
313 106
313 109
313 114
313 117
313 145
313 154
313 160
313 177
313 190
313 206
313 216
313 227
313 258
313 273
313 302
313 312
313 333
313 388
313 389
313 408
313 427
313 431
313 435
313 472
313 474
313 475
313 476
314 3
314 25
314 39
314 44
314 46
314 54
314 76
314 91
314 108
314 128
314 146
314 149
314 161
314 177
314 180
314 205
314 209
314 212
314 213
314 227
314 231
314 263
314 286
314 296
314 298
314 310
314 326
314 347
314 359
314 370
314 371
314 395
314 396
314 478
314 488
315 1
315 40
315 67
315 79
315 89
315 110
315 120
315 175
315 181
315 206
315 210
315 236
315 241
315 256
315 272
315 274
315 276
315 278
315 321
315 347
315 360
315 370
315 373
315 385
315 396
315 399
315 423
315 457
315 467
316 26
316 49
316 80
316 110
316 146
316 148
316 155
316 166
316 192
316 201
316 210
316 227
316 254
316 283
316 290
316 298
316 333
316 351
316 353
316 359
316 374
316 388
316 461
316 475
316 476
316 484
316 488
317 39
317 42
317 86
317 87
317 94
317 108
317 151
317 175
317 192
317 202
317 207
317 239
317 242
317 245
317 254
317 270
317 295
317 296
317 308
317 358
317 387
317 418
317 450
317 472
317 493
318 17
318 23
318 68
318 73
318 114
318 145
318 178
318 221
318 248
318 274
318 283
318 285
318 293
318 305
318 330
318 332
318 333
318 343
318 348
318 382
318 406
318 429
318 441
318 445
318 456
318 467
318 474
318 487
319 5
319 18
319 23
319 65
319 75
319 111
319 118
319 160
319 166
319 168
319 193
319 206
319 246
319 257
319 337
319 343
319 348
319 350
319 364
319 467
319 472
320 0
320 41
320 82
320 100
320 131
320 136
320 164
320 190
320 223
320 248
320 252
320 253
320 311
320 324
320 344
320 409
320 422
320 436
320 450
320 469
320 481
320 485
321 6
321 20
321 25
321 37
321 51
321 73
321 93
321 126
321 141
321 175
321 183
321 195
321 203
321 214
321 217
321 226
321 243
321 258
321 270
321 294
321 307
321 315
321 322
321 335
321 390
321 408
321 437
322 14
322 87
322 105
322 115
322 120
322 122
322 154
322 202
322 242
322 258
322 274
322 275
322 309
322 321
322 327
322 331
322 375
322 396
322 428
322 430
322 431
322 440
322 446
323 0
323 73
323 75
323 78
323 100
323 124
323 188
323 192
323 221
323 266
323 270
323 276
323 298
323 302
323 307
323 334
323 362
323 364
323 407
323 445
323 449
323 482
323 483
323 491
323 492
324 11
324 26
324 50
324 51
324 70
324 74
324 94
324 109
324 160
324 168
324 176
324 208
324 215
324 221
324 224
324 229
324 234
324 236
324 241
324 249
324 258
324 274
324 320
324 338
324 355
324 372
324 383
324 407
324 424
324 445
325 77
325 130
325 145
325 171
325 187
325 190
325 199
325 200
325 225
325 235
325 279
325 287
325 308
325 367
325 374
325 389
325 394
325 421
325 422
325 436
325 456
325 464
325 465
325 490
326 5
326 36
326 64
326 66
326 81
326 107
326 127
326 161
326 174
326 183
326 189
326 190
326 205
326 232
326 234
326 258
326 289
326 295
326 314
326 344
326 395
326 397
326 413
326 424
326 459
326 482
326 486
326 495
327 13
327 27
327 28
327 40
327 45
327 137
327 142
327 150
327 168
327 184
327 187
327 200
327 216
327 224
327 227
327 230
327 260
327 266
327 298
327 299
327 322
327 333
327 342
327 357
327 426
327 427
327 436
327 443
327 475
327 483
328 11
328 16
328 26
328 33
328 35
328 41
328 133
328 142
328 144
328 190
328 226
328 273
328 282
328 292
328 299
328 301
328 360
328 362
328 366
328 367
328 369
328 408
328 426
328 456
328 464
328 469
328 470
328 490
329 42
329 48
329 50
329 53
329 62
329 79
329 91
329 136
329 147
329 211
329 219
329 266
329 296
329 309
329 335
329 365
329 387
329 388
329 394
329 398
329 407
329 412
329 439
329 474
329 481
330 7
330 45
330 54
330 97
330 150
330 155
330 157
330 164
330 197
330 201
330 246
330 260
330 276
330 284
330 318
330 362
330 383
330 404
330 415
330 469
330 485
331 2
331 8
331 18
331 21
331 63
331 89
331 90
331 109
331 112
331 170
331 216
331 224
331 226
331 240
331 279
331 302
331 322
331 353
331 410
331 413
331 424
331 440
331 442
331 453
331 454
331 463
331 465
332 24
332 35
332 39
332 46
332 52
332 56
332 64
332 83
332 131
332 167
332 174
332 181
332 187
332 211
332 231
332 241
332 246
332 254
332 257
332 269
332 306
332 318
332 337
332 355
332 376
332 381
332 394
332 425
332 476
332 495
333 0
333 12
333 60
333 84
333 99
333 110
333 114
333 144
333 161
333 178
333 189
333 213
333 245
333 269
333 275
333 294
333 313
333 316
333 318
333 327
333 336
333 345
333 348
333 386
333 395
333 416
333 456
333 459
333 483
333 494
334 24
334 52
334 56
334 84
334 114
334 141
334 151
334 160
334 174
334 176
334 180
334 187
334 191
334 255
334 271
334 273
334 311
334 323
334 366
334 381
334 390
334 443
334 473
334 480
334 488
335 27
335 99
335 109
335 159
335 287
335 292
335 321
335 329
335 351
335 378
335 379
335 391
335 420
335 430
335 455
335 482
335 491
336 52
336 62
336 65
336 73
336 126
336 131
336 140
336 148
336 150
336 160
336 167
336 178
336 201
336 202
336 217
336 228
336 229
336 234
336 248
336 287
336 289
336 291
336 292
336 298
336 310
336 333
336 348
336 402
336 416
336 430
336 447
337 9
337 15
337 30
337 37
337 38
337 80
337 154
337 162
337 168
337 173
337 187
337 200
337 226
337 300
337 311
337 319
337 332
337 339
337 378
337 381
337 388
337 415
337 416
337 427
337 461
338 18
338 27
338 39
338 47
338 48
338 73
338 95
338 112
338 141
338 148
338 182
338 186
338 196
338 202
338 245
338 258
338 310
338 324
338 359
338 368
338 375
338 410
338 412
338 416
338 423
338 448
338 498
339 20
339 44
339 49
339 96
339 106
339 112
339 127
339 133
339 134
339 139
339 146
339 156
339 170
339 215
339 240
339 259
339 268
339 273
339 304
339 337
339 362
339 373
339 378
339 427
339 447
339 468
339 472
340 32
340 33
340 50
340 64
340 66
340 91
340 132
340 139
340 155
340 161
340 177
340 188
340 200
340 206
340 217
340 219
340 346
340 348
340 367
340 373
340 386
340 403
340 414
340 450
340 451
340 487
341 7
341 11
341 24
341 28
341 70
341 80
341 90
341 142
341 145
341 151
341 157
341 196
341 202
341 246
341 252
341 263
341 301
341 374
341 393
341 425
341 432
341 444
341 479
341 483
341 486
342 6
342 31
342 39
342 42
342 56
342 57
342 84
342 125
342 133
342 159
342 184
342 187
342 201
342 252
342 292
342 310
342 327
342 349
342 372
342 379
342 401
342 423
342 427
342 447
342 458
342 468
343 10
343 27
343 51
343 52
343 58
343 62
343 95
343 120
343 123
343 131
343 135
343 141
343 196
343 207
343 208
343 223
343 268
343 286
343 287
343 298
343 318
343 319
343 348
343 355
343 370
343 377
343 430
343 440
343 460
344 8
344 54
344 68
344 87
344 104
344 133
344 175
344 198
344 214
344 219
344 222
344 268
344 288
344 320
344 326
344 351
344 375
344 380
344 426
344 430
344 452
344 455
344 477
344 491
345 4
345 7
345 12
345 18
345 50
345 73
345 89
345 94
345 98
345 122
345 131
345 137
345 155
345 201
345 215
345 271
345 296
345 333
345 348
345 387
345 390
345 406
345 418
345 434
345 452
345 460
345 466
345 469
345 481
346 95
346 105
346 131
346 139
346 164
346 172
346 212
346 244
346 294
346 296
346 340
346 364
346 379
346 407
346 436
346 438
346 439
346 456
346 467
346 481
347 12
347 40
347 56
347 97
347 100
347 132
347 134
347 155
347 165
347 193
347 202
347 231
347 237
347 271
347 274
347 286
347 308
347 314
347 315
347 376
347 394
347 395
347 430
347 432
347 491
347 496
348 59
348 62
348 91
348 102
348 109
348 111
348 134
348 170
348 178
348 208
348 218
348 238
348 249
348 282
348 292
348 301
348 318
348 319
348 333
348 336
348 340
348 343
348 345
348 372
348 410
348 436
348 445
348 451
348 459
348 463
348 497
349 7
349 13
349 16
349 31
349 89
349 101
349 122
349 129
349 141
349 156
349 158
349 173
349 175
349 186
349 196
349 223
349 293
349 311
349 342
349 373
349 395
349 418
349 447
349 457
349 495
350 22
350 64
350 72
350 96
350 119
350 124
350 140
350 164
350 172
350 175
350 201
350 216
350 243
350 250
350 253
350 272
350 301
350 310
350 311
350 319
350 379
350 397
350 414
350 429
350 460
350 473
350 498
351 13
351 14
351 26
351 29
351 43
351 56
351 69
351 122
351 127
351 144
351 148
351 155
351 212
351 221
351 232
351 239
351 245
351 254
351 267
351 272
351 273
351 283
351 299
351 310
351 316
351 335
351 344
351 393
351 445
351 488
352 48
352 57
352 74
352 107
352 118
352 124
352 126
352 143
352 194
352 232
352 237
352 253
352 278
352 296
352 353
352 356
352 364
352 392
352 395
352 411
352 417
352 438
352 449
353 17
353 37
353 76
353 88
353 93
353 95
353 125
353 138
353 172
353 206
353 227
353 234
353 247
353 250
353 286
353 287
353 316
353 331
353 352
353 355
353 370
353 390
353 455
353 466
353 480
353 485
353 487
353 491
353 494
354 15
354 18
354 44
354 64
354 106
354 146
354 192
354 197
354 198
354 199
354 206
354 209
354 241
354 270
354 292
354 300
354 359
354 406
354 432
354 434
354 438
354 454
355 74
355 76
355 85
355 87
355 101
355 178
355 182
355 227
355 246
355 248
355 262
355 268
355 282
355 306
355 324
355 332
355 343
355 353
355 356
355 385
355 402
355 404
355 414
355 421
355 427
355 431
355 442
355 473
356 15
356 32
356 60
356 91
356 95
356 103
356 113
356 158
356 186
356 203
356 211
356 265
356 283
356 352
356 355
356 392
356 410
356 429
356 455
356 457
356 474
356 487
357 56
357 63
357 66
357 68
357 71
357 80
357 92
357 98
357 129
357 134
357 156
357 171
357 184
357 242
357 251
357 259
357 299
357 327
357 366
357 411
357 445
357 447
357 471
357 484
358 40
358 51
358 57
358 64
358 73
358 90
358 102
358 105
358 190
358 197
358 204
358 215
358 278
358 282
358 308
358 317
358 360
358 366
358 368
358 387
358 395
358 399
358 457
358 465
358 470
358 498
359 1
359 14
359 29
359 56
359 112
359 115
359 162
359 223
359 259
359 261
359 273
359 291
359 314
359 316
359 338
359 354
359 375
359 499
360 5
360 35
360 42
360 47
360 93
360 99
360 101
360 132
360 135
360 151
360 161
360 201
360 214
360 252
360 255
360 265
360 278
360 279
360 287
360 311
360 315
360 328
360 358
360 371
360 408
360 419
360 457
360 495
361 4
361 14
361 27
361 45
361 76
361 79
361 114
361 115
361 202
361 217
361 245
361 273
361 284
361 391
361 398
361 460
361 486
362 4
362 62
362 69
362 70
362 75
362 78
362 87
362 109
362 116
362 138
362 146
362 169
362 204
362 210
362 224
362 245
362 278
362 296
362 298
362 305
362 310
362 323
362 328
362 330
362 339
362 372
362 377
362 379
362 386
362 394
362 397
362 408
362 445
362 458
362 478
362 495
363 9
363 27
363 37
363 47
363 76
363 78
363 105
363 136
363 167
363 190
363 195
363 196
363 222
363 231
363 234
363 291
363 299
363 368
363 426
363 441
363 459
363 471
363 475
364 28
364 39
364 49
364 59
364 70
364 94
364 110
364 118
364 144
364 155
364 197
364 212
364 229
364 258
364 272
364 277
364 291
364 319
364 323
364 346
364 352
364 367
364 373
364 396
364 398
364 430
364 433
364 441
365 8
365 14
365 23
365 67
365 118
365 135
365 151
365 161
365 199
365 211
365 249
365 269
365 290
365 310
365 329
365 442
365 457
365 463
365 470
365 471
365 499
366 9
366 18
366 29
366 35
366 39
366 58
366 85
366 86
366 108
366 120
366 145
366 151
366 173
366 174
366 186
366 201
366 222
366 226
366 231
366 234
366 255
366 272
366 295
366 305
366 312
366 328
366 334
366 357
366 358
366 380
366 382
366 384
366 410
366 428
366 436
366 450
366 456
366 459
366 460
366 474
366 487
366 495
367 4
367 20
367 30
367 49
367 59
367 65
367 96
367 120
367 146
367 152
367 157
367 160
367 192
367 200
367 205
367 223
367 232
367 246
367 253
367 277
367 289
367 301
367 303
367 311
367 325
367 328
367 340
367 364
367 380
367 382
367 453
367 476
367 482
367 490
367 497
368 32
368 39
368 68
368 87
368 101
368 135
368 147
368 155
368 170
368 186
368 191
368 203
368 217
368 287
368 303
368 338
368 358
368 363
368 406
368 454
368 456
368 457
368 459
368 461
369 3
369 5
369 22
369 65
369 107
369 129
369 146
369 153
369 156
369 162
369 178
369 182
369 214
369 261
369 328
369 370
369 381
369 424
369 449
369 471
369 493
370 8
370 18
370 29
370 33
370 49
370 76
370 87
370 126
370 145
370 171
370 182
370 191
370 234
370 278
370 283
370 305
370 314
370 315
370 343
370 353
370 369
370 372
370 419
370 430
370 447
370 453
370 472
370 490
371 24
371 27
371 30
371 76
371 91
371 117
371 145
371 146
371 161
371 193
371 196
371 204
371 263
371 265
371 267
371 276
371 290
371 314
371 360
371 393
371 415
371 465
371 483
371 487
371 498
372 14
372 61
372 63
372 85
372 90
372 104
372 107
372 114
372 121
372 191
372 200
372 211
372 226
372 270
372 324
372 342
372 348
372 362
372 370
372 398
372 405
372 406
372 408
372 417
372 436
373 3
373 8
373 12
373 37
373 57
373 60
373 63
373 85
373 92
373 98
373 189
373 190
373 195
373 197
373 212
373 269
373 279
373 293
373 315
373 339
373 340
373 349
373 364
373 387
373 395
373 418
373 419
373 421
373 491
374 30
374 41
374 57
374 97
374 99
374 101
374 118
374 121
374 129
374 151
374 171
374 186
374 267
374 279
374 296
374 310
374 316
374 325
374 341
374 375
374 382
374 415
374 437
374 438
374 447
374 464
374 476
375 19
375 29
375 42
375 60
375 79
375 81
375 114
375 149
375 177
375 179
375 206
375 214
375 221
375 240
375 264
375 279
375 291
375 297
375 310
375 322
375 338
375 344
375 359
375 374
375 419
375 430
375 446
375 487
376 0
376 2
376 14
376 30
376 48
376 104
376 138
376 151
376 159
376 166
376 206
376 209
376 225
376 332
376 347
376 397
376 430
376 439
376 448
376 464
376 495
377 99
377 104
377 137
377 159
377 200
377 224
377 242
377 249
377 267
377 271
377 292
377 293
377 294
377 304
377 343
377 362
377 383
377 386
377 387
377 416
377 428
377 461
377 483
378 0
378 4
378 6
378 8
378 28
378 31
378 59
378 130
378 134
378 160
378 171
378 191
378 218
378 245
378 253
378 259
378 272
378 306
378 335
378 337
378 339
378 395
378 399
378 424
378 440
378 461
378 478
378 488
378 492
379 24
379 32
379 50
379 56
379 62
379 78
379 105
379 116
379 120
379 123
379 178
379 192
379 212
379 258
379 278
379 308
379 335
379 342
379 346
379 350
379 362
379 383
379 405
379 449
379 470
379 475
380 31
380 35
380 50
380 52
380 59
380 77
380 104
380 153
380 172
380 183
380 194
380 198
380 207
380 262
380 266
380 270
380 273
380 290
380 302
380 344
380 366
380 367
380 381
380 386
380 411
380 446
381 36
381 42
381 43
381 73
381 77
381 85
381 112
381 123
381 129
381 173
381 229
381 242
381 249
381 280
381 332
381 334
381 337
381 369
381 380
381 414
381 416
381 470
381 476
381 479
382 4
382 5
382 45
382 58
382 65
382 95
382 101
382 105
382 116
382 134
382 165
382 177
382 182
382 187
382 205
382 318
382 366
382 367
382 374
382 387
382 392
382 423
382 440
382 445
382 454
382 480
382 490
382 491
382 496
383 1
383 19
383 50
383 78
383 87
383 93
383 109
383 111
383 114
383 126
383 135
383 149
383 162
383 176
383 198
383 203
383 223
383 224
383 267
383 287
383 308
383 324
383 330
383 377
383 379
383 471
384 10
384 48
384 56
384 68
384 88
384 121
384 156
384 178
384 203
384 238
384 255
384 262
384 271
384 282
384 290
384 309
384 366
384 393
384 425
384 437
384 441
384 459
384 486
385 4
385 22
385 56
385 81
385 106
385 116
385 155
385 159
385 206
385 230
385 264
385 268
385 279
385 282
385 285
385 286
385 296
385 302
385 315
385 355
385 397
385 402
385 442
385 471
385 483
386 50
386 117
386 163
386 186
386 262
386 273
386 289
386 333
386 340
386 362
386 377
386 380
386 425
386 450
386 464
386 469
386 478
386 484
387 10
387 17
387 30
387 33
387 99
387 120
387 125
387 155
387 157
387 161
387 163
387 180
387 230
387 261
387 269
387 271
387 277
387 278
387 317
387 329
387 345
387 358
387 373
387 377
387 382
387 400
387 427
387 456
387 458
387 464
387 468
387 495
387 496
388 6
388 59
388 72
388 112
388 161
388 184
388 187
388 216
388 220
388 221
388 313
388 316
388 329
388 337
388 414
388 415
388 423
388 430
388 445
388 461
388 487
389 32
389 41
389 72
389 95
389 126
389 143
389 153
389 171
389 186
389 189
389 211
389 215
389 220
389 221
389 247
389 262
389 266
389 313
389 325
389 463
389 499
390 12
390 79
390 111
390 143
390 161
390 170
390 183
390 185
390 190
390 198
390 219
390 249
390 252
390 273
390 321
390 334
390 345
390 353
390 400
390 409
390 441
390 443
390 467
390 482
390 483
390 495
391 16
391 27
391 52
391 54
391 63
391 69
391 102
391 121
391 137
391 178
391 184
391 216
391 238
391 259
391 288
391 335
391 361
391 400
391 430
391 443
391 444
391 454
391 458
391 461
391 470
391 490
392 9
392 12
392 17
392 20
392 58
392 79
392 80
392 92
392 108
392 139
392 147
392 207
392 219
392 228
392 231
392 252
392 256
392 259
392 352
392 356
392 382
392 396
392 412
392 430
392 484
393 35
393 49
393 90
393 103
393 105
393 106
393 107
393 117
393 119
393 143
393 158
393 162
393 170
393 218
393 274
393 341
393 351
393 371
393 384
393 402
393 406
393 411
393 414
393 431
393 442
393 473
393 475
393 476
393 482
394 7
394 10
394 14
394 25
394 67
394 74
394 76
394 80
394 121
394 149
394 171
394 211
394 218
394 248
394 285
394 325
394 329
394 332
394 347
394 362
394 407
394 413
394 438
394 457
394 458
395 24
395 36
395 43
395 60
395 74
395 99
395 110
395 115
395 136
395 150
395 167
395 184
395 204
395 241
395 251
395 281
395 299
395 301
395 314
395 326
395 333
395 347
395 349
395 352
395 358
395 373
395 378
395 400
395 401
395 483
395 486
396 26
396 47
396 84
396 109
396 142
396 150
396 205
396 209
396 250
396 260
396 314
396 315
396 322
396 364
396 392
396 427
396 429
396 483
397 20
397 40
397 60
397 66
397 85
397 103
397 113
397 117
397 178
397 180
397 207
397 251
397 258
397 265
397 279
397 281
397 326
397 350
397 362
397 376
397 385
397 402
397 412
397 452
398 7
398 97
398 181
398 202
398 211
398 229
398 250
398 256
398 277
398 329
398 361
398 364
398 372
398 407
398 428
398 440
399 7
399 16
399 30
399 63
399 72
399 77
399 125
399 127
399 165
399 177
399 189
399 234
399 253
399 258
399 290
399 315
399 358
399 378
399 437
399 452
399 496
400 11
400 58
400 63
400 68
400 84
400 109
400 119
400 134
400 151
400 211
400 237
400 278
400 306
400 311
400 387
400 390
400 391
400 395
400 426
400 428
400 429
400 433
400 473
401 56
401 61
401 83
401 88
401 98
401 100
401 131
401 210
401 242
401 250
401 253
401 267
401 275
401 284
401 292
401 295
401 342
401 395
401 429
401 483
401 484
402 2
402 12
402 27
402 93
402 95
402 116
402 134
402 137
402 142
402 152
402 171
402 207
402 222
402 230
402 268
402 275
402 291
402 293
402 295
402 299
402 307
402 336
402 355
402 385
402 393
402 397
402 405
402 436
402 457
403 6
403 26
403 40
403 64
403 69
403 71
403 82
403 90
403 100
403 106
403 120
403 142
403 153
403 164
403 171
403 175
403 236
403 237
403 264
403 276
403 277
403 295
403 340
403 409
403 410
403 412
403 428
403 453
403 496
404 33
404 49
404 51
404 99
404 157
404 160
404 164
404 193
404 195
404 216
404 218
404 223
404 225
404 306
404 330
404 355
404 410
404 417
404 450
404 461
404 470
405 10
405 41
405 45
405 67
405 72
405 102
405 170
405 171
405 173
405 179
405 198
405 229
405 234
405 236
405 280
405 372
405 379
405 402
405 441
405 487
405 491
405 496
406 12
406 17
406 22
406 80
406 83
406 102
406 103
406 119
406 140
406 145
406 157
406 162
406 190
406 207
406 211
406 220
406 234
406 257
406 285
406 286
406 300
406 318
406 345
406 354
406 368
406 372
406 393
406 409
406 426
406 471
407 3
407 30
407 32
407 93
407 100
407 156
407 184
407 192
407 195
407 231
407 247
407 262
407 285
407 323
407 324
407 329
407 346
407 394
407 398
407 426
407 457
407 459
407 467
407 478
407 499
408 30
408 71
408 78
408 116
408 127
408 160
408 240
408 249
408 251
408 268
408 280
408 295
408 313
408 321
408 328
408 360
408 362
408 372
408 410
408 413
408 414
408 491
408 499
409 7
409 9
409 23
409 45
409 55
409 70
409 158
409 172
409 231
409 235
409 263
409 268
409 273
409 306
409 320
409 390
409 403
409 406
409 430
409 439
409 449
409 497
410 22
410 25
410 38
410 114
410 124
410 177
410 188
410 196
410 215
410 221
410 226
410 235
410 246
410 250
410 252
410 275
410 331
410 338
410 348
410 356
410 366
410 403
410 404
410 408
410 437
410 446
410 459
410 465
410 468
411 6
411 16
411 32
411 60
411 63
411 64
411 93
411 241
411 250
411 260
411 283
411 298
411 352
411 357
411 380
411 393
411 420
411 472
411 483
411 489
411 490
411 491
412 50
412 95
412 102
412 118
412 145
412 148
412 151
412 156
412 228
412 239
412 258
412 270
412 271
412 273
412 307
412 329
412 338
412 392
412 397
412 403
412 423
412 429
412 439
412 455
412 467
412 471
412 484
413 1
413 9
413 23
413 106
413 111
413 114
413 137
413 148
413 151
413 217
413 243
413 285
413 286
413 287
413 310
413 326
413 331
413 394
413 408
413 417
413 448
413 451
413 467
413 469
414 4
414 20
414 23
414 26
414 39
414 84
414 98
414 124
414 127
414 148
414 252
414 253
414 271
414 312
414 340
414 350
414 355
414 381
414 388
414 393
414 408
414 423
414 443
414 444
414 454
414 455
414 466
414 491
414 499
415 49
415 51
415 73
415 105
415 126
415 157
415 196
415 197
415 230
415 260
415 298
415 306
415 330
415 337
415 371
415 374
415 388
415 429
415 437
415 448
415 449
415 454
415 455
415 481
416 54
416 72
416 77
416 93
416 98
416 160
416 165
416 193
416 197
416 208
416 234
416 272
416 280
416 284
416 299
416 303
416 333
416 336
416 337
416 338
416 377
416 381
417 15
417 22
417 60
417 63
417 74
417 78
417 93
417 152
417 158
417 163
417 181
417 196
417 202
417 207
417 233
417 234
417 239
417 270
417 298
417 301
417 352
417 372
417 404
417 413
417 426
417 440
417 459
417 460
417 466
417 485
418 3
418 17
418 43
418 46
418 56
418 79
418 93
418 102
418 111
418 137
418 140
418 145
418 149
418 170
418 201
418 211
418 226
418 265
418 282
418 317
418 345
418 349
418 373
418 421
418 441
418 449
418 491
419 31
419 34
419 41
419 46
419 69
419 90
419 93
419 130
419 146
419 148
419 152
419 165
419 180
419 191
419 202
419 207
419 245
419 252
419 281
419 289
419 360
419 370
419 373
419 375
420 19
420 21
420 51
420 61
420 63
420 66
420 86
420 134
420 139
420 161
420 188
420 221
420 264
420 285
420 299
420 335
420 411
420 465
421 1
421 146
421 177
421 190
421 217
421 231
421 233
421 249
421 255
421 271
421 288
421 303
421 325
421 355
421 373
421 418
421 436
421 438
421 454
421 488
421 494
422 7
422 30
422 58
422 102
422 122
422 161
422 176
422 206
422 225
422 232
422 249
422 299
422 320
422 325
422 451
422 461
422 462
422 464
422 493
423 0
423 10
423 29
423 44
423 54
423 70
423 76
423 144
423 169
423 178
423 243
423 311
423 315
423 338
423 342
423 382
423 388
423 412
423 414
423 436
423 483
423 493
423 499
424 22
424 28
424 48
424 54
424 84
424 126
424 133
424 158
424 160
424 164
424 215
424 226
424 245
424 297
424 324
424 326
424 331
424 369
424 378
424 448
424 479
424 496
425 32
425 34
425 36
425 67
425 123
425 149
425 173
425 186
425 191
425 214
425 216
425 238
425 243
425 244
425 309
425 332
425 341
425 384
425 386
425 449
426 13
426 24
426 39
426 52
426 67
426 69
426 103
426 118
426 128
426 152
426 165
426 170
426 256
426 257
426 261
426 327
426 328
426 344
426 363
426 400
426 406
426 407
426 417
426 434
426 443
426 472
426 490
427 17
427 22
427 34
427 43
427 58
427 100
427 125
427 132
427 134
427 145
427 168
427 197
427 216
427 228
427 240
427 282
427 285
427 313
427 327
427 337
427 339
427 342
427 355
427 387
427 396
427 453
427 479
428 56
428 60
428 65
428 99
428 116
428 128
428 157
428 174
428 230
428 243
428 280
428 287
428 290
428 322
428 366
428 377
428 398
428 400
428 403
428 446
428 457
428 463
428 470
429 0
429 24
429 27
429 49
429 70
429 76
429 82
429 89
429 96
429 101
429 142
429 145
429 168
429 183
429 186
429 189
429 195
429 215
429 221
429 257
429 286
429 300
429 318
429 350
429 356
429 396
429 400
429 401
429 412
429 415
429 444
429 486
430 41
430 48
430 84
430 85
430 110
430 128
430 137
430 165
430 169
430 175
430 191
430 212
430 218
430 237
430 249
430 263
430 276
430 303
430 322
430 335
430 336
430 343
430 344
430 347
430 364
430 370
430 375
430 376
430 388
430 391
430 392
430 409
430 431
430 432
430 469
431 8
431 49
431 100
431 106
431 149
431 153
431 173
431 222
431 223
431 229
431 247
431 260
431 282
431 313
431 322
431 355
431 393
431 430
431 441
431 454
431 461
431 467
431 492
432 63
432 95
432 110
432 126
432 151
432 198
432 201
432 216
432 273
432 291
432 341
432 347
432 354
432 430
432 442
433 0
433 33
433 62
433 73
433 88
433 95
433 108
433 182
433 212
433 220
433 224
433 225
433 226
433 235
433 238
433 292
433 364
433 400
433 481
433 487
434 0
434 29
434 41
434 50
434 78
434 79
434 90
434 126
434 157
434 200
434 218
434 238
434 345
434 354
434 426
434 435
434 450
434 496
435 7
435 16
435 124
435 126
435 202
435 217
435 245
435 259
435 292
435 313
435 434
435 483
435 490
436 14
436 16
436 20
436 35
436 46
436 60
436 95
436 151
436 156
436 166
436 182
436 203
436 205
436 224
436 256
436 291
436 320
436 325
436 327
436 346
436 348
436 366
436 372
436 402
436 421
436 423
436 438
436 464
436 486
437 3
437 7
437 18
437 20
437 28
437 39
437 49
437 59
437 91
437 115
437 125
437 138
437 158
437 184
437 232
437 245
437 266
437 294
437 297
437 299
437 312
437 321
437 374
437 384
437 399
437 410
437 415
438 43
438 51
438 70
438 92
438 115
438 122
438 147
438 197
438 255
438 267
438 278
438 286
438 288
438 295
438 346
438 352
438 354
438 374
438 394
438 421
438 436
438 443
438 447
438 464
438 499
439 28
439 37
439 39
439 55
439 92
439 103
439 112
439 116
439 119
439 138
439 156
439 175
439 178
439 179
439 238
439 277
439 297
439 299
439 329
439 346
439 376
439 409
439 412
439 451
439 456
439 483
439 497
440 2
440 34
440 45
440 63
440 77
440 128
440 136
440 149
440 184
440 187
440 212
440 228
440 235
440 253
440 264
440 276
440 322
440 331
440 343
440 378
440 382
440 398
440 417
440 448
440 459
440 475
440 483
441 53
441 60
441 65
441 69
441 107
441 134
441 153
441 178
441 179
441 197
441 223
441 257
441 318
441 363
441 364
441 384
441 390
441 405
441 418
441 431
441 442
441 443
441 449
441 453
441 477
442 5
442 38
442 60
442 75
442 90
442 101
442 120
442 138
442 150
442 167
442 188
442 197
442 240
442 248
442 250
442 256
442 306
442 331
442 355
442 365
442 385
442 393
442 432
442 441
442 466
442 497
443 12
443 13
443 25
443 35
443 43
443 53
443 77
443 90
443 92
443 114
443 116
443 117
443 138
443 191
443 240
443 254
443 282
443 283
443 290
443 327
443 334
443 390
443 391
443 414
443 426
443 438
443 441
443 446
443 463
443 471
444 3
444 25
444 29
444 57
444 64
444 84
444 97
444 107
444 130
444 213
444 230
444 258
444 312
444 341
444 391
444 414
444 429
444 455
444 459
444 479
444 487
444 492
444 494
445 5
445 23
445 48
445 83
445 121
445 163
445 169
445 179
445 186
445 211
445 229
445 247
445 262
445 263
445 271
445 274
445 306
445 318
445 323
445 324
445 348
445 351
445 357
445 362
445 382
445 388
445 475
446 46
446 117
446 139
446 160
446 165
446 174
446 207
446 215
446 230
446 235
446 254
446 301
446 322
446 375
446 380
446 410
446 428
446 443
446 452
446 453
446 478
446 488
447 10
447 25
447 26
447 29
447 43
447 48
447 99
447 129
447 178
447 180
447 191
447 248
447 254
447 261
447 297
447 336
447 339
447 342
447 349
447 357
447 370
447 374
447 438
447 464
447 465
447 476
447 478
448 3
448 32
448 33
448 35
448 52
448 73
448 75
448 137
448 198
448 215
448 216
448 229
448 234
448 240
448 257
448 338
448 376
448 413
448 415
448 424
448 440
448 462
448 474
448 475
448 484
448 492
449 0
449 11
449 12
449 25
449 33
449 61
449 91
449 101
449 107
449 112
449 147
449 204
449 238
449 254
449 256
449 267
449 290
449 308
449 323
449 352
449 369
449 379
449 409
449 415
449 418
449 425
449 441
449 477
449 481
450 28
450 35
450 37
450 38
450 63
450 64
450 69
450 71
450 73
450 103
450 104
450 140
450 154
450 158
450 197
450 238
450 254
450 269
450 278
450 287
450 317
450 320
450 340
450 366
450 386
450 404
450 434
450 459
450 467
450 481
450 486
450 498
451 58
451 61
451 63
451 71
451 73
451 122
451 146
451 159
451 168
451 196
451 200
451 214
451 221
451 235
451 239
451 242
451 266
451 340
451 348
451 413
451 422
451 439
452 11
452 12
452 27
452 64
452 77
452 85
452 153
452 155
452 203
452 289
452 300
452 305
452 344
452 345
452 397
452 399
452 446
452 463
452 466
452 499
453 29
453 34
453 78
453 84
453 88
453 95
453 106
453 107
453 108
453 138
453 156
453 173
453 185
453 188
453 224
453 225
453 227
453 273
453 283
453 302
453 305
453 331
453 367
453 370
453 403
453 427
453 441
453 446
453 457
453 459
453 476
454 27
454 50
454 65
454 73
454 97
454 105
454 114
454 140
454 180
454 182
454 186
454 197
454 214
454 226
454 270
454 282
454 286
454 331
454 354
454 368
454 382
454 391
454 414
454 415
454 421
454 431
454 469
455 11
455 23
455 54
455 79
455 82
455 107
455 117
455 144
455 145
455 152
455 196
455 220
455 235
455 264
455 283
455 302
455 335
455 344
455 353
455 356
455 412
455 414
455 415
455 444
455 488
456 3
456 8
456 42
456 81
456 82
456 92
456 108
456 127
456 128
456 147
456 221
456 224
456 238
456 279
456 295
456 318
456 325
456 328
456 333
456 346
456 366
456 368
456 387
456 439
456 461
456 488
456 499
457 27
457 32
457 46
457 54
457 60
457 65
457 78
457 79
457 95
457 98
457 101
457 107
457 115
457 150
457 153
457 154
457 163
457 166
457 173
457 192
457 212
457 222
457 278
457 315
457 349
457 356
457 358
457 360
457 365
457 368
457 394
457 402
457 407
457 428
457 453
457 462
458 5
458 44
458 69
458 74
458 81
458 150
458 178
458 203
458 208
458 216
458 221
458 235
458 237
458 258
458 269
458 284
458 342
458 362
458 387
458 391
458 394
458 467
458 486
458 498
459 2
459 11
459 22
459 37
459 188
459 203
459 248
459 326
459 333
459 348
459 363
459 366
459 368
459 384
459 407
459 410
459 417
459 440
459 444
459 450
459 453
459 490
460 2
460 38
460 39
460 47
460 80
460 91
460 102
460 109
460 136
460 156
460 168
460 174
460 199
460 203
460 229
460 244
460 259
460 279
460 298
460 343
460 345
460 350
460 361
460 366
460 417
460 462
460 470
460 494
461 7
461 48
461 57
461 67
461 72
461 73
461 110
461 142
461 163
461 166
461 239
461 260
461 267
461 278
461 316
461 337
461 368
461 377
461 378
461 388
461 391
461 404
461 422
461 431
461 456
461 481
462 5
462 17
462 40
462 59
462 99
462 153
462 176
462 181
462 196
462 205
462 211
462 212
462 223
462 252
462 257
462 284
462 308
462 422
462 448
462 457
462 460
463 1
463 65
463 81
463 84
463 93
463 101
463 111
463 131
463 173
463 176
463 183
463 204
463 225
463 232
463 245
463 257
463 264
463 286
463 331
463 348
463 365
463 389
463 428
463 443
463 452
464 18
464 86
464 107
464 118
464 122
464 136
464 141
464 149
464 157
464 165
464 183
464 192
464 216
464 238
464 239
464 242
464 256
464 292
464 325
464 328
464 374
464 376
464 386
464 387
464 422
464 436
464 438
464 447
464 476
464 483
465 41
465 61
465 87
465 112
465 130
465 136
465 137
465 152
465 166
465 195
465 230
465 246
465 288
465 296
465 306
465 325
465 331
465 358
465 371
465 410
465 420
465 447
465 468
465 489
465 495
465 497
466 0
466 1
466 4
466 28
466 42
466 55
466 62
466 125
466 139
466 149
466 155
466 192
466 203
466 209
466 221
466 226
466 248
466 249
466 253
466 254
466 257
466 276
466 345
466 353
466 414
466 417
466 442
466 452
467 5
467 45
467 56
467 68
467 95
467 140
467 171
467 193
467 194
467 208
467 216
467 217
467 220
467 249
467 273
467 282
467 290
467 295
467 307
467 315
467 318
467 319
467 346
467 390
467 407
467 412
467 413
467 431
467 450
467 458
467 475
467 494
468 27
468 161
468 170
468 199
468 231
468 233
468 239
468 256
468 264
468 301
468 339
468 342
468 387
468 410
468 465
468 492
469 47
469 60
469 80
469 91
469 112
469 183
469 198
469 218
469 240
469 241
469 256
469 261
469 308
469 311
469 320
469 328
469 330
469 345
469 386
469 413
469 430
469 454
469 471
469 475
469 481
469 492
470 22
470 39
470 149
470 162
470 167
470 207
470 208
470 266
470 299
470 303
470 304
470 328
470 358
470 365
470 379
470 381
470 391
470 404
470 428
470 460
471 13
471 40
471 48
471 59
471 60
471 82
471 88
471 91
471 115
471 116
471 166
471 172
471 187
471 195
471 205
471 219
471 238
471 258
471 294
471 296
471 357
471 363
471 365
471 369
471 383
471 385
471 406
471 412
471 443
471 469
472 11
472 26
472 57
472 69
472 107
472 124
472 125
472 178
472 221
472 232
472 240
472 276
472 292
472 298
472 310
472 313
472 317
472 319
472 339
472 370
472 411
472 426
472 483
472 487
473 21
473 40
473 43
473 59
473 69
473 78
473 116
473 139
473 154
473 193
473 211
473 233
473 250
473 257
473 293
473 298
473 299
473 334
473 350
473 355
473 393
473 400
473 486
474 19
474 20
474 40
474 61
474 72
474 76
474 95
474 100
474 134
474 153
474 263
474 313
474 318
474 329
474 356
474 366
474 448
474 488
474 489
474 493
474 499
475 24
475 58
475 60
475 114
475 156
475 162
475 176
475 264
475 301
475 313
475 316
475 327
475 363
475 379
475 393
475 440
475 445
475 448
475 467
475 469
475 478
476 0
476 15
476 27
476 34
476 35
476 61
476 109
476 119
476 134
476 149
476 172
476 187
476 192
476 199
476 213
476 258
476 261
476 268
476 288
476 313
476 316
476 332
476 367
476 374
476 381
476 393
476 447
476 453
476 464
476 489
477 7
477 34
477 64
477 65
477 87
477 96
477 111
477 129
477 139
477 165
477 166
477 199
477 217
477 236
477 267
477 269
477 305
477 344
477 441
477 449
477 478
477 494
478 4
478 65
478 98
478 125
478 139
478 148
478 166
478 171
478 185
478 227
478 242
478 244
478 247
478 267
478 281
478 287
478 292
478 300
478 301
478 303
478 314
478 362
478 378
478 386
478 407
478 446
478 447
478 475
478 477
478 485
479 1
479 12
479 14
479 18
479 27
479 50
479 62
479 97
479 117
479 171
479 174
479 177
479 178
479 180
479 191
479 202
479 233
479 254
479 286
479 308
479 341
479 381
479 424
479 427
479 444
479 480
479 494
480 19
480 27
480 105
480 107
480 117
480 223
480 252
480 262
480 293
480 295
480 299
480 310
480 334
480 353
480 382
480 479
480 490
481 37
481 65
481 66
481 78
481 148
481 214
481 216
481 223
481 225
481 238
481 292
481 303
481 320
481 329
481 345
481 346
481 415
481 433
481 449
481 450
481 461
481 469
482 37
482 41
482 74
482 111
482 151
482 170
482 174
482 175
482 182
482 219
482 230
482 243
482 273
482 288
482 307
482 323
482 326
482 335
482 367
482 390
482 393
482 483
483 13
483 21
483 30
483 39
483 52
483 74
483 79
483 94
483 117
483 130
483 132
483 154
483 167
483 210
483 256
483 259
483 263
483 294
483 308
483 311
483 323
483 327
483 333
483 341
483 371
483 377
483 385
483 390
483 395
483 396
483 401
483 411
483 423
483 435
483 439
483 440
483 464
483 472
483 482
483 488
484 67
484 112
484 128
484 166
484 194
484 202
484 236
484 267
484 284
484 309
484 316
484 357
484 386
484 392
484 401
484 412
484 448
485 18
485 31
485 50
485 80
485 120
485 135
485 174
485 182
485 274
485 281
485 284
485 292
485 297
485 320
485 330
485 353
485 417
485 478
485 487
485 491
486 25
486 38
486 67
486 122
486 201
486 245
486 284
486 297
486 326
486 341
486 361
486 384
486 395
486 429
486 436
486 450
486 458
486 473
486 487
487 4
487 23
487 29
487 42
487 46
487 127
487 143
487 148
487 173
487 208
487 222
487 241
487 277
487 292
487 295
487 300
487 318
487 340
487 353
487 356
487 366
487 371
487 375
487 388
487 405
487 433
487 444
487 472
487 485
487 486
487 497
488 6
488 47
488 53
488 68
488 105
488 160
488 165
488 178
488 200
488 237
488 252
488 311
488 314
488 316
488 334
488 351
488 378
488 421
488 446
488 455
488 456
488 474
488 483
489 19
489 62
489 132
489 168
489 172
489 284
489 295
489 411
489 465
489 474
489 476
489 497
490 6
490 8
490 110
490 124
490 140
490 194
490 202
490 219
490 266
490 274
490 325
490 328
490 367
490 370
490 382
490 391
490 411
490 426
490 435
490 459
490 480
490 492
491 49
491 56
491 57
491 88
491 115
491 121
491 123
491 147
491 149
491 165
491 178
491 192
491 200
491 218
491 222
491 237
491 275
491 288
491 323
491 335
491 344
491 347
491 353
491 373
491 382
491 405
491 408
491 411
491 414
491 418
491 485
491 494
492 16
492 48
492 53
492 73
492 76
492 95
492 101
492 103
492 139
492 146
492 175
492 187
492 225
492 226
492 241
492 244
492 323
492 378
492 431
492 444
492 448
492 468
492 469
492 490
492 498
493 5
493 12
493 14
493 15
493 19
493 62
493 64
493 76
493 117
493 160
493 175
493 183
493 233
493 247
493 257
493 258
493 262
493 271
493 276
493 317
493 369
493 422
493 423
493 474
494 1
494 10
494 45
494 61
494 67
494 82
494 106
494 110
494 115
494 124
494 134
494 184
494 202
494 208
494 218
494 235
494 275
494 295
494 305
494 307
494 333
494 353
494 421
494 444
494 460
494 467
494 477
494 479
494 491
495 9
495 19
495 21
495 41
495 68
495 71
495 111
495 112
495 150
495 156
495 195
495 200
495 260
495 280
495 291
495 293
495 302
495 312
495 326
495 332
495 349
495 360
495 362
495 366
495 376
495 387
495 390
495 465
496 20
496 78
496 108
496 130
496 135
496 138
496 146
496 151
496 153
496 167
496 173
496 190
496 202
496 209
496 212
496 213
496 258
496 269
496 283
496 293
496 295
496 308
496 310
496 347
496 382
496 387
496 399
496 403
496 405
496 424
496 434
496 499
497 19
497 20
497 29
497 56
497 109
497 136
497 154
497 156
497 169
497 187
497 211
497 216
497 246
497 249
497 302
497 305
497 348
497 367
497 409
497 439
497 442
497 465
497 487
497 489
498 2
498 5
498 22
498 42
498 98
498 103
498 117
498 120
498 196
498 231
498 243
498 247
498 289
498 338
498 350
498 358
498 371
498 450
498 458
498 492
499 20
499 22
499 57
499 59
499 135
499 246
499 286
499 291
499 292
499 299
499 359
499 365
499 389
499 407
499 408
499 414
499 423
499 438
499 452
499 456
499 474
499 496