200 4074
0 3
0 5
0 8
0 11
0 16
0 18
0 25
0 30
0 35
0 38
0 41
0 44
0 46
0 50
0 51
0 53
0 54
0 60
0 62
0 65
0 68
0 72
0 77
0 82
0 90
0 97
0 99
0 101
0 116
0 119
0 121
0 125
0 126
0 132
0 134
0 135
0 138
0 144
0 149
0 150
0 152
0 154
0 157
0 158
0 162
0 167
0 174
0 180
0 185
0 194
0 199
1 2
1 4
1 5
1 9
1 13
1 19
1 23
1 25
1 26
1 38
1 41
1 42
1 44
1 49
1 60
1 74
1 77
1 79
1 82
1 93
1 100
1 104
1 105
1 107
1 108
1 109
1 110
1 117
1 123
1 127
1 129
1 136
1 146
1 147
1 150
1 151
1 164
1 173
1 178
1 184
1 185
1 191
1 193
1 198
1 199
2 1
2 3
2 5
2 12
2 18
2 21
2 28
2 29
2 30
2 35
2 37
2 40
2 48
2 51
2 52
2 58
2 62
2 72
2 80
2 87
2 91
2 96
2 103
2 104
2 106
2 107
2 114
2 118
2 121
2 134
2 138
2 142
2 148
2 151
2 155
2 156
2 164
2 178
2 183
2 188
2 194
2 196
2 197
2 199
3 0
3 2
3 22
3 23
3 25
3 32
3 37
3 38
3 49
3 50
3 53
3 55
3 57
3 60
3 61
3 63
3 71
3 79
3 87
3 89
3 91
3 92
3 94
3 98
3 100
3 109
3 111
3 113
3 121
3 122
3 130
3 135
3 136
3 137
3 145
3 157
3 159
3 162
3 172
3 173
3 174
3 175
3 178
3 186
3 189
3 190
3 197
3 198
4 1
4 6
4 9
4 11
4 12
4 23
4 24
4 25
4 40
4 51
4 52
4 56
4 57
4 66
4 67
4 68
4 69
4 79
4 80
4 89
4 93
4 94
4 95
4 98
4 104
4 112
4 116
4 118
4 119
4 120
4 122
4 124
4 132
4 133
4 137
4 141
4 143
4 144
4 151
4 155
4 158
4 161
4 164
4 167
4 175
4 179
4 186
4 189
4 191
5 0
5 1
5 2
5 8
5 13
5 16
5 32
5 36
5 40
5 44
5 47
5 49
5 50
5 56
5 60
5 63
5 72
5 73
5 75
5 82
5 104
5 110
5 130
5 142
5 146
5 148
5 149
5 156
5 158
5 163
5 176
5 178
5 197
6 4
6 7
6 14
6 34
6 35
6 36
6 41
6 48
6 50
6 51
6 55
6 56
6 66
6 75
6 78
6 82
6 84
6 87
6 91
6 92
6 99
6 104
6 108
6 109
6 118
6 119
6 120
6 149
6 152
6 166
6 171
6 174
6 177
6 178
6 181
6 192
7 6
7 10
7 19
7 25
7 27
7 30
7 34
7 41
7 44
7 47
7 52
7 60
7 63
7 66
7 72
7 83
7 86
7 93
7 101
7 107
7 114
7 115
7 120
7 123
7 127
7 141
7 142
7 171
7 177
7 180
7 184
7 189
8 0
8 5
8 13
8 17
8 26
8 37
8 38
8 40
8 47
8 49
8 52
8 53
8 58
8 64
8 69
8 76
8 77
8 86
8 87
8 92
8 110
8 113
8 114
8 116
8 118
8 119
8 126
8 129
8 133
8 137
8 148
8 150
8 156
8 165
8 168
8 174
8 182
8 183
8 198
9 1
9 4
9 14
9 31
9 34
9 42
9 45
9 47
9 54
9 60
9 67
9 70
9 71
9 80
9 88
9 89
9 94
9 96
9 99
9 100
9 101
9 105
9 113
9 116
9 132
9 137
9 156
9 165
9 168
9 177
9 182
9 185
9 188
9 191
9 196
9 199
10 7
10 19
10 20
10 22
10 24
10 32
10 39
10 42
10 49
10 50
10 55
10 58
10 76
10 83
10 85
10 86
10 87
10 89
10 91
10 93
10 94
10 99
10 106
10 108
10 110
10 120
10 122
10 125
10 128
10 134
10 145
10 149
10 160
10 164
10 174
10 178
10 181
10 183
10 188
10 191
11 0
11 4
11 12
11 13
11 17
11 19
11 20
11 28
11 30
11 45
11 52
11 55
11 69
11 74
11 76
11 77
11 81
11 100
11 103
11 110
11 111
11 112
11 113
11 114
11 115
11 121
11 122
11 126
11 131
11 134
11 135
11 136
11 138
11 146
11 147
11 154
11 155
11 161
11 165
11 169
11 175
11 179
11 183
11 186
11 189
11 192
11 199
12 2
12 4
12 11
12 16
12 18
12 23
12 33
12 36
12 41
12 44
12 50
12 54
12 60
12 69
12 74
12 77
12 78
12 86
12 98
12 100
12 103
12 108
12 116
12 121
12 134
12 135
12 142
12 143
12 146
12 151
12 152
12 154
12 158
12 160
12 167
12 169
12 170
12 180
12 181
12 188
12 189
12 190
12 191
12 197
13 1
13 5
13 8
13 11
13 15
13 19
13 22
13 23
13 29
13 37
13 42
13 44
13 53
13 56
13 63
13 65
13 66
13 68
13 69
13 72
13 75
13 80
13 81
13 84
13 88
13 89
13 97
13 106
13 113
13 116
13 119
13 134
13 142
13 144
13 147
13 161
13 168
13 169
13 180
13 182
13 184
13 192
13 193
13 196
13 198
14 6
14 9
14 21
14 25
14 34
14 36
14 37
14 40
14 41
14 42
14 45
14 51
14 58
14 60
14 62
14 70
14 71
14 84
14 92
14 102
14 108
14 115
14 116
14 124
14 128
14 129
14 132
14 135
14 139
14 149
14 153
14 154
14 158
14 160
14 166
14 176
14 179
14 186
14 194
15 13
15 21
15 25
15 27
15 30
15 38
15 42
15 49
15 52
15 53
15 54
15 68
15 73
15 78
15 81
15 84
15 87
15 92
15 93
15 94
15 96
15 97
15 98
15 99
15 101
15 102
15 103
15 106
15 107
15 109
15 111
15 112
15 116
15 118
15 123
15 129
15 141
15 162
15 164
15 177
15 179
15 187
15 191
15 194
15 199
16 0
16 5
16 12
16 25
16 37
16 41
16 46
16 55
16 58
16 63
16 69
16 75
16 80
16 86
16 93
16 96
16 102
16 103
16 106
16 112
16 119
16 120
16 121
16 128
16 136
16 139
16 142
16 145
16 163
16 166
16 167
16 175
16 177
16 187
16 188
16 190
16 191
16 193
16 196
17 8
17 11
17 20
17 33
17 36
17 37
17 45
17 54
17 55
17 79
17 82
17 88
17 94
17 95
17 99
17 101
17 109
17 113
17 114
17 119
17 128
17 151
17 164
17 170
17 179
17 192
17 195
17 196
17 197
17 198
18 0
18 2
18 12
18 19
18 20
18 22
18 30
18 35
18 39
18 43
18 47
18 48
18 49
18 53
18 58
18 61
18 68
18 72
18 87
18 91
18 92
18 101
18 109
18 118
18 124
18 125
18 128
18 129
18 134
18 135
18 140
18 151
18 158
18 159
18 160
18 161
18 164
18 168
18 171
18 177
18 181
18 182
18 183
18 186
18 192
18 195
19 1
19 7
19 10
19 11
19 13
19 18
19 20
19 25
19 27
19 30
19 38
19 58
19 65
19 66
19 67
19 69
19 78
19 80
19 86
19 91
19 95
19 106
19 116
19 118
19 119
19 120
19 122
19 123
19 126
19 132
19 139
19 143
19 147
19 148
19 155
19 160
19 161
19 164
19 170
19 173
19 178
19 180
19 190
19 197
19 198
20 10
20 11
20 17
20 18
20 19
20 23
20 24
20 28
20 40
20 47
20 52
20 59
20 61
20 63
20 64
20 70
20 78
20 82
20 86
20 87
20 88
20 93
20 94
20 95
20 99
20 101
20 102
20 108
20 109
20 115
20 123
20 132
20 137
20 144
20 152
20 163
20 164
20 167
20 169
20 172
20 174
20 177
20 180
20 182
20 183
20 184
20 187
20 188
20 189
20 193
20 194
21 2
21 14
21 15
21 26
21 36
21 41
21 49
21 64
21 65
21 72
21 83
21 90
21 91
21 98
21 101
21 120
21 122
21 125
21 126
21 135
21 142
21 148
21 150
21 159
21 190
21 192
21 193
22 3
22 10
22 13
22 18
22 36
22 37
22 42
22 43
22 49
22 50
22 51
22 54
22 60
22 63
22 70
22 71
22 72
22 79
22 83
22 94
22 96
22 98
22 105
22 107
22 112
22 114
22 115
22 123
22 124
22 133
22 139
22 142
22 149
22 153
22 160
22 162
22 164
22 168
22 172
22 178
22 182
22 184
22 185
22 188
22 190
22 195
23 1
23 3
23 4
23 12
23 13
23 20
23 24
23 26
23 29
23 35
23 38
23 40
23 55
23 56
23 67
23 68
23 74
23 75
23 76
23 78
23 87
23 91
23 95
23 98
23 100
23 103
23 108
23 111
23 113
23 114
23 116
23 120
23 121
23 126
23 129
23 131
23 136
23 138
23 144
23 146
23 147
23 149
23 150
23 160
23 167
23 172
23 179
23 181
23 194
24 4
24 10
24 20
24 23
24 26
24 34
24 37
24 40
24 42
24 43
24 44
24 49
24 52
24 68
24 70
24 73
24 74
24 82
24 86
24 88
24 93
24 100
24 103
24 107
24 121
24 127
24 136
24 156
24 159
24 171
24 181
24 183
24 195
25 0
25 1
25 3
25 4
25 7
25 14
25 15
25 16
25 19
25 26
25 36
25 37
25 38
25 39
25 41
25 45
25 47
25 48
25 54
25 60
25 62
25 63
25 64
25 65
25 75
25 84
25 90
25 95
25 96
25 97
25 100
25 103
25 105
25 110
25 116
25 126
25 129
25 139
25 140
25 147
25 150
25 156
25 167
25 168
25 170
25 183
25 186
25 187
25 193
26 1
26 8
26 21
26 23
26 24
26 25
26 42
26 56
26 66
26 77
26 79
26 96
26 99
26 100
26 101
26 102
26 109
26 111
26 114
26 117
26 128
26 131
26 133
26 137
26 138
26 139
26 143
26 146
26 147
26 153
26 154
26 156
26 160
26 167
26 172
26 174
26 183
26 184
26 186
26 187
26 193
26 198
26 199
27 7
27 15
27 19
27 33
27 34
27 39
27 42
27 44
27 48
27 54
27 59
27 72
27 74
27 76
27 93
27 97
27 100
27 102
27 110
27 122
27 128
27 129
27 133
27 135
27 146
27 163
27 171
27 191
27 195
27 196
27 197
28 2
28 11
28 20
28 41
28 42
28 43
28 50
28 51
28 57
28 58
28 60
28 68
28 77
28 78
28 81
28 82
28 84
28 88
28 89
28 94
28 97
28 101
28 105
28 108
28 111
28 115
28 116
28 117
28 127
28 132
28 133
28 135
28 137
28 140
28 143
28 148
28 152
28 155
28 157
28 164
28 165
28 167
28 168
28 169
28 186
28 198
29 2
29 13
29 23
29 34
29 37
29 38
29 41
29 52
29 59
29 63
29 71
29 72
29 73
29 75
29 82
29 86
29 90
29 93
29 103
29 118
29 119
29 128
29 133
29 135
29 151
29 156
29 159
29 160
29 164
29 165
29 177
29 178
29 179
29 181
29 185
29 188
29 189
29 191
29 197
29 199
30 0
30 2
30 7
30 11
30 15
30 18
30 19
30 35
30 36
30 43
30 56
30 57
30 69
30 71
30 72
30 73
30 78
30 83
30 84
30 86
30 87
30 88
30 96
30 101
30 107
30 109
30 117
30 118
30 119
30 124
30 126
30 129
30 130
30 133
30 138
30 139
30 140
30 144
30 146
30 147
30 155
30 156
30 163
30 164
30 184
30 188
30 196
30 199
31 9
31 41
31 44
31 45
31 54
31 57
31 58
31 61
31 67
31 69
31 77
31 80
31 81
31 85
31 87
31 90
31 95
31 97
31 112
31 116
31 119
31 120
31 123
31 135
31 141
31 143
31 147
31 148
31 153
31 156
31 160
31 161
31 162
31 166
31 168
31 172
31 178
31 180
31 183
31 186
31 190
31 191
31 192
32 3
32 5
32 10
32 35
32 37
32 39
32 43
32 44
32 46
32 47
32 53
32 58
32 59
32 61
32 71
32 81
32 82
32 89
32 91
32 100
32 106
32 115
32 119
32 121
32 129
32 130
32 134
32 140
32 141
32 142
32 145
32 150
32 153
32 155
32 169
32 171
32 172
32 173
32 179
32 192
33 12
33 17
33 27
33 34
33 35
33 36
33 44
33 51
33 54
33 55
33 56
33 59
33 63
33 67
33 73
33 78
33 81
33 91
33 92
33 97
33 100
33 108
33 121
33 123
33 128
33 129
33 131
33 132
33 157
33 160
33 169
33 175
33 180
33 189
33 190
33 197
33 198
34 6
34 7
34 9
34 14
34 24
34 27
34 29
34 33
34 41
34 42
34 43
34 51
34 62
34 65
34 70
34 72
34 75
34 80
34 82
34 88
34 94
34 96
34 98
34 108
34 109
34 114
34 116
34 118
34 119
34 121
34 126
34 127
34 130
34 132
34 139
34 147
34 151
34 153
34 155
34 157
34 158
34 159
34 168
34 173
34 177
34 178
34 181
34 188
34 191
34 193
34 194
34 197
34 199
35 0
35 2
35 6
35 18
35 23
35 30
35 32
35 33
35 36
35 37
35 40
35 41
35 43
35 46
35 51
35 55
35 60
35 61
35 78
35 82
35 86
35 87
35 89
35 94
35 95
35 97
35 100
35 105
35 107
35 110
35 113
35 116
35 120
35 122
35 127
35 140
35 153
35 157
35 159
35 163
35 169
35 170
35 171
35 176
35 178
35 182
35 198
35 199
36 5
36 6
36 12
36 14
36 17
36 21
36 22
36 25
36 30
36 33
36 35
36 38
36 40
36 44
36 51
36 52
36 82
36 85
36 89
36 95
36 111
36 114
36 116
36 121
36 123
36 125
36 127
36 130
36 149
36 151
36 155
36 169
36 174
36 183
36 192
36 193
36 197
37 2
37 3
37 8
37 13
37 14
37 16
37 17
37 22
37 24
37 25
37 29
37 32
37 35
37 40
37 43
37 46
37 47
37 51
37 54
37 57
37 73
37 76
37 82
37 88
37 96
37 99
37 109
37 110
37 112
37 115
37 116
37 119
37 121
37 125
37 131
37 137
37 142
37 146
37 149
37 159
37 166
37 172
37 173
37 177
37 182
37 184
37 187
37 194
37 196
37 197
37 199
38 0
38 1
38 3
38 8
38 15
38 19
38 23
38 25
38 29
38 36
38 39
38 43
38 46
38 51
38 55
38 66
38 67
38 68
38 69
38 70
38 71
38 73
38 77
38 81
38 85
38 86
38 91
38 93
38 96
38 101
38 102
38 122
38 123
38 125
38 130
38 134
38 138
38 152
38 159
38 162
38 176
38 177
38 181
38 182
38 184
38 186
38 188
38 191
38 192
38 195
38 199
39 10
39 18
39 25
39 27
39 32
39 38
39 40
39 42
39 51
39 56
39 58
39 59
39 63
39 67
39 69
39 73
39 76
39 79
39 82
39 87
39 89
39 101
39 110
39 111
39 125
39 126
39 129
39 135
39 148
39 153
39 159
39 161
39 162
39 166
39 173
39 178
39 183
39 185
39 188
39 193
39 196
39 198
40 2
40 4
40 5
40 8
40 14
40 20
40 23
40 24
40 35
40 36
40 37
40 39
40 41
40 62
40 69
40 73
40 85
40 88
40 90
40 96
40 97
40 98
40 100
40 108
40 110
40 116
40 117
40 118
40 120
40 123
40 125
40 133
40 135
40 141
40 150
40 157
40 166
40 167
40 172
40 173
40 185
40 189
40 190
40 194
41 0
41 1
41 6
41 7
41 12
41 14
41 16
41 21
41 25
41 28
41 29
41 31
41 34
41 35
41 40
41 45
41 48
41 52
41 55
41 56
41 62
41 63
41 64
41 65
41 66
41 68
41 74
41 81
41 87
41 93
41 96
41 105
41 118
41 126
41 127
41 133
41 135
41 136
41 137
41 143
41 150
41 151
41 155
41 161
41 162
41 166
41 169
41 170
41 178
41 180
41 187
41 193
41 197
41 199
42 1
42 9
42 10
42 13
42 14
42 15
42 22
42 24
42 26
42 27
42 28
42 34
42 39
42 44
42 45
42 46
42 63
42 69
42 70
42 80
42 82
42 83
42 84
42 90
42 106
42 107
42 111
42 114
42 115
42 120
42 127
42 129
42 149
42 151
42 157
42 158
42 160
42 161
42 164
42 181
42 182
42 184
43 18
43 22
43 24
43 28
43 30
43 32
43 34
43 35
43 37
43 38
43 45
43 50
43 51
43 58
43 60
43 64
43 66
43 67
43 81
43 84
43 87
43 95
43 102
43 112
43 114
43 128
43 153
43 154
43 157
43 158
43 161
43 165
43 168
43 170
43 171
43 172
43 174
43 175
43 181
43 183
43 184
43 187
43 189
43 192
43 193
43 198
44 0
44 1
44 5
44 7
44 12
44 13
44 24
44 27
44 31
44 32
44 33
44 36
44 42
44 45
44 48
44 50
44 52
44 68
44 76
44 83
44 92
44 98
44 101
44 102
44 103
44 106
44 107
44 109
44 110
44 111
44 114
44 117
44 120
44 124
44 125
44 126
44 128
44 130
44 133
44 134
44 141
44 144
44 147
44 153
44 163
44 166
44 169
44 173
44 177
44 179
44 192
44 195
44 198
45 9
45 11
45 14
45 17
45 25
45 31
45 41
45 42
45 43
45 44
45 55
45 57
45 61
45 64
45 68
45 71
45 72
45 85
45 91
45 96
45 98
45 99
45 100
45 102
45 112
45 115
45 116
45 117
45 122
45 124
45 132
45 148
45 152
45 160
45 162
45 166
45 167
45 170
45 185
45 188
45 189
45 191
45 196
46 0
46 16
46 32
46 35
46 37
46 38
46 42
46 55
46 56
46 58
46 65
46 68
46 70
46 73
46 79
46 81
46 83
46 85
46 88
46 90
46 94
46 96
46 103
46 107
46 108
46 114
46 124
46 125
46 127
46 128
46 144
46 146
46 147
46 150
46 155
46 158
46 160
46 174
46 184
46 187
46 197
47 5
47 7
47 8
47 9
47 18
47 20
47 25
47 32
47 37
47 50
47 59
47 62
47 64
47 67
47 70
47 83
47 87
47 89
47 91
47 96
47 98
47 109
47 111
47 112
47 118
47 131
47 136
47 138
47 142
47 145
47 146
47 151
47 156
47 162
47 165
47 166
47 171
47 172
47 181
47 182
47 186
47 190
47 193
47 194
47 197
48 2
48 6
48 18
48 25
48 27
48 41
48 44
48 52
48 57
48 63
48 64
48 82
48 83
48 86
48 93
48 101
48 113
48 115
48 116
48 125
48 128
48 129
48 131
48 137
48 145
48 158
48 159
48 161
48 175
48 177
48 180
48 191
48 193
48 199
49 1
49 3
49 5
49 8
49 10
49 15
49 18
49 21
49 22
49 24
49 51
49 55
49 60
49 64
49 68
49 76
49 78
49 79
49 80
49 89
49 94
49 96
49 109
49 112
49 116
49 122
49 131
49 134
49 145
49 148
49 170
49 173
49 174
49 176
49 182
50 0
50 3
50 5
50 6
50 10
50 12
50 22
50 28
50 43
50 44
50 47
50 53
50 55
50 60
50 63
50 64
50 75
50 77
50 78
50 80
50 82
50 86
50 87
50 90
50 93
50 96
50 104
50 105
50 107
50 109
50 119
50 129
50 130
50 131
50 133
50 136
50 144
50 146
50 151
50 152
50 156
50 157
50 161
50 162
50 164
50 170
50 175
50 176
50 181
50 189
50 192
50 193
51 0
51 2
51 4
51 6
51 14
51 22
51 28
51 33
51 34
51 35
51 36
51 37
51 38
51 39
51 43
51 49
51 53
51 54
51 68
51 71
51 76
51 83
51 87
51 102
51 105
51 115
51 120
51 128
51 131
51 149
51 152
51 158
51 166
51 175
51 178
51 180
51 182
51 184
51 189
51 190
51 198
52 2
52 4
52 7
52 8
52 11
52 15
52 20
52 24
52 29
52 36
52 41
52 44
52 48
52 54
52 65
52 66
52 76
52 77
52 90
52 91
52 96
52 97
52 106
52 110
52 131
52 132
52 135
52 137
52 138
52 147
52 148
52 150
52 162
52 166
52 182
52 188
52 192
52 194
52 197
53 0
53 3
53 8
53 13
53 15
53 18
53 32
53 50
53 51
53 55
53 68
53 75
53 80
53 93
53 95
53 101
53 109
53 112
53 120
53 127
53 130
53 132
53 146
53 150
53 159
53 173
53 187
53 198
53 199
54 0
54 9
54 12
54 15
54 17
54 22
54 25
54 27
54 31
54 33
54 37
54 51
54 52
54 68
54 83
54 84
54 86
54 97
54 100
54 102
54 114
54 133
54 138
54 144
54 145
54 148
54 154
54 157
54 160
54 177
54 179
54 186
54 188
54 193
54 194
54 198
54 199
55 3
55 6
55 10
55 11
55 16
55 17
55 23
55 33
55 35
55 38
55 41
55 45
55 46
55 49
55 50
55 53
55 57
55 59
55 60
55 66
55 68
55 69
55 72
55 74
55 77
55 86
55 91
55 94
55 101
55 108
55 111
55 113
55 115
55 119
55 121
55 125
55 144
55 149
55 164
55 170
55 178
55 186
55 189
56 4
56 5
56 6
56 13
56 23
56 26
56 30
56 33
56 39
56 41
56 46
56 60
56 66
56 68
56 69
56 79
56 80
56 81
56 89
56 90
56 92
56 105
56 108
56 129
56 133
56 135
56 137
56 139
56 140
56 142
56 143
56 154
56 155
56 158
56 160
56 164
56 165
56 166
56 167
56 168
56 174
56 176
56 183
56 186
56 187
57 3
57 4
57 28
57 30
57 31
57 37
57 45
57 48
57 55
57 61
57 63
57 75
57 78
57 86
57 94
57 118
57 123
57 124
57 129
57 130
57 131
57 147
57 151
57 154
57 169
57 170
57 181
57 185
57 189
57 196
58 2
58 8
58 10
58 14
58 16
58 18
58 19
58 28
58 31
58 32
58 39
58 43
58 46
58 71
58 72
58 76
58 81
58 88
58 89
58 108
58 110
58 113
58 117
58 121
58 124
58 125
58 126
58 127
58 128
58 147
58 167
58 178
58 182
58 185
58 186
58 198
59 20
59 27
59 29
59 32
59 33
59 39
59 47
59 55
59 62
59 65
59 71
59 74
59 82
59 84
59 98
59 99
59 116
59 117
59 119
59 125
59 128
59 131
59 132
59 138
59 142
59 143
59 149
59 160
59 164
59 165
59 166
59 171
59 177
59 179
59 181
59 182
59 187
59 188
59 189
59 195
59 198
60 0
60 1
60 3
60 5
60 7
60 9
60 12
60 14
60 22
60 25
60 28
60 35
60 43
60 49
60 50
60 55
60 56
60 61
60 68
60 70
60 84
60 86
60 88
60 90
60 96
60 99
60 108
60 109
60 112
60 123
60 127
60 131
60 135
60 144
60 147
60 149
60 158
60 159
60 180
60 181
60 185
60 189
60 191
60 196
61 3
61 18
61 20
61 31
61 32
61 35
61 45
61 57
61 60
61 62
61 66
61 80
61 88
61 96
61 110
61 115
61 117
61 124
61 125
61 135
61 138
61 141
61 148
61 152
61 158
61 170
61 172
61 173
61 186
61 191
61 199
62 0
62 2
62 14
62 25
62 34
62 40
62 41
62 47
62 59
62 61
62 66
62 73
62 74
62 76
62 84
62 86
62 99
62 100
62 103
62 104
62 106
62 108
62 114
62 121
62 126
62 128
62 132
62 138
62 149
62 159
62 164
62 170
62 173
62 175
62 176
62 178
62 182
62 187
62 194
62 197
63 3
63 5
63 7
63 13
63 16
63 20
63 22
63 25
63 29
63 33
63 39
63 41
63 42
63 48
63 50
63 57
63 71
63 73
63 75
63 77
63 83
63 87
63 91
63 94
63 97
63 99
63 102
63 110
63 111
63 122
63 132
63 138
63 139
63 141
63 144
63 148
63 154
63 157
63 163
63 166
63 168
63 169
63 175
63 179
63 181
63 185
63 186
63 188
63 193
63 194
63 197
63 198
63 199
64 8
64 20
64 21
64 25
64 41
64 43
64 45
64 47
64 48
64 49
64 50
64 68
64 75
64 76
64 77
64 88
64 92
64 93
64 97
64 99
64 100
64 101
64 102
64 107
64 109
64 110
64 133
64 141
64 150
64 155
64 158
64 160
64 161
64 166
64 169
64 173
64 189
64 196
64 198
65 0
65 13
65 19
65 21
65 25
65 34
65 41
65 46
65 52
65 59
65 75
65 78
65 85
65 89
65 97
65 100
65 123
65 128
65 132
65 141
65 142
65 146
65 148
65 149
65 150
65 151
65 160
65 168
65 169
65 170
65 171
65 177
65 178
65 179
65 191
66 4
66 6
66 7
66 13
66 19
66 26
66 38
66 41
66 43
66 52
66 55
66 56
66 61
66 62
66 67
66 69
66 70
66 72
66 82
66 89
66 94
66 99
66 100
66 102
66 104
66 111
66 114
66 119
66 122
66 130
66 152
66 154
66 161
66 162
66 166
66 169
66 170
66 171
66 177
66 183
66 193
66 195
67 4
67 9
67 19
67 23
67 31
67 33
67 38
67 39
67 43
67 47
67 66
67 68
67 69
67 73
67 75
67 86
67 89
67 98
67 99
67 104
67 111
67 118
67 121
67 122
67 123
67 131
67 133
67 136
67 137
67 153
67 155
67 158
67 169
67 171
67 178
67 179
67 180
67 183
67 189
67 190
67 196
67 198
68 0
68 4
68 13
68 15
68 18
68 23
68 24
68 28
68 38
68 41
68 44
68 45
68 46
68 49
68 51
68 53
68 54
68 55
68 56
68 60
68 64
68 67
68 72
68 75
68 81
68 83
68 85
68 103
68 105
68 106
68 110
68 119
68 123
68 126
68 131
68 134
68 149
68 150
68 153
68 158
68 159
68 160
68 162
68 165
68 176
68 178
68 180
68 181
68 188
68 190
68 195
68 196
69 4
69 8
69 11
69 12
69 13
69 16
69 19
69 30
69 31
69 38
69 39
69 40
69 42
69 55
69 56
69 66
69 67
69 74
69 80
69 91
69 96
69 98
69 100
69 106
69 113
69 117
69 124
69 130
69 132
69 144
69 145
69 147
69 149
69 150
69 154
69 155
69 161
69 163
69 173
69 177
69 183
69 185
69 186
69 194
70 9
70 14
70 20
70 22
70 24
70 34
70 38
70 42
70 46
70 47
70 60
70 66
70 91
70 97
70 101
70 105
70 110
70 113
70 122
70 126
70 128
70 134
70 140
70 144
70 147
70 153
70 164
70 165
70 167
70 172
70 175
70 181
70 189
71 3
71 9
71 14
71 22
71 29
71 30
71 32
71 38
71 45
71 51
71 58
71 59
71 63
71 74
71 78
71 87
71 89
71 95
71 96
71 100
71 101
71 110
71 114
71 115
71 120
71 128
71 132
71 139
71 142
71 147
71 156
71 166
71 170
71 179
71 180
72 0
72 2
72 5
72 7
72 13
72 18
72 21
72 22
72 27
72 29
72 30
72 34
72 45
72 55
72 58
72 66
72 68
72 76
72 78
72 79
72 103
72 104
72 105
72 108
72 113
72 115
72 125
72 126
72 127
72 130
72 131
72 136
72 138
72 139
72 141
72 144
72 151
72 163
72 168
72 171
72 180
72 184
72 191
73 5
73 15
73 24
73 29
73 30
73 33
73 37
73 38
73 39
73 40
73 46
73 62
73 63
73 67
73 74
73 75
73 78
73 79
73 80
73 81
73 83
73 87
73 94
73 95
73 107
73 112
73 127
73 128
73 130
73 135
73 136
73 139
73 143
73 149
73 152
73 162
73 165
73 166
73 167
73 180
73 185
73 195
73 196
74 1
74 11
74 12
74 23
74 24
74 27
74 41
74 55
74 59
74 62
74 69
74 71
74 73
74 82
74 84
74 85
74 95
74 96
74 109
74 120
74 121
74 122
74 123
74 127
74 131
74 152
74 155
74 156
74 163
74 164
74 166
74 169
74 178
74 179
74 180
74 182
74 192
74 193
74 198
74 199
75 5
75 6
75 13
75 16
75 23
75 25
75 29
75 34
75 50
75 53
75 57
75 63
75 64
75 65
75 67
75 68
75 73
75 99
75 101
75 105
75 107
75 122
75 134
75 145
75 147
75 148
75 153
75 164
75 166
75 174
75 177
75 181
75 186
75 190
75 191
75 195
76 8
76 10
76 11
76 23
76 27
76 37
76 39
76 44
76 49
76 51
76 52
76 58
76 62
76 64
76 72
76 78
76 83
76 86
76 89
76 91
76 96
76 104
76 114
76 124
76 140
76 141
76 146
76 152
76 156
76 157
76 158
76 162
76 163
76 172
76 173
76 174
76 182
76 189
76 193
76 197
77 0
77 1
77 8
77 11
77 12
77 26
77 28
77 31
77 38
77 50
77 52
77 55
77 63
77 64
77 84
77 86
77 88
77 100
77 101
77 110
77 125
77 130
77 134
77 142
77 146
77 154
77 159
77 161
77 175
77 176
77 186
77 189
77 191
77 195
78 6
78 12
78 15
78 19
78 20
78 23
78 28
78 30
78 33
78 35
78 49
78 50
78 57
78 65
78 71
78 72
78 73
78 76
78 81
78 86
78 87
78 95
78 97
78 101
78 104
78 105
78 109
78 113
78 114
78 128
78 142
78 144
78 158
78 159
78 160
78 163
78 165
78 174
78 177
78 179
78 182
78 187
78 189
78 191
78 197
79 1
79 3
79 4
79 17
79 22
79 26
79 39
79 46
79 49
79 56
79 72
79 73
79 84
79 86
79 91
79 99
79 104
79 120
79 126
79 127
79 128
79 129
79 133
79 138
79 147
79 153
79 156
79 158
79 164
79 165
79 183
79 186
79 188
79 194
80 2
80 4
80 9
80 13
80 16
80 19
80 31
80 34
80 42
80 49
80 50
80 53
80 56
80 61
80 69
80 73
80 81
80 86
80 94
80 100
80 103
80 105
80 113
80 115
80 116
80 133
80 139
80 144
80 161
80 167
80 179
80 185
80 186
80 191
81 11
81 13
81 15
81 28
81 31
81 32
81 33
81 38
81 41
81 43
81 46
81 56
81 58
81 68
81 73
81 78
81 80
81 83
81 86
81 87
81 90
81 95
81 100
81 102
81 106
81 114
81 115
81 120
81 132
81 164
81 169
81 181
81 185
81 186
81 190
81 193
81 194
81 195
81 198
82 0
82 1
82 5
82 6
82 17
82 20
82 24
82 28
82 29
82 32
82 34
82 35
82 36
82 37
82 39
82 42
82 48
82 50
82 59
82 66
82 74
82 99
82 100
82 106
82 111
82 114
82 119
82 123
82 124
82 134
82 137
82 139
82 140
82 141
82 146
82 149
82 153
82 154
82 156
82 157
82 160
82 166
82 178
82 179
82 185
83 7
83 10
83 21
83 22
83 30
83 42
83 44
83 46
83 47
83 48
83 51
83 54
83 63
83 68
83 73
83 76
83 81
83 84
83 93
83 95
83 104
83 106
83 108
83 116
83 117
83 118
83 140
83 146
83 151
83 162
83 163
83 172
83 174
83 179
83 180
83 185
83 190
83 192
83 198
84 6
84 13
84 14
84 15
84 25
84 28
84 30
84 42
84 43
84 54
84 59
84 60
84 62
84 74
84 77
84 79
84 83
84 89
84 90
84 91
84 93
84 100
84 106
84 113
84 114
84 116
84 120
84 133
84 136
84 138
84 143
84 147
84 156
84 157
84 159
84 174
84 178
84 184
84 191
84 192
84 195
84 196
84 198
85 10
85 31
85 36
85 38
85 40
85 45
85 46
85 65
85 68
85 74
85 92
85 100
85 106
85 108
85 111
85 112
85 121
85 122
85 124
85 125
85 127
85 129
85 132
85 134
85 148
85 150
85 152
85 154
85 168
85 172
85 184
85 190
85 195
85 198
85 199
86 7
86 8
86 10
86 12
86 16
86 19
86 20
86 24
86 29
86 30
86 35
86 38
86 48
86 50
86 54
86 55
86 57
86 60
86 62
86 67
86 76
86 77
86 78
86 79
86 80
86 81
86 88
86 97
86 98
86 103
86 105
86 109
86 116
86 118
86 132
86 137
86 139
86 142
86 151
86 162
86 165
86 171
86 172
86 174
86 178
86 182
86 185
86 198
86 199
87 2
87 3
87 6
87 8
87 10
87 15
87 18
87 20
87 23
87 30
87 31
87 35
87 39
87 41
87 43
87 47
87 50
87 51
87 63
87 71
87 73
87 78
87 81
87 92
87 94
87 101
87 104
87 107
87 111
87 113
87 115
87 119
87 121
87 122
87 128
87 131
87 132
87 142
87 150
87 153
87 154
87 155
87 158
87 161
87 168
88 9
88 13
88 17
88 20
88 24
88 28
88 30
88 34
88 37
88 40
88 46
88 58
88 60
88 61
88 64
88 77
88 86
88 90
88 102
88 106
88 110
88 113
88 116
88 119
88 126
88 131
88 132
88 135
88 141
88 143
88 145
88 148
88 156
88 167
88 172
88 175
88 177
88 180
88 182
88 198
89 3
89 4
89 9
89 10
89 13
89 28
89 32
89 35
89 36
89 39
89 47
89 49
89 56
89 58
89 65
89 66
89 67
89 71
89 76
89 84
89 96
89 101
89 108
89 109
89 111
89 114
89 118
89 120
89 121
89 123
89 125
89 126
89 133
89 150
89 154
89 159
89 176
89 182
89 183
89 191
90 0
90 21
90 25
90 29
90 31
90 40
90 42
90 46
90 50
90 52
90 56
90 60
90 81
90 84
90 88
90 95
90 97
90 122
90 136
90 141
90 143
90 144
90 146
90 148
90 149
90 152
90 156
90 159
90 163
90 179
90 180
90 181
90 182
90 184
90 186
90 187
90 193
90 196
90 198
91 2
91 3
91 6
91 10
91 18
91 19
91 21
91 23
91 32
91 33
91 38
91 45
91 47
91 52
91 55
91 63
91 69
91 70
91 76
91 79
91 84
91 92
91 102
91 105
91 106
91 109
91 127
91 129
91 130
91 135
91 140
91 145
91 148
91 153
91 159
91 162
91 168
91 170
91 173
91 174
92 3
92 6
92 8
92 14
92 15
92 18
92 33
92 44
92 56
92 64
92 85
92 87
92 91
92 101
92 103
92 111
92 113
92 118
92 121
92 124
92 125
92 127
92 133
92 140
92 146
92 151
92 153
92 164
92 165
92 168
92 173
92 176
92 180
92 183
92 188
92 190
92 192
93 1
93 4
93 7
93 10
93 15
93 16
93 20
93 24
93 27
93 29
93 38
93 41
93 48
93 50
93 53
93 64
93 83
93 84
93 98
93 110
93 113
93 134
93 135
93 156
93 157
93 158
93 174
93 175
93 180
93 181
93 184
93 185
93 187
93 189
93 198
94 3
94 4
94 9
94 10
94 15
94 17
94 20
94 22
94 28
94 34
94 35
94 46
94 49
94 55
94 57
94 63
94 66
94 73
94 80
94 87
94 97
94 102
94 106
94 108
94 112
94 124
94 131
94 134
94 145
94 156
94 159
94 165
94 168
94 169
94 177
94 183
94 191
94 193
95 4
95 17
95 19
95 20
95 23
95 25
95 31
95 35
95 36
95 43
95 53
95 71
95 73
95 74
95 78
95 81
95 83
95 90
95 97
95 98
95 102
95 104
95 119
95 120
95 135
95 137
95 140
95 142
95 144
95 145
95 146
95 148
95 149
95 154
95 160
95 176
95 183
95 186
95 188
95 191
95 192
96 2
96 9
96 15
96 16
96 22
96 25
96 26
96 30
96 34
96 37
96 38
96 40
96 41
96 45
96 46
96 47
96 49
96 50
96 52
96 60
96 61
96 69
96 71
96 74
96 76
96 89
96 100
96 102
96 103
96 125
96 126
96 127
96 129
96 133
96 138
96 147
96 152
96 157
96 160
96 163
96 182
96 184
96 186
96 188
96 194
97 0
97 13
97 15
97 25
97 27
97 28
97 31
97 33
97 35
97 40
97 52
97 54
97 63
97 64
97 65
97 70
97 78
97 86
97 90
97 94
97 95
97 99
97 100
97 101
97 103
97 104
97 112
97 121
97 128
97 129
97 135
97 137
97 140
97 150
97 151
97 154
97 156
97 161
97 166
97 170
97 179
97 181
97 182
97 189
97 190
97 193
97 198
97 199
98 3
98 4
98 12
98 15
98 21
98 22
98 23
98 34
98 40
98 44
98 45
98 47
98 59
98 67
98 69
98 86
98 93
98 95
98 111
98 112
98 114
98 119
98 126
98 127
98 149
98 155
98 158
98 159
98 160
98 161
98 167
98 172
98 182
98 184
98 187
98 193
98 196
98 198
99 0
99 6
99 9
99 10
99 15
99 17
99 20
99 26
99 37
99 45
99 59
99 60
99 62
99 63
99 64
99 66
99 67
99 75
99 79
99 82
99 97
99 116
99 127
99 136
99 137
99 139
99 141
99 143
99 147
99 156
99 164
99 165
99 167
99 177
99 189
99 193
99 195
100 1
100 3
100 9
100 11
100 12
100 23
100 24
100 25
100 26
100 27
100 32
100 33
100 35
100 40
100 45
100 54
100 62
100 64
100 65
100 66
100 69
100 71
100 77
100 80
100 81
100 82
100 84
100 85
100 96
100 97
100 107
100 108
100 112
100 114
100 117
100 119
100 122
100 128
100 129
100 143
100 145
100 146
100 149
100 154
100 156
100 157
100 171
100 172
100 186
100 187
100 188
100 189
100 196
100 199
101 0
101 7
101 9
101 15
101 17
101 18
101 20
101 21
101 26
101 28
101 30
101 38
101 39
101 44
101 48
101 53
101 55
101 64
101 70
101 71
101 75
101 77
101 78
101 87
101 89
101 92
101 97
101 103
101 108
101 112
101 113
101 120
101 121
101 126
101 128
101 131
101 132
101 138
101 143
101 145
101 148
101 150
101 151
101 163
101 166
101 188
101 190
101 194
101 197
101 198
102 14
102 15
102 16
102 20
102 26
102 27
102 38
102 43
102 44
102 45
102 51
102 54
102 63
102 64
102 66
102 81
102 88
102 91
102 94
102 95
102 96
102 103
102 106
102 107
102 111
102 114
102 115
102 116
102 120
102 124
102 128
102 132
102 135
102 139
102 142
102 145
102 146
102 149
102 152
102 169
102 170
102 172
102 176
102 192
102 194
102 195
102 196
103 2
103 11
103 12
103 15
103 16
103 23
103 24
103 25
103 29
103 44
103 46
103 62
103 68
103 72
103 80
103 86
103 92
103 96
103 97
103 101
103 102
103 110
103 114
103 127
103 130
103 131
103 142
103 153
103 157
103 168
103 170
103 172
103 177
103 181
103 198
104 1
104 2
104 4
104 5
104 6
104 50
104 62
104 66
104 67
104 72
104 76
104 78
104 79
104 83
104 87
104 95
104 97
104 111
104 117
104 119
104 121
104 132
104 133
104 155
104 157
104 158
104 159
104 160
104 162
104 166
104 168
104 195
105 1
105 9
105 22
105 25
105 28
105 35
105 41
105 50
105 51
105 56
105 68
105 70
105 72
105 75
105 78
105 80
105 86
105 91
105 110
105 115
105 118
105 121
105 125
105 134
105 141
105 143
105 151
105 158
105 164
105 165
105 170
105 172
105 173
105 176
105 178
105 188
106 2
106 10
106 13
106 15
106 16
106 19
106 32
106 42
106 44
106 52
106 62
106 68
106 69
106 81
106 82
106 83
106 84
106 85
106 88
106 91
106 94
106 102
106 107
106 111
106 126
106 127
106 132
106 135
106 140
106 145
106 148
106 149
106 152
106 164
106 168
106 172
106 176
106 179
106 188
106 191
106 192
106 194
106 195
107 1
107 2
107 7
107 15
107 22
107 24
107 30
107 35
107 42
107 44
107 46
107 50
107 64
107 73
107 75
107 87
107 100
107 102
107 106
107 116
107 124
107 128
107 137
107 152
107 153
107 161
107 170
107 177
107 178
107 191
107 195
108 1
108 6
108 10
108 12
108 14
108 20
108 23
108 28
108 33
108 34
108 40
108 46
108 55
108 56
108 58
108 60
108 62
108 72
108 83
108 85
108 89
108 94
108 100
108 101
108 114
108 120
108 125
108 129
108 130
108 131
108 137
108 138
108 139
108 144
108 148
108 150
108 160
108 168
108 172
108 174
108 175
108 180
108 189
108 196
109 1
109 3
109 6
109 15
109 17
109 18
109 20
109 26
109 30
109 34
109 37
109 44
109 47
109 49
109 50
109 53
109 60
109 64
109 74
109 78
109 86
109 89
109 91
109 110
109 115
109 132
109 133
109 137
109 143
109 145
109 147
109 155
109 170
109 172
109 181
109 195
110 1
110 5
110 8
110 10
110 11
110 25
110 27
110 35
110 37
110 39
110 40
110 44
110 52
110 58
110 61
110 63
110 64
110 68
110 70
110 71
110 77
110 88
110 93
110 103
110 105
110 109
110 113
110 116
110 122
110 123
110 124
110 127
110 136
110 137
110 139
110 140
110 146
110 150
110 163
110 167
110 169
110 171
110 183
110 186
111 3
111 11
111 15
111 23
111 26
111 28
111 36
111 39
111 42
111 44
111 47
111 55
111 63
111 66
111 67
111 82
111 85
111 87
111 89
111 92
111 98
111 102
111 104
111 106
111 116
111 121
111 125
111 128
111 136
111 140
111 151
111 157
111 162
111 163
111 164
111 174
111 176
111 177
111 182
111 184
111 185
111 187
112 4
112 11
112 15
112 16
112 22
112 31
112 37
112 43
112 45
112 47
112 49
112 53
112 60
112 73
112 85
112 94
112 97
112 98
112 100
112 101
112 119
112 120
112 125
112 126
112 127
112 128
112 135
112 137
112 139
112 148
112 155
112 158
112 161
112 168
112 171
112 174
112 179
112 180
112 182
112 185
112 187
112 188
112 190
112 192
112 194
112 197
113 3
113 8
113 9
113 11
113 13
113 17
113 23
113 35
113 48
113 55
113 58
113 69
113 70
113 72
113 78
113 80
113 84
113 87
113 88
113 92
113 93
113 101
113 110
113 114
113 125
113 130
113 134
113 137
113 163
113 170
113 178
113 179
113 182
113 187
113 188
113 196
113 197
113 199
114 2
114 7
114 8
114 11
114 17
114 22
114 23
114 26
114 34
114 36
114 42
114 43
114 44
114 46
114 54
114 62
114 66
114 71
114 76
114 78
114 81
114 82
114 84
114 89
114 98
114 100
114 102
114 103
114 108
114 113
114 116
114 126
114 127
114 129
114 131
114 133
114 138
114 140
114 145
114 146
114 150
114 151
114 155
114 156
114 158
114 160
114 161
114 168
114 169
114 171
114 172
114 175
114 180
114 184
114 186
114 194
114 195
114 196
115 7
115 11
115 14
115 20
115 22
115 28
115 32
115 37
115 42
115 45
115 48
115 51
115 55
115 61
115 71
115 72
115 80
115 81
115 87
115 102
115 105
115 109
115 129
115 135
115 136
115 140
115 150
115 153
115 155
115 157
115 170
115 178
115 192
115 193
116 0
116 4
116 8
116 9
116 12
116 13
116 14
116 15
116 19
116 23
116 25
116 28
116 31
116 34
116 35
116 36
116 37
116 40
116 45
116 48
116 49
116 59
116 80
116 83
116 84
116 86
116 88
116 99
116 102
116 107
116 110
116 111
116 114
116 135
116 137
116 142
116 144
116 151
116 161
116 163
116 169
116 173
116 178
116 179
116 181
116 183
116 185
116 188
116 189
116 191
117 1
117 26
117 28
117 30
117 40
117 44
117 45
117 58
117 59
117 61
117 69
117 83
117 100
117 104
117 124
117 130
117 146
117 149
117 150
117 154
117 159
117 172
117 177
117 182
117 189
117 195
118 2
118 4
118 6
118 8
118 15
118 18
118 19
118 29
118 30
118 34
118 40
118 41
118 47
118 57
118 67
118 83
118 86
118 89
118 92
118 105
118 126
118 131
118 136
118 137
118 138
118 143
118 144
118 150
118 163
118 164
118 167
118 168
118 171
118 172
118 174
118 181
118 182
118 184
118 186
118 188
118 191
118 195
119 0
119 4
119 6
119 8
119 13
119 16
119 17
119 19
119 29
119 30
119 31
119 32
119 34
119 37
119 50
119 55
119 59
119 66
119 68
119 82
119 87
119 88
119 95
119 98
119 100
119 104
119 112
119 123
119 130
119 146
119 148
119 150
119 156
119 159
119 160
119 162
119 167
119 177
119 178
119 179
119 186
119 188
119 195
120 4
120 6
120 7
120 10
120 16
120 19
120 21
120 23
120 31
120 35
120 40
120 42
120 44
120 51
120 53
120 71
120 74
120 79
120 81
120 84
120 89
120 95
120 101
120 102
120 108
120 112
120 125
120 127
120 130
120 133
120 134
120 136
120 140
120 145
120 151
120 153
120 160
120 176
120 180
120 189
120 190
120 196
120 197
120 199
121 0
121 2
121 3
121 11
121 12
121 16
121 23
121 24
121 32
121 33
121 34
121 36
121 37
121 55
121 58
121 62
121 67
121 74
121 85
121 87
121 89
121 92
121 97
121 101
121 104
121 105
121 111
121 124
121 131
121 144
121 151
121 155
121 156
121 159
121 178
121 184
121 197
122 3
122 4
122 10
122 11
122 19
122 21
122 27
122 35
122 38
122 45
122 49
122 63
122 66
122 67
122 70
122 74
122 75
122 85
122 87
122 90
122 100
122 110
122 127
122 128
122 129
122 142
122 148
122 154
122 157
122 160
122 162
122 165
122 167
122 168
122 178
122 186
122 195
122 196
122 199
123 1
123 7
123 15
123 19
123 20
123 22
123 31
123 33
123 36
123 38
123 40
123 57
123 60
123 65
123 67
123 68
123 74
123 82
123 89
123 110
123 119
123 127
123 133
123 135
123 138
123 143
123 144
123 147
123 148
123 153
123 154
123 157
123 165
123 173
123 179
123 180
123 186
123 190
123 198
124 4
124 14
124 18
124 22
124 30
124 44
124 45
124 46
124 57
124 58
124 61
124 69
124 76
124 82
124 85
124 92
124 94
124 102
124 107
124 110
124 117
124 121
124 133
124 137
124 140
124 143
124 146
124 150
124 152
124 153
124 168
124 178
124 182
124 183
124 190
125 0
125 10
125 18
125 21
125 36
125 37
125 38
125 39
125 40
125 44
125 46
125 48
125 55
125 58
125 59
125 61
125 72
125 77
125 85
125 89
125 92
125 96
125 105
125 108
125 111
125 112
125 113
125 120
125 126
125 127
125 132
125 145
125 150
125 152
125 161
125 167
125 170
125 175
125 177
125 182
125 183
125 192
126 0
126 8
126 11
126 19
126 21
126 23
126 25
126 30
126 34
126 39
126 41
126 44
126 58
126 62
126 68
126 70
126 72
126 79
126 88
126 89
126 96
126 98
126 101
126 106
126 112
126 114
126 118
126 125
126 130
126 133
126 135
126 137
126 145
126 148
126 159
126 169
126 174
126 192
127 1
127 7
127 24
127 28
127 34
127 35
127 36
127 41
127 42
127 46
127 53
127 58
127 60
127 72
127 73
127 74
127 79
127 85
127 91
127 92
127 96
127 98
127 99
127 103
127 106
127 110
127 112
127 114
127 120
127 122
127 123
127 125
127 132
127 141
127 142
127 153
127 159
127 167
127 171
127 176
127 178
127 181
127 183
127 186
127 187
127 194
128 10
128 14
128 16
128 17
128 18
128 26
128 27
128 29
128 33
128 43
128 44
128 46
128 48
128 51
128 58
128 59
128 62
128 65
128 70
128 71
128 73
128 78
128 79
128 87
128 97
128 100
128 101
128 102
128 107
128 111
128 112
128 122
128 130
128 145
128 146
128 150
128 152
128 159
128 160
128 173
128 179
128 183
128 186
128 189
128 193
128 198
129 1
129 8
129 14
129 15
129 18
129 23
129 25
129 27
129 30
129 32
129 33
129 39
129 42
129 48
129 50
129 56
129 57
129 79
129 85
129 91
129 96
129 97
129 100
129 108
129 114
129 115
129 122
129 132
129 134
129 135
129 142
129 155
129 170
129 171
129 177
129 186
129 195
130 3
130 5
130 30
130 32
130 34
130 36
130 38
130 44
130 50
130 53
130 57
130 66
130 69
130 72
130 73
130 77
130 91
130 103
130 108
130 113
130 117
130 119
130 120
130 126
130 128
130 135
130 136
130 138
130 141
130 142
130 145
130 147
130 150
130 151
130 152
130 157
130 158
130 160
130 162
130 168
130 174
130 177
130 180
130 184
130 190
130 193
131 11
131 23
131 26
131 33
131 37
131 47
131 48
131 49
131 50
131 51
131 52
131 57
131 59
131 60
131 67
131 68
131 72
131 74
131 87
131 88
131 94
131 101
131 103
131 108
131 114
131 118
131 121
131 149
131 150
131 157
131 161
131 165
131 175
131 183
131 185
131 194
131 195
131 196
132 0
132 4
132 9
132 14
132 19
132 20
132 28
132 33
132 34
132 45
132 52
132 53
132 59
132 62
132 63
132 65
132 69
132 71
132 81
132 85
132 86
132 87
132 88
132 101
132 102
132 104
132 106
132 109
132 125
132 127
132 129
132 134
132 138
132 146
132 159
132 160
132 172
132 179
132 188
132 193
132 194
133 4
133 8
133 22
133 26
133 27
133 28
133 29
133 30
133 40
133 41
133 44
133 50
133 54
133 56
133 64
133 67
133 79
133 80
133 84
133 89
133 92
133 96
133 104
133 109
133 114
133 120
133 123
133 124
133 126
133 142
133 146
133 152
133 153
133 154
133 165
133 171
133 180
133 190
133 195
133 198
134 0
134 2
134 10
134 11
134 12
134 13
134 18
134 32
134 38
134 44
134 49
134 68
134 70
134 75
134 77
134 82
134 85
134 93
134 94
134 105
134 113
134 120
134 129
134 132
134 142
134 146
134 150
134 151
134 156
134 158
134 174
134 176
134 181
134 182
134 186
134 187
134 189
134 195
135 0
135 3
135 11
135 12
135 14
135 18
135 21
135 27
135 28
135 29
135 31
135 39
135 40
135 41
135 52
135 56
135 60
135 61
135 73
135 88
135 91
135 93
135 95
135 97
135 102
135 106
135 112
135 115
135 116
135 123
135 126
135 129
135 130
135 137
135 140
135 156
135 171
135 179
135 186
135 188
135 198
136 1
136 3
136 11
136 16
136 23
136 24
136 41
136 47
136 50
136 67
136 72
136 73
136 84
136 90
136 99
136 110
136 111
136 115
136 118
136 120
136 130
136 138
136 143
136 144
136 146
136 151
136 155
136 156
136 157
136 160
136 175
136 177
136 178
136 183
136 194
137 3
137 4
137 8
137 9
137 20
137 26
137 28
137 37
137 41
137 48
137 52
137 56
137 67
137 82
137 86
137 95
137 97
137 99
137 107
137 108
137 109
137 110
137 112
137 113
137 116
137 118
137 124
137 126
137 135
137 149
137 150
137 155
137 157
137 162
137 166
137 170
137 173
137 183
137 189
137 191
137 196
138 0
138 2
138 11
138 23
138 26
138 30
138 38
138 47
138 52
138 54
138 59
138 61
138 62
138 63
138 72
138 79
138 84
138 96
138 101
138 108
138 114
138 118
138 123
138 130
138 132
138 136
138 147
138 148
138 160
138 161
138 166
138 171
138 174
138 175
138 188
138 189
138 195
138 196
139 14
139 16
139 19
139 22
139 25
139 26
139 30
139 34
139 56
139 63
139 71
139 72
139 73
139 80
139 82
139 86
139 99
139 102
139 108
139 110
139 112
139 140
139 143
139 145
139 153
139 156
139 169
139 181
139 182
139 185
139 186
139 188
139 190
139 196
139 198
140 18
140 25
140 28
140 30
140 32
140 35
140 56
140 70
140 76
140 82
140 83
140 91
140 92
140 95
140 97
140 106
140 110
140 111
140 114
140 115
140 120
140 124
140 135
140 139
140 150
140 174
140 181
140 186
140 191
141 4
141 7
141 15
141 31
141 32
141 40
141 44
141 61
141 63
141 64
141 65
141 72
141 76
141 82
141 88
141 90
141 99
141 105
141 127
141 130
141 142
141 147
141 154
141 155
141 156
141 166
141 168
141 173
141 178
141 184
141 185
141 186
141 187
141 189
141 192
141 193
141 197
142 2
142 5
142 7
142 12
142 13
142 16
142 21
142 22
142 32
142 37
142 47
142 56
142 59
142 65
142 71
142 77
142 78
142 86
142 87
142 95
142 102
142 103
142 116
142 122
142 127
142 129
142 130
142 133
142 134
142 141
142 146
142 149
142 151
142 154
142 155
142 161
142 176
142 177
142 180
142 187
142 189
142 190
142 194
143 4
143 12
143 19
143 26
143 28
143 31
143 41
143 56
143 59
143 73
143 84
143 88
143 90
143 99
143 100
143 101
143 105
143 109
143 118
143 123
143 124
143 136
143 139
143 164
143 170
143 172
143 186
143 188
143 191
143 192
143 199
144 0
144 4
144 13
144 20
144 23
144 30
144 44
144 46
144 50
144 54
144 55
144 60
144 63
144 69
144 70
144 72
144 78
144 80
144 90
144 95
144 108
144 116
144 118
144 121
144 123
144 136
144 177
144 178
144 185
145 3
145 10
145 16
145 32
145 47
145 48
145 49
145 54
145 69
145 75
145 88
145 91
145 94
145 95
145 100
145 101
145 102
145 106
145 109
145 114
145 120
145 125
145 126
145 128
145 130
145 139
145 154
145 157
145 169
145 171
145 172
145 173
145 184
145 192
146 1
146 5
146 11
146 12
146 23
146 26
146 27
146 30
146 37
146 46
146 47
146 50
146 53
146 65
146 76
146 77
146 82
146 83
146 90
146 92
146 95
146 100
146 102
146 110
146 114
146 117
146 119
146 124
146 128
146 132
146 133
146 134
146 136
146 142
146 151
146 165
146 170
146 175
146 176
146 177
146 181
146 185
146 189
146 190
146 193
147 1
147 11
147 13
147 19
147 23
147 25
147 26
147 30
147 31
147 34
147 44
147 46
147 52
147 57
147 58
147 60
147 69
147 70
147 71
147 75
147 79
147 84
147 96
147 99
147 109
147 123
147 130
147 138
147 141
147 150
147 151
147 157
147 160
147 168
147 170
147 174
147 186
147 187
147 191
148 2
148 5
148 8
148 19
148 21
148 28
148 31
148 39
148 45
148 49
148 52
148 54
148 61
148 63
148 65
148 75
148 85
148 88
148 90
148 91
148 95
148 101
148 106
148 108
148 112
148 119
148 122
148 123
148 126
148 138
148 151
148 158
148 165
148 166
148 167
148 175
148 180
148 183
148 193
148 196
148 199
149 0
149 5
149 6
149 10
149 14
149 22
149 23
149 36
149 37
149 42
149 51
149 55
149 59
149 60
149 62
149 65
149 68
149 69
149 73
149 82
149 90
149 95
149 98
149 100
149 102
149 106
149 117
149 131
149 137
149 142
149 153
149 177
149 178
149 188
149 196
149 198
150 0
150 1
150 8
150 21
150 23
150 25
150 32
150 40
150 41
150 46
150 52
150 53
150 64
150 65
150 68
150 69
150 85
150 87
150 89
150 97
150 101
150 108
150 110
150 114
150 115
150 117
150 118
150 119
150 124
150 125
150 128
150 130
150 131
150 134
150 137
150 140
150 147
150 151
150 160
150 161
150 172
150 187
150 191
150 193
150 199
151 1
151 2
151 4
151 12
151 17
151 18
151 29
151 34
151 36
151 41
151 42
151 47
151 50
151 57
151 65
151 72
151 83
151 86
151 92
151 97
151 101
151 105
151 111
151 114
151 116
151 120
151 121
151 130
151 134
151 136
151 142
151 146
151 147
151 148
151 150
151 154
151 160
151 165
151 166
151 169
151 171
151 174
151 179
151 180
151 182
151 183
151 186
151 187
151 198
152 0
152 6
152 12
152 20
152 28
152 38
152 45
152 50
152 51
152 61
152 66
152 73
152 74
152 76
152 85
152 90
152 96
152 102
152 106
152 107
152 124
152 125
152 128
152 130
152 133
152 154
152 156
152 158
152 162
152 164
152 168
152 170
152 174
152 176
152 191
152 195
152 199
153 14
153 22
153 26
153 31
153 32
153 34
153 35
153 39
153 43
153 44
153 67
153 68
153 70
153 75
153 79
153 82
153 87
153 91
153 92
153 103
153 107
153 115
153 120
153 123
153 124
153 127
153 133
153 139
153 149
153 156
153 171
153 182
153 185
153 189
154 0
154 11
154 12
154 14
154 26
154 43
154 54
154 56
154 57
154 63
154 66
154 69
154 77
154 82
154 85
154 87
154 89
154 95
154 97
154 100
154 117
154 122
154 123
154 133
154 141
154 142
154 145
154 151
154 152
154 162
154 165
154 175
154 182
154 184
154 190
154 196
154 197
155 2
155 4
155 11
155 19
155 28
155 30
155 32
155 34
155 36
155 41
155 46
155 56
155 64
155 67
155 69
155 74
155 87
155 98
155 104
155 109
155 112
155 114
155 115
155 121
155 129
155 136
155 137
155 141
155 142
155 162
155 163
155 165
155 168
155 171
155 178
155 190
156 2
156 5
156 8
156 9
156 24
156 25
156 26
156 29
156 30
156 31
156 47
156 50
156 71
156 74
156 76
156 79
156 82
156 84
156 88
156 90
156 93
156 94
156 97
156 99
156 100
156 114
156 119
156 121
156 134
156 135
156 136
156 139
156 141
156 152
156 153
156 161
156 163
156 165
156 171
156 176
156 180
156 185
157 0
157 3
157 28
157 33
157 34
157 35
157 40
157 42
157 43
157 50
157 54
157 63
157 76
157 82
157 84
157 93
157 96
157 100
157 103
157 104
157 111
157 115
157 122
157 123
157 130
157 131
157 136
157 137
157 145
157 147
157 164
157 165
157 168
157 169
157 171
157 173
157 181
157 182
157 190
157 194
158 0
158 4
158 5
158 12
158 14
158 18
158 34
158 42
158 43
158 46
158 48
158 51
158 56
158 60
158 61
158 64
158 67
158 68
158 76
158 78
158 79
158 87
158 93
158 98
158 104
158 105
158 112
158 114
158 130
158 134
158 148
158 152
158 167
158 168
158 175
158 176
158 178
158 181
158 183
158 186
158 188
159 3
159 18
159 21
159 24
159 29
159 34
159 35
159 37
159 38
159 39
159 48
159 53
159 60
159 62
159 68
159 77
159 78
159 84
159 89
159 90
159 91
159 94
159 98
159 104
159 117
159 119
159 121
159 126
159 127
159 128
159 132
159 167
159 171
159 183
159 189
160 10
160 12
160 14
160 18
160 19
160 22
160 23
160 26
160 29
160 31
160 33
160 42
160 45
160 46
160 54
160 56
160 59
160 64
160 65
160 68
160 78
160 82
160 95
160 96
160 98
160 104
160 108
160 114
160 119
160 120
160 122
160 128
160 130
160 132
160 136
160 138
160 147
160 150
160 151
160 170
160 175
160 177
160 178
160 180
160 191
160 192
160 196
161 4
161 11
161 13
161 18
161 19
161 31
161 39
161 41
161 42
161 43
161 48
161 50
161 64
161 66
161 69
161 77
161 80
161 87
161 97
161 98
161 107
161 112
161 114
161 116
161 125
161 131
161 138
161 142
161 150
161 156
161 171
161 184
161 192
162 0
162 3
162 15
162 22
162 31
162 38
162 39
162 41
162 45
162 47
162 50
162 52
162 66
162 68
162 73
162 76
162 83
162 86
162 91
162 104
162 111
162 119
162 122
162 130
162 137
162 152
162 154
162 155
162 176
162 182
162 183
162 187
162 190
162 192
162 197
163 5
163 16
163 20
163 27
163 30
163 35
163 44
163 63
163 69
163 72
163 74
163 76
163 78
163 83
163 90
163 96
163 101
163 110
163 111
163 113
163 116
163 118
163 155
163 156
163 164
163 169
163 181
163 184
163 186
163 192
163 193
164 1
164 2
164 4
164 10
164 15
164 17
164 18
164 19
164 20
164 22
164 28
164 29
164 30
164 42
164 50
164 55
164 56
164 59
164 62
164 70
164 74
164 75
164 79
164 81
164 92
164 99
164 105
164 106
164 111
164 118
164 143
164 152
164 157
164 163
164 167
164 170
164 178
164 184
164 188
164 192
164 193
164 199
165 8
165 9
165 11
165 28
165 29
165 43
165 47
165 56
165 59
165 68
165 70
165 73
165 78
165 79
165 86
165 92
165 94
165 99
165 105
165 122
165 123
165 131
165 133
165 146
165 148
165 151
165 154
165 155
165 156
165 157
165 168
165 169
165 176
165 180
165 181
165 183
165 194
166 6
166 14
166 16
166 31
166 37
166 39
166 40
166 41
166 44
166 45
166 47
166 51
166 52
166 56
166 59
166 63
166 64
166 66
166 71
166 73
166 74
166 75
166 82
166 97
166 101
166 104
166 137
166 138
166 141
166 148
166 151
166 173
166 175
166 180
166 182
166 184
166 187
166 189
166 190
166 195
166 198
166 199
167 0
167 4
167 12
167 16
167 20
167 23
167 25
167 26
167 28
167 40
167 45
167 56
167 58
167 70
167 73
167 80
167 88
167 98
167 99
167 110
167 118
167 119
167 122
167 125
167 127
167 148
167 158
167 159
167 164
167 168
167 169
167 173
167 174
167 180
167 186
167 198
168 8
168 9
168 13
168 18
168 22
168 25
168 28
168 31
168 34
168 43
168 56
168 63
168 65
168 72
168 85
168 87
168 91
168 92
168 94
168 103
168 104
168 106
168 108
168 112
168 114
168 118
168 122
168 124
168 130
168 141
168 147
168 152
168 155
168 157
168 158
168 165
168 167
168 173
168 180
168 182
168 183
168 184
168 193
168 195
169 11
169 12
169 13
169 20
169 28
169 32
169 33
169 35
169 36
169 41
169 44
169 57
169 63
169 64
169 65
169 66
169 67
169 74
169 81
169 94
169 102
169 110
169 114
169 116
169 126
169 139
169 145
169 151
169 157
169 163
169 165
169 167
169 178
169 179
169 183
169 186
169 188
169 195
169 198
170 12
170 17
170 19
170 25
170 35
170 41
170 43
170 45
170 49
170 50
170 55
170 57
170 61
170 62
170 65
170 66
170 71
170 91
170 97
170 102
170 103
170 105
170 107
170 109
170 113
170 115
170 125
170 129
170 137
170 143
170 146
170 147
170 152
170 160
170 164
170 177
170 179
170 188
170 193
171 6
171 7
171 18
171 24
171 27
171 32
171 35
171 43
171 47
171 59
171 65
171 66
171 67
171 72
171 86
171 100
171 110
171 112
171 114
171 118
171 127
171 129
171 133
171 135
171 138
171 145
171 151
171 153
171 155
171 156
171 157
171 159
171 161
171 175
171 176
171 177
171 183
171 190
171 192
172 3
172 20
172 22
172 23
172 26
172 31
172 32
172 37
172 40
172 43
172 47
172 61
172 70
172 76
172 83
172 85
172 86
172 88
172 98
172 100
172 102
172 103
172 105
172 106
172 108
172 109
172 114
172 117
172 118
172 132
172 143
172 145
172 150
172 177
172 183
172 187
172 191
172 192
172 195
172 196
173 1
173 3
173 19
173 32
173 34
173 37
173 39
173 40
173 44
173 49
173 53
173 61
173 62
173 64
173 69
173 76
173 91
173 92
173 105
173 116
173 123
173 128
173 137
173 141
173 145
173 157
173 166
173 167
173 168
173 185
173 189
173 190
174 0
174 3
174 6
174 8
174 10
174 20
174 26
174 36
174 43
174 46
174 49
174 56
174 75
174 76
174 78
174 83
174 84
174 86
174 91
174 93
174 108
174 111
174 112
174 118
174 126
174 130
174 134
174 138
174 140
174 147
174 151
174 152
174 167
174 180
174 189
174 191
174 193
174 199
175 3
175 4
175 11
175 16
175 33
175 43
175 48
175 50
175 51
175 62
175 63
175 70
175 77
175 88
175 93
175 108
175 114
175 125
175 131
175 136
175 138
175 146
175 148
175 154
175 158
175 160
175 166
175 171
175 179
175 182
175 183
175 193
175 195
175 196
175 197
175 199
176 5
176 14
176 35
176 38
176 49
176 50
176 56
176 62
176 68
176 77
176 89
176 92
176 95
176 102
176 105
176 106
176 111
176 120
176 127
176 134
176 142
176 146
176 152
176 156
176 158
176 162
176 165
176 171
176 181
176 182
176 185
176 188
176 194
177 6
177 7
177 9
177 15
177 16
177 18
177 20
177 29
177 34
177 37
177 38
177 44
177 48
177 54
177 59
177 65
177 66
177 69
177 75
177 78
177 88
177 94
177 99
177 103
177 107
177 111
177 117
177 119
177 125
177 129
177 130
177 136
177 142
177 144
177 146
177 149
177 160
177 170
177 171
177 172
177 180
177 183
177 185
177 195
178 1
178 2
178 3
178 5
178 6
178 10
178 19
178 22
178 29
178 31
178 34
178 35
178 39
178 41
178 51
178 55
178 58
178 62
178 65
178 67
178 68
178 74
178 82
178 84
178 86
178 105
178 107
178 113
178 115
178 116
178 119
178 121
178 122
178 124
178 127
178 136
178 141
178 144
178 149
178 155
178 158
178 160
178 164
178 169
178 180
178 185
178 186
178 197
179 4
179 11
179 14
179 15
179 17
179 23
179 29
179 32
179 44
179 54
179 59
179 63
179 65
179 67
179 71
179 74
179 78
179 80
179 82
179 83
179 90
179 97
179 106
179 112
179 113
179 116
179 119
179 123
179 128
179 132
179 135
179 151
179 169
179 170
179 175
179 194
179 197
179 198
180 0
180 7
180 12
180 13
180 19
180 20
180 31
180 33
180 41
180 48
180 51
180 60
180 67
180 68
180 71
180 72
180 73
180 74
180 83
180 88
180 90
180 92
180 93
180 108
180 112
180 114
180 120
180 123
180 130
180 133
180 142
180 148
180 151
180 156
180 160
180 165
180 166
180 167
180 168
180 174
180 177
180 178
180 183
180 190
180 191
181 6
181 10
181 12
181 18
181 23
181 24
181 29
181 34
181 38
181 42
181 43
181 47
181 50
181 57
181 59
181 60
181 63
181 68
181 70
181 75
181 81
181 90
181 93
181 97
181 103
181 109
181 116
181 118
181 127
181 134
181 139
181 140
181 146
181 157
181 158
181 163
181 165
181 176
181 187
181 192
181 193
181 195
181 198
182 8
182 9
182 13
182 18
182 20
182 22
182 35
182 37
182 38
182 42
182 47
182 49
182 51
182 52
182 58
182 59
182 62
182 74
182 76
182 78
182 86
182 88
182 89
182 90
182 96
182 97
182 98
182 111
182 112
182 113
182 117
182 118
182 124
182 125
182 134
182 139
182 151
182 153
182 154
182 157
182 162
182 166
182 168
182 175
182 176
182 184
182 185
183 2
183 8
183 10
183 11
183 18
183 20
183 24
183 25
183 26
183 31
183 36
183 39
183 43
183 56
183 66
183 67
183 69
183 79
183 89
183 92
183 94
183 95
183 110
183 116
183 124
183 125
183 127
183 128
183 131
183 136
183 137
183 148
183 151
183 158
183 159
183 162
183 165
183 168
183 169
183 171
183 172
183 175
183 177
183 180
183 187
183 189
183 190
183 192
183 193
183 195
183 197
184 1
184 7
184 13
184 20
184 22
184 26
184 30
184 37
184 38
184 42
184 43
184 46
184 51
184 72
184 84
184 85
184 90
184 93
184 96
184 98
184 111
184 114
184 118
184 121
184 130
184 141
184 145
184 154
184 161
184 163
184 164
184 166
184 168
184 182
184 190
184 192
184 196
184 199
185 0
185 1
185 9
185 22
185 29
185 39
185 40
185 45
185 57
185 58
185 60
185 63
185 69
185 73
185 80
185 81
185 82
185 83
185 86
185 93
185 111
185 112
185 116
185 131
185 139
185 141
185 144
185 146
185 153
185 156
185 173
185 176
185 177
185 178
185 182
185 187
185 198
186 3
186 4
186 11
186 14
186 18
186 25
186 26
186 28
186 31
186 38
186 47
186 54
186 55
186 56
186 58
186 61
186 63
186 69
186 75
186 77
186 79
186 80
186 81
186 90
186 95
186 96
186 100
186 110
186 114
186 118
186 119
186 122
186 123
186 127
186 128
186 129
186 134
186 135
186 139
186 140
186 141
186 143
186 147
186 151
186 158
186 163
186 167
186 169
186 178
186 187
186 188
186 195
186 199
187 15
187 16
187 20
187 25
187 26
187 37
187 41
187 43
187 46
187 53
187 56
187 59
187 62
187 78
187 90
187 93
187 98
187 100
187 111
187 112
187 113
187 127
187 134
187 141
187 142
187 147
187 150
187 151
187 162
187 166
187 172
187 181
187 183
187 185
187 186
188 2
188 9
188 10
188 12
188 16
188 20
188 22
188 29
188 30
188 34
188 38
188 39
188 45
188 52
188 54
188 59
188 63
188 68
188 79
188 92
188 95
188 96
188 100
188 101
188 105
188 106
188 112
188 113
188 116
188 118
188 119
188 132
188 135
188 138
188 139
188 143
188 149
188 158
188 164
188 169
188 170
188 176
188 186
188 189
188 191
188 193
188 197
189 3
189 4
189 7
189 11
189 12
189 20
189 29
189 33
189 40
189 43
189 45
189 50
189 51
189 55
189 57
189 59
189 60
189 64
189 67
189 70
189 76
189 77
189 78
189 93
189 97
189 99
189 100
189 108
189 116
189 117
189 120
189 128
189 134
189 137
189 138
189 141
189 142
189 146
189 153
189 159
189 166
189 173
189 174
189 183
189 188
189 191
189 196
190 3
190 12
190 16
190 19
190 21
190 22
190 31
190 33
190 40
190 47
190 51
190 67
190 68
190 75
190 81
190 83
190 85
190 92
190 97
190 101
190 112
190 120
190 123
190 124
190 130
190 133
190 139
190 142
190 146
190 154
190 155
190 157
190 162
190 166
190 171
190 173
190 180
190 183
190 184
190 195
191 1
191 4
191 9
191 10
191 12
191 15
191 16
191 27
191 29
191 31
191 34
191 38
191 45
191 48
191 60
191 61
191 65
191 72
191 75
191 77
191 78
191 80
191 84
191 89
191 94
191 95
191 106
191 107
191 116
191 118
191 137
191 140
191 143
191 147
191 150
191 152
191 160
191 172
191 174
191 180
191 188
191 189
191 196
191 199
192 6
192 11
192 13
192 17
192 18
192 21
192 31
192 32
192 36
192 38
192 43
192 44
192 50
192 52
192 74
192 83
192 84
192 92
192 95
192 102
192 106
192 112
192 115
192 125
192 126
192 141
192 143
192 145
192 160
192 161
192 162
192 163
192 164
192 171
192 172
192 181
192 183
192 184
193 1
193 13
193 16
193 20
193 21
193 25
193 26
193 34
193 36
193 39
193 41
193 43
193 47
193 48
193 50
193 54
193 63
193 66
193 74
193 76
193 81
193 90
193 94
193 97
193 98
193 99
193 115
193 128
193 130
193 132
193 141
193 146
193 148
193 150
193 163
193 164
193 168
193 170
193 174
193 175
193 181
193 183
193 188
193 197
193 198
194 0
194 2
194 14
194 15
194 20
194 23
194 34
194 37
194 40
194 47
194 52
194 54
194 62
194 63
194 69
194 79
194 81
194 96
194 101
194 102
194 106
194 112
194 114
194 127
194 131
194 132
194 136
194 142
194 157
194 165
194 176
194 179
195 17
195 18
195 22
195 24
195 27
195 38
195 44
195 59
195 66
195 68
195 73
195 75
195 77
195 81
195 84
195 85
195 99
195 102
195 104
195 106
195 107
195 109
195 114
195 117
195 118
195 119
195 122
195 129
195 131
195 133
195 134
195 138
195 152
195 166
195 168
195 169
195 172
195 175
195 177
195 181
195 183
195 186
195 190
195 196
195 197
196 2
196 9
196 13
196 16
196 17
196 27
196 30
196 37
196 39
196 45
196 57
196 60
196 64
196 67
196 68
196 73
196 84
196 90
196 98
196 100
196 102
196 108
196 113
196 114
196 120
196 122
196 131
196 137
196 138
196 139
196 148
196 149
196 154
196 160
196 172
196 175
196 184
196 189
196 191
196 195
197 2
197 3
197 5
197 12
197 17
197 19
197 27
197 29
197 33
197 34
197 36
197 37
197 41
197 46
197 47
197 52
197 62
197 63
197 76
197 78
197 101
197 112
197 113
197 120
197 121
197 141
197 154
197 162
197 175
197 178
197 179
197 183
197 188
197 193
197 195
198 1
198 3
198 8
198 13
198 17
198 19
198 26
198 28
198 33
198 35
198 39
198 43
198 44
198 51
198 53
198 54
198 58
198 59
198 63
198 64
198 67
198 74
198 81
198 83
198 84
198 85
198 86
198 88
198 90
198 93
198 97
198 98
198 101
198 103
198 123
198 128
198 133
198 135
198 139
198 149
198 151
198 166
198 167
198 169
198 179
198 181
198 185
198 193
199 0
199 1
199 2
199 9
199 11
199 15
199 26
199 29
199 30
199 34
199 35
199 37
199 38
199 41
199 48
199 53
199 54
199 61
199 63
199 74
199 85
199 86
199 97
199 100
199 113
199 120
199 122
199 143
199 148
199 150
199 152
199 164
199 166
199 174
199 175
199 184
199 186
199 191