200 993
0 9
0 22
0 57
0 79
0 107
0 131
0 135
0 153
0 158
0 180
0 181
1 30
1 56
1 59
1 122
1 125
1 135
1 178
1 180
2 28
2 34
2 38
2 39
2 54
2 71
2 81
2 109
2 124
2 145
2 146
2 154
2 169
2 187
2 193
3 49
3 50
3 55
3 72
3 89
3 101
3 109
3 149
3 155
3 166
3 173
3 177
3 178
3 192
3 197
4 27
4 71
4 95
4 125
4 133
4 175
4 178
4 191
5 12
5 49
5 78
5 86
5 87
5 96
5 97
5 117
5 127
5 133
5 145
5 149
5 158
5 174
6 9
6 14
6 15
6 33
6 46
6 56
6 68
6 72
6 99
6 153
6 198
7 32
7 70
7 89
7 90
7 128
7 140
7 149
7 178
7 182
7 184
8 12
8 29
8 35
8 46
8 47
8 54
8 72
8 73
8 117
8 123
8 168
8 178
8 179
8 192
9 0
9 6
9 28
9 34
9 56
9 59
9 114
9 118
9 152
9 163
9 182
9 189
9 193
10 12
10 56
10 65
10 112
10 151
10 188
10 189
11 55
11 60
11 85
11 105
11 143
12 5
12 8
12 10
12 21
12 37
12 38
12 43
12 54
12 58
12 61
12 90
12 142
12 154
12 163
12 184
13 16
13 20
13 61
13 113
13 136
13 150
13 164
13 170
13 186
13 193
13 196
13 199
14 6
14 25
14 56
14 85
14 118
14 125
14 159
14 168
14 181
15 6
15 57
15 60
15 73
15 77
15 82
15 108
15 113
15 131
15 143
15 150
15 191
16 13
16 36
16 54
16 79
16 94
16 121
16 168
16 197
17 30
17 64
17 85
17 121
17 131
17 146
17 154
18 50
18 52
18 72
18 91
18 129
18 137
19 25
19 102
19 110
19 124
19 126
19 172
19 182
20 13
20 25
20 36
20 40
20 44
20 89
20 93
20 94
20 104
20 117
20 130
20 132
20 156
20 172
20 197
21 12
21 49
21 61
21 74
21 94
21 101
21 117
21 146
21 192
21 195
22 0
22 39
22 48
22 68
22 72
22 103
22 138
22 162
22 175
22 196
23 25
23 28
23 33
23 86
23 111
23 145
24 35
24 79
24 92
24 127
24 168
24 187
25 14
25 19
25 20
25 23
25 80
25 107
25 133
25 159
25 162
25 188
26 32
26 36
26 118
26 123
26 186
27 4
27 35
27 47
27 48
27 53
27 58
27 102
27 140
27 159
27 196
28 2
28 9
28 23
28 40
28 51
28 52
28 112
28 153
28 156
28 163
28 174
28 192
29 8
29 46
29 93
29 134
29 143
29 153
29 197
30 1
30 17
30 56
30 90
30 93
30 129
30 136
30 165
30 178
30 194
31 48
31 63
31 74
31 78
31 91
31 150
31 199
32 7
32 26
32 35
32 38
32 42
32 55
32 109
32 128
32 138
32 156
32 176
32 187
32 192
33 6
33 23
33 49
33 75
33 125
33 184
34 2
34 9
34 72
34 84
34 86
34 112
34 129
34 131
34 141
34 145
34 182
34 188
34 191
35 8
35 24
35 27
35 32
35 54
35 68
35 106
35 114
35 127
35 133
35 136
35 148
35 156
35 176
35 181
36 16
36 20
36 26
36 63
36 70
36 129
36 176
36 195
37 12
37 44
37 63
37 85
37 87
37 162
37 179
38 2
38 12
38 32
38 46
38 58
38 87
38 102
38 116
38 141
38 152
38 186
38 196
39 2
39 22
39 45
39 49
39 114
39 116
39 118
39 130
39 135
39 151
39 159
39 166
39 174
39 183
40 20
40 28
40 63
40 92
40 100
40 102
40 106
40 113
40 117
40 135
40 177
41 62
41 76
41 85
41 99
41 134
41 186
41 195
42 32
42 45
42 74
42 75
42 85
42 114
42 136
42 150
42 162
42 171
42 176
42 180
42 197
43 12
43 53
43 91
43 108
43 110
43 171
44 20
44 37
44 75
44 92
44 152
44 185
44 196
45 39
45 42
45 54
45 58
45 59
45 66
45 70
45 106
45 107
45 157
45 168
46 6
46 8
46 29
46 38
46 60
46 63
46 67
46 103
46 124
46 166
46 174
46 186
47 8
47 27
47 58
47 59
47 115
47 127
47 134
47 139
47 163
48 22
48 27
48 31
48 56
48 67
48 91
48 109
48 121
48 128
48 131
48 142
48 187
49 3
49 5
49 21
49 33
49 39
49 61
49 63
49 70
49 78
49 107
49 112
49 122
49 157
49 191
49 196
50 3
50 18
50 61
50 73
50 82
50 117
50 161
50 184
50 186
50 191
50 192
51 28
51 89
51 96
51 117
51 143
51 165
51 169
51 198
52 18
52 28
52 54
52 58
52 87
52 126
52 160
52 172
52 179
52 186
52 195
53 27
53 43
53 61
53 65
53 132
53 159
53 174
53 180
54 2
54 8
54 12
54 16
54 35
54 45
54 52
54 65
54 81
54 97
54 116
54 144
54 161
55 3
55 11
55 32
55 63
55 83
55 107
55 146
55 155
55 185
55 191
55 195
56 1
56 6
56 9
56 10
56 14
56 30
56 48
56 118
56 126
56 163
57 0
57 15
57 75
57 81
57 90
57 94
57 96
57 98
57 111
57 117
57 132
57 140
57 174
58 12
58 27
58 38
58 45
58 47
58 52
58 78
58 120
58 128
58 160
59 1
59 9
59 45
59 47
59 66
59 73
59 120
59 138
59 166
59 191
59 196
60 11
60 15
60 46
60 74
60 96
60 97
60 134
60 156
60 157
60 159
60 161
60 181
61 12
61 13
61 21
61 49
61 50
61 53
61 84
61 100
61 114
61 130
61 167
61 173
61 191
61 199
62 41
62 66
62 137
62 154
62 194
63 31
63 36
63 37
63 40
63 46
63 49
63 55
63 147
64 17
64 65
64 75
64 87
64 97
64 102
64 117
64 143
64 149
64 165
64 197
65 10
65 53
65 54
65 64
65 88
65 126
65 139
65 164
66 45
66 59
66 62
66 90
66 91
66 110
66 113
66 152
66 171
66 187
67 46
67 48
67 76
67 80
67 87
67 94
67 97
67 129
67 140
67 168
67 169
67 174
67 185
68 6
68 22
68 35
68 123
69 79
69 89
69 113
69 117
69 155
69 157
69 180
70 7
70 36
70 45
70 49
70 74
70 75
70 121
70 165
70 169
70 170
71 2
71 4
71 73
71 83
71 115
71 140
71 170
71 195
71 198
72 3
72 6
72 8
72 18
72 22
72 34
72 84
72 96
72 103
72 104
72 121
72 148
72 162
72 181
73 8
73 15
73 50
73 59
73 71
73 100
73 110
73 122
73 182
73 184
73 191
74 21
74 31
74 42
74 60
74 70
74 96
74 104
74 120
74 151
74 154
75 33
75 42
75 44
75 57
75 64
75 70
75 76
75 116
75 134
75 172
75 180
75 192
76 41
76 67
76 75
76 141
76 164
76 179
77 15
77 137
77 144
77 151
78 5
78 31
78 49
78 58
78 103
78 119
78 152
78 153
78 156
78 158
78 195
79 0
79 16
79 24
79 69
79 95
79 139
79 161
79 189
80 25
80 67
80 96
80 114
80 131
80 143
80 148
80 159
80 168
80 189
80 194
81 2
81 54
81 57
81 88
81 111
81 115
81 138
81 141
81 149
81 153
81 176
82 15
82 50
82 104
82 111
82 122
82 155
82 180
83 55
83 71
83 94
83 156
83 164
83 166
83 183
83 186
83 199
84 34
84 61
84 72
84 95
84 143
84 183
85 11
85 14
85 17
85 37
85 41
85 42
85 112
85 113
85 123
85 162
85 170
85 173
85 178
85 196
85 198
86 5
86 23
86 34
86 93
86 113
86 124
86 151
86 174
86 176
86 179
86 190
86 198
87 5
87 37
87 38
87 52
87 64
87 67
87 89
87 90
87 163
87 185
87 188
88 65
88 81
88 132
88 133
88 150
88 158
88 195
89 3
89 7
89 20
89 51
89 69
89 87
89 98
89 126
89 159
89 187
90 7
90 12
90 30
90 57
90 66
90 87
90 92
90 115
90 129
90 175
90 188
90 190
91 18
91 31
91 43
91 48
91 66
91 93
91 109
91 152
92 24
92 40
92 44
92 90
92 98
92 100
92 132
92 143
92 156
92 164
92 171
93 20
93 29
93 30
93 86
93 91
93 106
93 118
93 119
93 121
93 125
93 135
93 184
93 192
94 16
94 20
94 21
94 57
94 67
94 83
94 105
94 146
94 154
94 161
94 165
94 170
95 4
95 79
95 84
95 114
95 125
95 135
95 138
95 144
95 178
95 188
95 193
96 5
96 51
96 57
96 60
96 72
96 74
96 80
96 144
96 173
96 199
97 5
97 54
97 60
97 64
97 67
97 168
97 170
97 175
97 183
98 57
98 89
98 92
98 130
98 147
98 166
98 191
99 6
99 41
99 121
99 125
99 128
99 130
99 141
99 153
99 161
99 162
99 176
100 40
100 61
100 73
100 92
100 138
100 172
100 198
101 3
101 21
101 122
101 138
101 141
101 193
101 196
102 19
102 27
102 38
102 40
102 64
102 171
102 186
102 198
103 22
103 46
103 72
103 78
103 133
103 137
103 174
103 181
104 20
104 72
104 74
104 82
104 115
104 117
104 156
105 11
105 94
105 128
105 169
105 195
105 197
106 35
106 40
106 45
106 93
106 117
106 124
106 164
106 173
106 190
106 197
107 0
107 25
107 45
107 49
107 55
107 121
107 127
107 145
107 189
108 15
108 43
108 109
108 124
108 131
108 145
108 174
108 190
109 2
109 3
109 32
109 48
109 91
109 108
109 112
109 123
109 133
109 151
109 155
109 169
109 192
110 19
110 43
110 66
110 73
110 112
111 23
111 57
111 81
111 82
111 118
111 122
111 138
111 159
112 10
112 28
112 34
112 49
112 85
112 109
112 110
112 139
112 197
113 13
113 15
113 40
113 66
113 69
113 85
113 86
113 154
113 166
113 188
114 9
114 35
114 39
114 42
114 61
114 80
114 95
114 115
114 145
114 162
114 179
115 47
115 71
115 81
115 90
115 104
115 114
115 124
115 139
115 140
115 192
116 38
116 39
116 54
116 75
116 122
116 185
116 192
116 194
117 5
117 8
117 20
117 21
117 40
117 50
117 51
117 57
117 64
117 69
117 104
117 106
117 133
117 164
117 173
117 192
118 9
118 14
118 26
118 39
118 56
118 93
118 111
118 120
118 141
118 143
118 158
119 78
119 93
119 121
119 133
120 58
120 59
120 74
120 118
120 170
120 176
120 178
120 191
121 16
121 17
121 48
121 70
121 72
121 93
121 99
121 107
121 119
121 126
121 149
121 150
121 181
121 196
121 198
122 1
122 49
122 73
122 82
122 101
122 111
122 116
122 150
122 168
122 184
123 8
123 26
123 68
123 85
123 109
123 135
123 172
123 173
123 183
123 193
124 2
124 19
124 46
124 86
124 106
124 108
124 115
124 136
124 158
124 179
125 1
125 4
125 14
125 33
125 93
125 95
125 99
125 127
125 128
125 129
125 163
125 167
125 195
126 19
126 52
126 56
126 65
126 89
126 121
126 128
126 142
126 155
126 198
127 5
127 24
127 35
127 47
127 107
127 125
127 133
127 138
127 140
127 166
127 192
128 7
128 32
128 48
128 58
128 99
128 105
128 125
128 126
128 147
129 18
129 30
129 34
129 36
129 67
129 90
129 125
129 149
129 184
129 188
129 198
129 199
130 20
130 39
130 61
130 98
130 99
130 193
131 0
131 15
131 17
131 34
131 48
131 80
131 108
132 20
132 53
132 57
132 88
132 92
132 134
132 189
133 4
133 5
133 25
133 35
133 88
133 103
133 109
133 117
133 119
133 127
133 137
133 167
134 29
134 41
134 47
134 60
134 75
134 132
134 192
134 195
135 0
135 1
135 39
135 40
135 93
135 95
135 123
135 147
135 153
135 198
136 13
136 30
136 35
136 42
136 124
136 165
136 195
137 18
137 62
137 77
137 103
137 133
137 139
137 180
138 22
138 32
138 59
138 81
138 95
138 100
138 101
138 111
138 127
138 162
139 47
139 65
139 79
139 112
139 115
139 137
139 150
139 166
139 182
139 192
140 7
140 27
140 57
140 67
140 71
140 115
140 127
140 143
141 34
141 38
141 76
141 81
141 99
141 101
141 118
141 151
141 162
141 171
141 193
141 194
142 12
142 48
142 126
142 156
142 182
142 187
143 11
143 15
143 29
143 51
143 64
143 80
143 84
143 92
143 118
143 140
143 169
143 171
143 177
143 186
144 54
144 77
144 95
144 96
144 157
144 159
144 180
144 183
144 186
144 189
144 192
144 197
145 2
145 5
145 23
145 34
145 107
145 108
145 114
145 156
145 194
146 2
146 17
146 21
146 55
146 94
146 151
146 155
147 63
147 98
147 128
147 135
147 183
148 35
148 72
148 80
149 3
149 5
149 7
149 64
149 81
149 121
149 129
149 155
149 187
149 195
150 13
150 15
150 31
150 42
150 88
150 121
150 122
150 139
150 156
150 182
151 10
151 39
151 74
151 77
151 86
151 109
151 141
151 146
151 172
151 175
151 190
151 197
152 9
152 38
152 44
152 66
152 78
152 91
152 158
153 0
153 6
153 28
153 29
153 78
153 81
153 99
153 135
153 156
153 161
153 170
153 192
154 2
154 12
154 17
154 62
154 74
154 94
154 113
154 166
154 178
154 199
155 3
155 55
155 69
155 82
155 109
155 126
155 146
155 149
155 169
155 178
156 20
156 28
156 32
156 35
156 60
156 78
156 83
156 92
156 104
156 142
156 145
156 150
156 153
156 160
156 187
156 197
157 45
157 49
157 60
157 69
157 144
157 158
157 173
157 179
157 183
158 0
158 5
158 78
158 88
158 118
158 124
158 152
158 157
158 164
158 166
158 168
159 14
159 25
159 27
159 39
159 53
159 60
159 80
159 89
159 111
159 144
159 174
159 186
159 197
159 199
160 52
160 58
160 156
160 181
160 191
161 50
161 54
161 60
161 79
161 94
161 99
161 153
161 166
162 22
162 25
162 37
162 42
162 72
162 85
162 99
162 114
162 138
162 141
163 9
163 12
163 28
163 47
163 56
163 87
163 125
163 171
163 182
163 188
163 197
164 13
164 65
164 76
164 83
164 92
164 106
164 117
164 158
165 30
165 51
165 64
165 70
165 94
165 136
165 173
165 174
165 183
165 188
166 3
166 39
166 46
166 59
166 83
166 98
166 113
166 127
166 139
166 154
166 158
166 161
166 199
167 61
167 125
167 133
167 173
167 175
167 179
167 187
167 198
168 8
168 14
168 16
168 24
168 45
168 67
168 80
168 97
168 122
168 158
169 2
169 51
169 67
169 70
169 105
169 109
169 143
169 155
169 172
169 182
169 189
170 13
170 70
170 71
170 85
170 94
170 97
170 120
170 153
170 172
170 192
171 42
171 43
171 66
171 92
171 102
171 141
171 143
171 163
171 175
172 19
172 20
172 52
172 75
172 100
172 123
172 151
172 169
172 170
172 187
172 193
173 3
173 61
173 85
173 96
173 106
173 117
173 123
173 157
173 165
173 167
174 5
174 28
174 39
174 46
174 53
174 57
174 67
174 86
174 103
174 108
174 159
174 165
175 4
175 22
175 90
175 97
175 151
175 167
175 171
175 177
175 186
175 188
175 189
176 32
176 35
176 36
176 42
176 81
176 86
176 99
176 120
176 198
177 3
177 40
177 143
177 175
178 1
178 3
178 4
178 7
178 8
178 30
178 85
178 95
178 120
178 154
178 155
178 184
178 190
178 199
179 8
179 37
179 52
179 76
179 86
179 114
179 124
179 157
179 167
179 182
179 186
180 0
180 1
180 42
180 53
180 69
180 75
180 82
180 137
180 144
180 185
181 0
181 14
181 35
181 60
181 72
181 103
181 121
181 160
181 195
182 7
182 9
182 19
182 34
182 73
182 139
182 142
182 150
182 163
182 169
182 179
183 39
183 83
183 84
183 97
183 123
183 144
183 147
183 157
183 165
183 192
184 7
184 12
184 33
184 50
184 73
184 93
184 122
184 129
184 178
185 44
185 55
185 67
185 87
185 116
185 180
185 194
185 198
186 13
186 26
186 38
186 41
186 46
186 50
186 52
186 83
186 102
186 143
186 144
186 159
186 175
186 179
186 188
186 197
187 2
187 24
187 32
187 48
187 66
187 89
187 142
187 149
187 156
187 167
187 172
188 10
188 25
188 34
188 87
188 90
188 95
188 113
188 129
188 163
188 165
188 175
188 186
189 9
189 10
189 79
189 80
189 107
189 132
189 144
189 169
189 175
190 86
190 90
190 106
190 108
190 151
190 178
190 195
191 4
191 15
191 34
191 49
191 50
191 55
191 59
191 61
191 73
191 98
191 120
191 160
192 3
192 8
192 21
192 28
192 32
192 50
192 75
192 93
192 109
192 115
192 116
192 117
192 127
192 134
192 139
192 144
192 153
192 170
192 183
193 2
193 9
193 13
193 95
193 101
193 123
193 130
193 141
193 172
194 30
194 62
194 80
194 116
194 141
194 145
194 185
194 199
195 21
195 36
195 41
195 52
195 55
195 71
195 78
195 88
195 105
195 125
195 134
195 136
195 149
195 181
195 190
196 13
196 22
196 27
196 38
196 44
196 49
196 59
196 85
196 101
196 121
197 3
197 16
197 20
197 29
197 42
197 64
197 105
197 106
197 112
197 144
197 151
197 156
197 159
197 163
197 186
198 6
198 51
198 71
198 85
198 86
198 100
198 102
198 121
198 126
198 129
198 135
198 167
198 176
198 185
199 13
199 31
199 61
199 83
199 96
199 129
199 154
199 159
199 166
199 178
199 194