500 3168
0 17
0 65
0 80
0 101
0 108
0 142
0 155
0 403
0 409
1 112
1 158
1 193
1 227
1 231
1 323
1 344
1 399
1 452
1 465
2 30
2 78
2 86
2 162
2 164
2 175
2 183
2 260
2 267
2 295
2 385
2 391
2 406
2 418
2 419
2 427
3 16
3 79
3 85
3 102
3 129
3 130
3 135
3 160
3 307
3 327
3 344
3 360
3 439
3 491
4 129
4 171
4 194
4 230
4 248
4 249
4 308
4 319
4 332
4 453
4 480
5 55
5 59
5 63
5 71
5 133
5 138
5 169
5 199
5 280
5 329
5 366
5 401
5 406
5 410
5 457
5 482
6 25
6 29
6 55
6 117
6 149
6 208
6 244
6 301
6 307
6 327
6 365
6 395
6 404
6 466
6 482
7 14
7 111
7 126
7 215
7 219
7 300
7 331
7 354
7 449
8 29
8 35
8 49
8 154
8 272
8 283
8 307
8 415
8 421
8 457
8 463
8 472
8 474
9 12
9 57
9 86
9 132
9 136
9 298
9 338
9 341
9 352
9 403
9 437
9 462
9 493
10 31
10 43
10 71
10 118
10 144
10 262
10 310
10 354
10 413
10 477
10 491
10 497
11 13
11 69
11 114
11 129
11 166
11 185
11 207
11 235
11 339
11 350
11 361
11 426
11 437
12 9
12 47
12 58
12 118
12 190
12 192
12 197
12 204
12 207
12 211
12 273
12 338
12 398
12 488
12 494
12 498
13 11
13 18
13 94
13 197
13 200
13 218
13 246
13 262
13 311
13 376
13 406
13 444
13 483
14 7
14 94
14 186
14 233
14 254
14 284
14 287
14 308
14 327
14 419
14 420
14 477
14 493
15 63
15 68
15 78
15 89
15 100
15 110
15 177
15 181
15 243
15 281
15 298
15 308
15 343
15 344
15 398
15 475
15 495
16 3
16 35
16 111
16 120
16 152
16 161
16 168
16 170
16 180
16 201
16 222
16 252
16 294
16 319
16 369
16 400
16 440
16 464
16 472
17 0
17 24
17 120
17 170
17 190
17 208
17 246
17 284
17 428
17 449
18 13
18 95
18 267
18 303
18 357
18 468
19 115
19 118
19 180
19 237
19 247
19 294
19 322
19 333
19 359
19 372
19 413
19 457
20 41
20 146
20 203
20 302
20 319
20 373
20 433
20 451
20 473
21 48
21 55
21 66
21 72
21 73
21 115
21 159
21 177
21 223
21 260
21 266
21 354
21 415
21 427
21 439
21 470
21 472
22 105
22 146
22 162
22 177
22 227
22 255
22 310
22 329
22 359
23 71
23 139
23 140
23 154
23 155
23 213
23 243
23 245
23 257
23 272
23 275
23 298
23 367
23 386
23 430
23 445
24 17
24 149
24 170
24 175
24 202
24 212
24 259
24 281
24 432
24 447
25 6
25 107
25 109
25 155
25 189
25 263
25 304
25 322
25 334
25 401
25 410
25 450
26 69
26 76
26 164
26 189
26 304
26 311
26 336
26 422
27 136
27 148
27 219
27 240
27 263
27 267
27 276
27 328
27 433
27 446
27 483
28 46
28 61
28 80
28 173
28 183
28 198
28 208
28 322
28 445
29 6
29 8
29 133
29 154
29 182
29 305
29 314
29 348
29 370
29 427
29 446
30 2
30 34
30 43
30 90
30 127
30 161
30 182
30 230
30 281
30 284
30 302
30 318
30 330
30 338
30 392
30 409
30 425
30 442
30 463
30 473
31 10
31 37
31 76
31 112
31 131
31 136
31 175
31 176
31 212
31 225
31 241
31 243
31 321
31 328
31 347
31 353
31 385
31 446
32 39
32 69
32 89
32 136
32 149
32 264
32 291
32 356
32 369
32 416
32 425
32 442
32 448
32 469
33 34
33 50
33 52
33 80
33 119
33 121
33 193
33 229
33 372
33 399
33 442
34 30
34 33
34 46
34 80
34 111
34 164
34 191
34 233
34 248
34 285
34 325
34 398
34 419
34 426
34 460
34 464
34 469
35 8
35 16
35 41
35 42
35 97
35 206
35 224
35 239
35 264
35 295
35 306
35 316
35 317
35 379
35 391
35 419
36 42
36 65
36 152
36 205
36 313
36 379
36 409
36 434
36 464
37 31
37 86
37 118
37 160
37 174
37 189
37 195
37 289
37 328
37 343
37 383
37 446
37 485
38 41
38 52
38 67
38 79
38 128
38 153
38 221
38 247
38 335
38 398
38 407
38 413
38 490
39 32
39 110
39 134
39 153
39 229
39 243
39 251
39 318
39 350
39 352
39 424
39 455
39 492
40 52
40 99
40 138
40 158
40 262
40 358
40 386
40 420
41 20
41 35
41 38
41 106
41 126
41 185
41 232
41 415
41 422
41 472
42 35
42 36
42 90
42 136
42 143
42 213
42 217
42 218
42 239
42 370
42 377
42 443
43 10
43 30
43 82
43 89
43 170
43 187
43 208
43 257
43 260
43 262
43 304
43 347
43 369
43 449
44 93
44 121
44 230
44 259
44 379
44 382
44 463
44 498
45 121
45 132
45 195
45 213
45 242
45 263
45 269
45 297
45 306
45 375
45 418
45 433
45 442
45 485
46 28
46 34
46 88
46 99
46 125
46 172
46 187
46 194
46 230
46 250
46 280
46 349
47 12
47 133
47 138
47 140
47 228
47 238
47 244
47 248
47 368
47 400
47 439
47 447
47 452
48 21
48 64
48 83
48 93
48 94
48 119
48 137
48 196
48 209
48 228
48 284
48 293
48 321
48 380
48 399
48 458
48 468
48 482
48 484
49 8
49 61
49 164
49 204
49 221
49 274
49 445
49 469
50 33
50 59
50 75
50 87
50 91
50 97
50 136
50 141
50 155
50 192
50 290
50 307
50 349
50 356
50 413
50 471
50 473
51 57
51 122
51 141
51 154
51 156
51 228
51 256
51 321
51 366
51 420
51 454
51 469
52 33
52 38
52 40
52 120
52 171
52 195
52 212
52 219
52 255
52 263
52 299
52 305
52 381
52 386
53 75
53 115
53 233
53 244
53 246
53 335
53 354
53 355
53 363
53 369
53 434
53 456
54 82
54 156
54 222
54 231
54 232
54 246
54 285
54 317
54 321
54 359
54 400
54 441
54 445
54 469
55 5
55 6
55 21
55 212
55 243
55 314
55 350
55 485
56 58
56 77
56 100
56 113
56 168
56 338
56 365
56 493
57 9
57 51
57 68
57 110
57 125
57 185
57 235
57 253
57 285
57 351
57 471
57 484
58 12
58 56
58 108
58 131
58 184
58 251
58 287
58 320
58 332
58 359
58 439
58 463
59 5
59 50
59 175
59 234
59 254
59 257
59 346
59 365
59 402
59 421
59 429
59 434
59 470
59 486
60 116
60 144
60 167
60 232
60 244
60 344
60 402
60 444
61 28
61 49
61 94
61 95
61 140
61 156
61 166
61 225
61 230
61 253
61 289
61 409
61 431
61 433
61 472
61 478
62 74
62 85
62 95
62 102
62 300
62 308
62 356
62 391
62 407
62 411
62 432
63 5
63 15
63 96
63 124
63 226
63 229
63 313
63 354
63 423
63 472
63 479
64 48
64 131
64 214
64 222
64 395
64 403
64 441
64 462
64 471
64 492
65 0
65 36
65 79
65 134
65 149
65 374
65 395
65 409
66 21
66 73
66 116
66 181
66 210
66 213
66 263
66 338
66 406
66 473
67 38
67 114
67 115
67 174
67 205
67 251
67 286
67 416
67 449
67 459
68 15
68 57
68 115
68 152
68 178
68 181
68 186
68 353
68 402
69 11
69 26
69 32
69 74
69 82
69 127
69 179
69 196
69 223
69 247
69 254
69 265
69 298
69 323
69 345
69 422
69 468
70 175
70 272
70 290
70 369
70 452
71 5
71 10
71 23
71 111
71 208
71 241
71 286
71 332
71 359
72 21
72 137
72 146
72 175
72 194
72 275
72 289
72 318
72 320
72 367
72 380
72 398
72 472
72 475
73 21
73 66
73 108
73 109
73 236
73 326
73 329
73 400
73 447
73 464
74 62
74 69
74 215
74 255
74 274
74 360
74 388
74 407
74 426
74 429
74 473
75 50
75 53
75 94
75 174
75 187
75 197
75 201
75 217
75 237
75 239
75 288
75 339
75 354
75 375
75 394
75 436
75 446
76 26
76 31
76 89
76 211
76 220
76 286
76 473
76 480
77 56
77 109
77 129
77 143
77 276
77 307
77 336
77 369
78 2
78 15
78 127
78 154
78 205
78 233
78 321
78 347
78 369
78 481
79 3
79 38
79 65
79 83
79 97
79 175
79 176
79 204
79 248
79 380
79 415
79 438
79 483
79 495
80 0
80 28
80 33
80 34
80 208
80 265
80 400
80 407
80 415
80 431
80 461
80 465
80 496
81 110
81 116
81 142
81 143
81 144
81 147
81 193
81 236
81 296
81 301
81 341
81 406
81 429
82 43
82 54
82 69
82 103
82 112
82 143
82 181
82 183
82 186
82 236
82 249
82 273
82 282
82 292
82 326
82 339
82 360
82 398
82 458
83 48
83 79
83 136
83 234
83 262
83 282
83 334
83 370
83 443
83 492
84 96
84 197
84 199
84 245
84 267
84 286
84 305
84 318
84 329
84 330
84 354
84 387
84 401
84 435
84 472
85 3
85 62
85 100
85 171
85 176
85 285
85 297
85 309
85 346
85 391
85 461
85 490
86 2
86 9
86 37
86 143
86 176
86 178
86 179
86 184
86 215
86 220
86 247
86 255
86 271
86 304
86 359
86 404
86 450
86 484
86 486
87 50
87 88
87 120
87 121
87 124
87 173
87 181
87 205
87 213
87 221
87 243
87 246
87 260
87 429
87 461
88 46
88 87
88 117
88 211
88 215
88 231
88 258
88 288
88 290
88 313
88 320
88 323
88 377
88 479
89 15
89 32
89 43
89 76
89 122
89 132
89 202
89 213
89 285
89 295
89 321
89 340
89 363
89 366
89 481
90 30
90 42
90 135
90 144
90 145
90 158
90 201
90 202
90 216
90 218
90 248
90 328
90 375
90 439
90 446
91 50
91 120
91 147
91 196
91 252
91 298
91 330
91 373
91 394
91 412
91 415
92 175
92 222
92 230
92 254
92 288
92 336
92 343
92 349
92 426
92 431
93 44
93 48
93 129
93 147
93 150
93 178
93 181
93 201
93 245
93 273
93 281
93 300
93 348
93 455
93 481
94 13
94 14
94 48
94 61
94 75
94 102
94 134
94 179
94 255
94 290
94 302
94 306
94 325
94 355
94 386
94 390
94 401
94 410
94 428
94 435
95 18
95 61
95 62
95 128
95 138
95 148
95 185
95 272
95 321
95 402
95 432
96 63
96 84
96 168
96 172
96 182
96 251
96 256
96 282
96 363
96 413
96 416
96 431
96 461
96 462
96 463
96 481
96 483
96 486
97 35
97 50
97 79
97 105
97 143
97 213
97 348
97 354
97 477
98 101
98 116
98 132
98 163
98 223
98 345
98 356
98 371
98 439
99 40
99 46
99 111
99 122
99 149
99 179
99 208
99 215
99 255
99 306
100 15
100 56
100 85
100 219
100 244
100 264
100 337
100 348
100 358
100 422
100 461
101 0
101 98
101 119
101 198
101 215
101 239
101 392
101 412
101 428
101 455
101 468
102 3
102 62
102 94
102 135
102 162
102 193
102 316
102 331
102 369
102 374
102 407
102 431
103 82
103 211
103 287
103 333
103 345
103 385
103 387
104 128
104 220
104 251
104 266
104 274
104 275
104 278
104 350
104 380
104 392
105 22
105 97
105 116
105 134
105 181
105 199
105 234
105 244
105 349
105 351
105 357
105 400
105 409
105 434
105 435
105 487
106 41
106 108
106 137
106 198
106 204
106 261
106 300
106 310
106 311
106 429
107 25
107 122
107 154
107 223
107 346
107 349
107 391
107 399
107 445
108 0
108 58
108 73
108 106
108 111
108 135
108 164
108 187
108 207
108 262
108 279
108 320
108 384
108 418
108 447
109 25
109 73
109 77
109 136
109 145
109 154
109 177
109 189
109 204
109 235
109 245
109 255
109 320
109 399
109 414
109 448
109 460
109 475
109 486
110 15
110 39
110 57
110 81
110 121
110 147
110 153
110 157
110 164
110 165
110 205
110 226
110 288
110 296
110 305
110 327
110 341
110 393
110 436
110 448
110 485
111 7
111 16
111 34
111 71
111 99
111 108
111 119
111 121
111 216
111 233
111 264
111 295
111 304
111 316
111 335
111 363
111 403
111 410
111 449
111 484
112 1
112 31
112 82
112 126
112 140
112 190
112 198
112 239
112 254
112 293
112 391
112 428
112 474
113 56
113 216
113 271
113 324
113 333
113 339
113 340
113 353
113 379
113 396
113 438
114 11
114 67
114 222
114 259
114 293
114 310
114 379
114 390
114 402
114 410
114 428
114 447
114 455
114 474
114 485
114 493
115 19
115 21
115 53
115 67
115 68
115 120
115 212
115 247
115 259
115 262
115 304
115 325
115 346
115 388
115 399
116 60
116 66
116 81
116 98
116 105
116 292
116 334
116 355
116 361
116 371
116 374
116 440
116 494
117 6
117 88
117 118
117 221
117 237
117 305
117 307
117 392
117 407
117 459
117 493
118 10
118 12
118 19
118 37
118 117
118 158
118 160
118 244
118 249
118 281
118 284
118 334
118 413
118 469
119 33
119 48
119 101
119 111
119 135
119 144
119 212
119 226
119 274
119 299
119 352
119 401
119 433
119 451
119 453
120 16
120 17
120 52
120 87
120 91
120 115
120 134
120 221
120 352
120 371
120 448
120 484
120 494
121 33
121 44
121 45
121 87
121 110
121 111
121 148
121 158
121 166
121 296
121 359
121 384
121 398
121 421
121 439
121 444
121 484
122 51
122 89
122 99
122 107
122 138
122 189
122 206
122 256
122 259
122 261
122 266
122 327
122 332
122 353
122 395
122 400
122 406
122 412
123 129
123 230
123 241
123 282
123 296
123 306
123 315
123 316
123 326
123 346
123 402
123 428
123 451
123 452
124 63
124 87
124 197
124 245
124 287
124 357
124 414
124 431
124 459
124 490
124 492
124 493
125 46
125 57
125 158
125 238
125 292
125 302
125 317
125 483
126 7
126 41
126 112
126 179
126 183
126 187
126 204
126 229
126 234
126 243
126 257
126 264
126 277
126 366
126 438
126 440
126 447
126 472
126 484
126 486
127 30
127 69
127 78
127 154
127 160
127 204
127 267
127 287
127 317
127 319
127 343
127 356
127 369
127 470
127 474
128 38
128 95
128 104
128 162
128 227
128 278
128 331
128 364
128 431
129 3
129 4
129 11
129 77
129 93
129 123
129 134
129 228
129 236
129 240
129 257
129 284
129 354
129 363
129 375
129 456
130 3
130 204
130 231
130 238
130 315
130 353
130 357
130 390
130 399
130 444
130 486
131 31
131 58
131 64
131 177
131 184
131 201
131 222
131 261
131 271
131 274
131 286
131 303
131 334
131 417
131 421
131 466
131 498
132 9
132 45
132 89
132 98
132 163
132 273
132 327
132 340
132 384
132 385
132 464
132 486
133 5
133 29
133 47
133 163
133 220
133 275
133 312
133 352
133 389
134 39
134 65
134 94
134 105
134 120
134 129
134 176
134 261
134 298
134 308
134 429
134 445
134 448
135 3
135 90
135 102
135 108
135 119
135 159
135 319
135 328
135 353
135 357
135 362
135 378
135 450
135 477
136 9
136 27
136 31
136 32
136 42
136 50
136 83
136 109
136 254
136 290
136 309
136 334
136 388
136 406
136 408
136 413
136 427
136 429
136 484
137 48
137 72
137 106
137 162
137 165
137 310
137 345
137 471
137 477
137 495
138 5
138 40
138 47
138 95
138 122
138 160
138 218
138 297
138 299
138 324
138 354
138 392
138 409
138 451
138 456
138 471
139 23
139 235
139 265
139 334
139 353
139 369
139 374
139 457
139 471
139 482
140 23
140 47
140 61
140 112
140 228
140 252
140 261
140 290
140 309
140 314
140 453
140 467
140 485
141 50
141 51
141 159
141 318
141 368
141 378
141 385
141 429
141 448
141 466
142 0
142 81
142 190
142 221
142 291
142 299
142 388
142 474
143 42
143 77
143 81
143 82
143 86
143 97
143 154
143 170
143 238
143 260
143 298
143 349
143 399
143 428
143 441
143 444
143 453
143 458
144 10
144 60
144 81
144 90
144 119
144 248
144 254
144 274
144 320
144 355
144 391
144 401
145 90
145 109
145 263
145 288
145 313
145 363
145 365
145 434
145 446
146 20
146 22
146 72
146 151
146 168
146 400
146 438
146 461
147 81
147 91
147 93
147 110
147 170
147 184
147 223
147 443
147 449
148 27
148 95
148 121
148 160
148 181
148 244
148 273
148 284
148 373
148 384
148 403
148 462
149 6
149 24
149 32
149 65
149 99
149 188
149 190
149 288
149 299
149 336
149 408
149 412
149 455
149 487
149 492
150 93
150 160
150 179
150 250
150 271
150 278
150 318
150 336
150 364
150 418
150 420
150 437
150 452
151 146
151 170
151 174
151 176
151 247
151 248
151 282
151 300
151 383
151 404
151 451
151 490
151 499
152 16
152 36
152 68
152 200
152 401
153 38
153 39
153 110
153 217
153 224
153 225
153 255
153 286
153 330
153 332
153 340
153 352
153 364
153 409
153 460
153 465
154 8
154 23
154 29
154 51
154 78
154 107
154 109
154 127
154 143
154 218
154 220
154 225
154 226
154 237
154 243
154 279
154 294
154 355
154 390
154 402
154 424
155 0
155 23
155 25
155 50
155 158
155 166
155 181
155 229
155 260
155 301
155 335
155 413
155 437
155 440
156 51
156 54
156 61
156 162
156 163
156 190
156 315
156 319
156 406
157 110
157 158
157 247
157 263
157 271
157 289
157 295
157 317
157 367
157 400
157 401
157 422
157 426
157 498
158 1
158 40
158 90
158 118
158 121
158 125
158 155
158 157
158 238
158 252
158 269
158 272
158 285
158 357
158 401
158 465
158 490
158 495
159 21
159 135
159 141
159 242
159 323
159 373
159 400
159 453
159 470
159 491
160 3
160 37
160 118
160 127
160 138
160 148
160 150
160 171
160 226
160 262
160 279
160 324
160 403
160 437
160 453
161 16
161 30
161 195
161 197
161 207
161 220
161 298
161 304
161 338
161 365
161 376
161 419
161 492
161 496
162 2
162 22
162 102
162 128
162 137
162 156
162 164
162 167
162 197
162 198
162 223
162 285
162 382
162 461
162 475
163 98
163 132
163 133
163 156
163 168
163 179
163 180
163 186
163 214
163 239
163 247
163 323
163 411
163 418
163 464
164 2
164 26
164 34
164 49
164 108
164 110
164 162
164 209
164 273
164 283
164 310
164 346
164 367
164 392
164 405
164 415
164 444
165 110
165 137
165 178
165 229
165 272
165 363
165 432
166 11
166 61
166 121
166 155
166 184
166 203
166 250
166 307
166 328
166 358
166 396
166 478
166 483
166 487
167 60
167 162
167 180
167 198
167 221
167 222
167 306
167 333
167 348
167 358
167 394
167 398
167 402
167 408
167 417
167 452
167 464
167 473
167 485
167 492
167 498
167 499
168 16
168 56
168 96
168 146
168 163
168 176
168 183
168 201
168 221
168 271
168 364
168 407
168 463
169 5
169 244
169 275
169 311
169 381
169 450
170 16
170 17
170 24
170 43
170 143
170 147
170 151
170 214
170 247
170 337
170 349
170 400
170 438
170 456
171 4
171 52
171 85
171 160
171 261
171 283
171 413
171 495
172 46
172 96
172 264
172 275
172 450
172 480
173 28
173 87
173 193
173 209
173 293
173 331
173 350
173 369
173 394
173 425
173 463
174 37
174 67
174 75
174 151
174 185
174 214
174 241
174 252
174 301
174 331
174 338
174 346
174 357
174 412
174 431
174 435
174 468
174 482
174 490
175 2
175 24
175 31
175 59
175 70
175 72
175 79
175 92
175 209
175 210
175 327
175 417
175 439
175 440
175 451
176 31
176 79
176 85
176 86
176 134
176 151
176 168
176 240
176 288
176 296
176 317
176 336
176 380
176 400
176 412
176 434
176 452
176 490
177 15
177 21
177 22
177 109
177 131
177 180
177 208
177 361
177 375
177 376
178 68
178 86
178 93
178 165
178 208
178 221
178 249
178 290
178 317
178 351
178 365
178 390
178 403
178 460
179 69
179 86
179 94
179 99
179 126
179 150
179 163
179 212
179 215
179 256
179 288
179 369
179 370
179 378
179 403
179 450
179 461
180 16
180 19
180 163
180 167
180 177
180 198
180 226
180 281
180 375
180 414
180 458
180 476
181 15
181 66
181 68
181 82
181 87
181 93
181 105
181 148
181 155
181 254
181 257
181 348
181 431
181 449
182 29
182 30
182 96
182 214
182 257
182 276
182 343
182 386
182 411
182 414
182 432
182 436
182 468
182 472
182 495
182 499
183 2
183 28
183 82
183 126
183 168
183 246
183 262
183 276
183 320
183 408
183 418
183 443
183 446
183 465
184 58
184 86
184 131
184 147
184 166
184 187
184 288
184 297
184 333
184 364
184 373
184 398
184 407
184 432
184 479
185 11
185 41
185 57
185 95
185 174
185 204
185 205
185 260
185 271
185 310
185 351
185 369
185 375
185 382
185 400
185 409
185 420
186 14
186 68
186 82
186 163
186 241
186 249
186 290
186 390
186 396
186 404
186 410
186 441
186 444
186 466
187 43
187 46
187 75
187 108
187 126
187 184
187 220
187 230
187 231
187 278
187 294
187 375
187 411
187 413
187 416
187 443
187 469
187 475
187 478
187 487
187 489
188 149
188 285
188 321
188 332
188 368
188 431
189 25
189 26
189 37
189 109
189 122
189 203
189 224
189 339
189 383
189 460
190 12
190 17
190 112
190 142
190 149
190 156
190 191
190 285
190 315
190 375
190 405
191 34
191 190
191 234
191 289
191 323
191 339
191 421
191 475
192 12
192 50
192 195
192 202
192 247
192 252
192 270
192 286
192 337
192 372
192 387
192 391
192 422
192 435
192 450
192 469
193 1
193 33
193 81
193 102
193 173
193 219
193 247
193 403
193 418
193 443
193 455
194 4
194 46
194 72
194 198
194 209
194 265
194 277
194 366
194 383
194 396
194 435
194 496
195 37
195 45
195 52
195 161
195 192
195 263
195 273
195 288
195 373
195 481
196 48
196 69
196 91
196 366
196 398
196 411
196 431
197 12
197 13
197 75
197 84
197 124
197 161
197 162
197 252
197 278
197 282
197 295
197 313
197 317
197 352
197 424
197 433
198 28
198 101
198 106
198 112
198 162
198 167
198 180
198 194
198 253
198 267
198 284
198 312
198 338
198 440
198 478
199 5
199 84
199 105
199 277
199 349
199 393
199 398
199 410
199 443
199 477
200 13
200 152
200 229
200 256
200 373
200 399
200 401
200 446
200 448
200 488
201 16
201 75
201 90
201 93
201 131
201 168
201 220
201 271
201 361
201 422
201 439
201 471
202 24
202 89
202 90
202 192
202 346
202 358
202 413
202 420
202 449
202 473
202 495
203 20
203 166
203 189
203 215
203 221
203 273
203 308
203 464
204 12
204 49
204 79
204 106
204 109
204 126
204 127
204 130
204 185
204 252
204 259
204 281
204 362
204 366
204 388
204 394
204 418
204 435
204 454
204 458
204 495
205 36
205 67
205 78
205 87
205 110
205 185
205 288
205 334
205 357
205 359
205 402
205 405
205 423
205 433
206 35
206 122
206 221
206 283
206 401
206 411
207 11
207 12
207 108
207 161
207 210
207 233
207 288
207 392
207 399
207 433
207 439
207 448
207 489
208 6
208 17
208 28
208 43
208 71
208 80
208 99
208 177
208 178
208 283
208 287
208 334
208 381
208 385
208 386
208 429
208 453
208 484
209 48
209 164
209 173
209 175
209 194
209 258
209 266
209 322
209 437
209 470
209 471
209 481
209 486
209 495
210 66
210 175
210 207
210 242
210 302
210 343
210 455
211 12
211 76
211 88
211 103
211 248
211 254
211 263
211 274
211 288
211 313
211 334
211 358
211 465
212 24
212 31
212 52
212 55
212 115
212 119
212 179
212 282
212 367
212 377
212 387
212 420
212 430
212 462
212 490
213 23
213 42
213 45
213 66
213 87
213 89
213 97
213 216
213 314
213 354
213 359
213 440
213 463
214 64
214 163
214 170
214 174
214 182
214 230
214 284
214 295
214 360
214 379
214 382
214 419
214 448
214 465
215 7
215 74
215 86
215 88
215 99
215 101
215 179
215 203
215 256
215 285
215 305
215 321
215 328
215 374
215 375
215 400
215 407
215 415
215 450
215 461
216 90
216 111
216 113
216 213
216 228
216 278
216 291
216 332
216 343
216 413
216 420
216 422
216 436
216 491
216 494
217 42
217 75
217 153
217 302
217 331
217 332
217 380
218 13
218 42
218 90
218 138
218 154
218 222
218 224
218 280
218 291
218 292
218 387
218 443
218 447
218 457
218 469
218 485
219 7
219 27
219 52
219 100
219 193
219 240
219 322
219 329
219 476
220 76
220 86
220 104
220 133
220 154
220 161
220 187
220 201
220 297
220 320
220 403
220 470
220 484
221 38
221 49
221 87
221 117
221 120
221 142
221 167
221 168
221 178
221 203
221 206
221 289
221 299
221 330
221 364
221 469
222 16
222 54
222 64
222 92
222 114
222 131
222 167
222 218
222 225
222 258
222 304
222 367
222 405
222 408
222 448
223 21
223 69
223 98
223 107
223 147
223 162
223 234
223 241
223 298
223 316
223 381
223 391
223 406
223 426
223 476
223 487
224 35
224 153
224 189
224 218
224 274
224 308
224 328
224 387
224 434
224 478
224 493
225 31
225 61
225 153
225 154
225 222
225 258
225 283
225 320
225 387
225 406
225 414
225 420
225 471
225 497
226 63
226 110
226 119
226 154
226 160
226 180
226 263
226 327
226 389
226 419
227 1
227 22
227 128
227 229
227 278
227 287
227 340
227 395
227 448
227 491
228 47
228 48
228 51
228 129
228 140
228 216
228 283
228 288
228 318
228 329
228 445
228 467
229 33
229 39
229 63
229 126
229 155
229 165
229 200
229 227
229 262
229 271
229 305
229 323
229 359
229 363
229 448
229 449
229 464
229 495
229 499
230 4
230 30
230 44
230 46
230 61
230 92
230 123
230 187
230 214
230 298
230 300
230 338
230 388
230 395
230 429
230 476
231 1
231 54
231 88
231 130
231 187
231 275
231 334
231 381
231 433
231 450
231 458
231 484
232 41
232 54
232 60
232 233
232 265
232 324
232 328
232 475
233 14
233 34
233 53
233 78
233 111
233 207
233 232
233 245
233 365
233 463
233 483
234 59
234 83
234 105
234 126
234 191
234 223
234 246
234 259
234 271
234 288
234 331
234 376
234 423
234 437
234 460
235 11
235 57
235 109
235 139
235 311
235 367
235 413
235 474
236 73
236 81
236 82
236 129
236 283
236 297
236 341
236 354
236 380
236 464
237 19
237 75
237 117
237 154
237 297
237 307
237 331
237 360
237 374
237 391
237 421
237 427
237 453
237 469
238 47
238 125
238 130
238 143
238 158
238 252
238 365
238 371
238 444
238 473
239 35
239 42
239 75
239 101
239 112
239 163
239 271
239 302
239 481
240 27
240 129
240 176
240 219
240 265
240 335
240 368
240 389
240 417
240 419
240 444
240 445
240 462
240 484
241 31
241 71
241 123
241 174
241 186
241 223
241 279
241 290
241 293
241 297
241 320
241 398
241 401
241 417
241 481
241 496
242 45
242 159
242 210
242 248
242 255
242 283
242 295
242 309
242 318
242 345
242 364
242 439
243 15
243 23
243 31
243 39
243 55
243 87
243 126
243 154
243 264
243 321
243 322
243 473
244 6
244 47
244 53
244 60
244 100
244 105
244 118
244 148
244 169
244 262
244 313
244 317
244 334
244 366
244 378
244 385
244 397
244 456
245 23
245 84
245 93
245 109
245 124
245 233
245 312
245 341
245 398
245 400
246 13
246 17
246 53
246 54
246 87
246 183
246 234
246 295
246 388
247 19
247 38
247 69
247 86
247 115
247 151
247 157
247 163
247 170
247 192
247 193
247 297
247 430
247 479
248 4
248 34
248 47
248 79
248 90
248 144
248 151
248 211
248 242
248 289
248 313
248 354
248 360
248 432
248 452
248 455
248 483
248 485
248 490
249 4
249 82
249 118
249 178
249 186
249 258
249 275
249 310
249 318
249 321
249 338
249 477
249 490
249 494
250 46
250 150
250 166
250 271
250 359
250 389
250 450
251 39
251 58
251 67
251 96
251 104
251 325
251 351
251 370
251 374
251 478
252 16
252 91
252 140
252 158
252 174
252 192
252 197
252 204
252 238
252 290
252 309
252 338
252 346
252 347
252 390
252 407
252 439
252 499
253 57
253 61
253 198
253 262
253 288
253 358
253 448
253 465
253 483
254 14
254 59
254 69
254 92
254 112
254 136
254 144
254 181
254 211
254 258
254 283
254 294
254 312
254 317
254 366
254 384
254 419
255 22
255 52
255 74
255 86
255 94
255 99
255 109
255 153
255 242
255 269
255 400
255 448
255 484
255 491
256 51
256 96
256 122
256 179
256 200
256 215
256 266
256 280
256 289
256 318
256 341
256 374
256 391
257 23
257 43
257 59
257 126
257 129
257 181
257 182
257 262
257 274
257 302
257 321
257 329
257 337
257 358
257 440
257 455
257 475
258 88
258 209
258 222
258 225
258 249
258 254
258 309
258 437
258 452
258 476
258 478
259 24
259 44
259 114
259 115
259 122
259 204
259 234
259 288
259 298
259 334
259 348
259 384
259 432
259 465
259 482
259 484
260 2
260 21
260 43
260 87
260 143
260 155
260 185
260 348
261 106
261 122
261 131
261 134
261 140
261 171
261 280
261 326
261 408
261 420
261 438
261 478
261 495
262 10
262 13
262 40
262 43
262 83
262 108
262 115
262 160
262 183
262 229
262 244
262 253
262 257
262 265
262 381
262 415
262 418
262 449
262 460
262 467
263 25
263 27
263 45
263 52
263 66
263 145
263 157
263 195
263 211
263 226
263 297
263 323
263 373
263 404
263 434
263 458
264 32
264 35
264 100
264 111
264 126
264 172
264 243
264 272
264 330
264 379
264 404
264 470
265 69
265 80
265 139
265 194
265 232
265 240
265 262
265 316
265 426
265 438
265 446
265 476
265 478
266 21
266 104
266 122
266 209
266 256
266 311
266 321
266 378
266 420
266 459
266 473
266 482
266 488
267 2
267 18
267 27
267 84
267 127
267 198
267 292
267 325
267 335
267 339
267 403
267 428
268 361
268 466
268 469
269 45
269 158
269 255
269 378
269 463
269 493
269 494
269 498
269 499
270 192
270 362
270 388
270 411
270 412
270 422
270 424
270 466
271 86
271 113
271 131
271 150
271 157
271 168
271 185
271 201
271 229
271 234
271 239
271 250
271 339
271 418
271 439
271 474
272 8
272 23
272 70
272 95
272 158
272 165
272 264
272 362
272 363
272 441
273 12
273 82
273 93
273 132
273 148
273 164
273 195
273 203
273 275
273 281
273 308
273 312
273 321
273 413
273 416
273 428
273 470
273 474
274 49
274 74
274 104
274 119
274 131
274 144
274 211
274 224
274 257
274 340
274 375
274 412
274 443
275 23
275 72
275 104
275 133
275 169
275 172
275 231
275 249
275 273
275 334
275 373
275 394
275 494
276 27
276 77
276 182
276 183
276 315
276 329
276 425
276 448
276 498
277 126
277 194
277 199
277 302
277 315
277 390
277 456
277 459
277 481
278 104
278 128
278 150
278 187
278 197
278 216
278 227
278 310
278 321
278 333
278 390
278 403
278 405
278 421
278 475
279 108
279 154
279 160
279 241
279 292
279 296
279 387
279 418
279 427
279 479
280 5
280 46
280 218
280 256
280 261
280 284
280 327
280 332
280 433
280 489
281 15
281 24
281 30
281 93
281 118
281 180
281 204
281 273
281 306
281 346
281 369
281 415
281 441
281 462
282 82
282 83
282 96
282 123
282 151
282 197
282 212
282 293
282 307
282 335
282 392
282 416
282 436
282 445
283 8
283 164
283 171
283 206
283 208
283 225
283 228
283 236
283 242
283 254
283 380
283 392
283 410
284 14
284 17
284 30
284 48
284 118
284 129
284 148
284 198
284 214
284 280
284 329
284 331
284 342
284 364
285 34
285 54
285 57
285 85
285 89
285 158
285 162
285 188
285 190
285 215
285 348
285 416
285 476
286 67
286 71
286 76
286 84
286 131
286 153
286 192
286 384
286 464
286 488
287 14
287 58
287 103
287 124
287 127
287 208
287 227
287 392
287 409
287 411
288 75
288 88
288 92
288 110
288 145
288 149
288 176
288 179
288 184
288 195
288 205
288 207
288 211
288 228
288 234
288 253
288 259
288 390
288 406
288 424
289 37
289 61
289 72
289 157
289 191
289 221
289 248
289 256
289 322
289 360
289 478
290 50
290 70
290 88
290 94
290 136
290 140
290 178
290 186
290 241
290 252
290 338
290 347
290 353
290 403
290 418
290 490
291 32
291 142
291 216
291 218
291 367
291 382
291 411
291 452
291 485
292 82
292 116
292 125
292 218
292 267
292 279
292 324
292 375
292 385
292 438
292 498
293 48
293 112
293 114
293 173
293 241
293 282
293 297
293 376
293 409
293 413
293 468
294 16
294 19
294 154
294 187
294 254
294 416
294 476
294 498
295 2
295 35
295 89
295 111
295 157
295 197
295 214
295 242
295 246
295 307
295 346
295 394
295 395
295 412
295 419
295 453
296 81
296 110
296 121
296 123
296 176
296 279
296 373
296 384
296 491
297 45
297 85
297 138
297 184
297 220
297 236
297 237
297 241
297 247
297 263
297 293
297 436
298 9
298 15
298 23
298 69
298 91
298 134
298 143
298 161
298 223
298 230
298 259
298 455
298 474
298 497
299 52
299 119
299 138
299 142
299 149
299 221
299 370
299 382
299 392
299 461
299 467
299 473
300 7
300 62
300 93
300 106
300 151
300 230
300 320
300 339
300 382
300 394
301 6
301 81
301 155
301 174
301 303
301 353
301 358
301 365
301 394
302 20
302 30
302 94
302 125
302 210
302 217
302 239
302 257
302 277
302 360
302 414
302 460
303 18
303 131
303 301
303 309
303 353
303 357
303 420
304 25
304 26
304 43
304 86
304 111
304 115
304 161
304 222
304 340
304 352
304 488
304 499
305 29
305 52
305 84
305 110
305 117
305 215
305 229
305 319
305 346
305 382
305 442
305 452
306 35
306 45
306 94
306 99
306 123
306 167
306 281
306 370
306 382
306 425
307 3
307 6
307 8
307 50
307 77
307 117
307 166
307 237
307 282
307 295
307 338
307 343
307 385
307 395
307 443
307 447
307 464
307 499
308 4
308 14
308 15
308 62
308 134
308 203
308 224
308 273
309 85
309 136
309 140
309 242
309 252
309 258
309 303
309 321
309 353
309 399
309 445
309 463
309 470
310 10
310 22
310 106
310 114
310 137
310 164
310 185
310 249
310 278
310 376
311 13
311 26
311 106
311 169
311 235
311 266
311 325
311 357
311 363
311 423
312 133
312 198
312 245
312 254
312 273
312 356
312 437
312 442
312 462
313 36
313 63
313 88
313 145
313 197
313 211
313 244
313 248
313 463
313 490
314 29
314 55
314 140
314 213
314 322
314 330
314 332
314 355
314 450
315 123
315 130
315 156
315 190
315 276
315 277
315 337
315 353
316 35
316 102
316 111
316 123
316 223
316 265
316 323
316 334
316 344
316 389
316 402
316 415
316 478
317 35
317 54
317 125
317 127
317 157
317 176
317 178
317 197
317 244
317 254
317 320
317 325
317 339
317 362
317 384
317 417
317 444
317 474
318 30
318 39
318 72
318 84
318 141
318 150
318 228
318 242
318 249
318 256
318 352
318 359
318 384
318 395
318 496
319 4
319 16
319 20
319 127
319 135
319 156
319 305
319 333
319 383
319 415
319 494
320 58
320 72
320 88
320 108
320 109
320 144
320 183
320 220
320 225
320 241
320 300
320 317
320 329
320 330
320 348
320 392
320 421
320 454
320 489
320 492
321 31
321 48
321 51
321 54
321 78
321 89
321 95
321 188
321 215
321 243
321 249
321 257
321 266
321 273
321 278
321 309
321 322
321 384
321 393
321 422
321 429
322 19
322 25
322 28
322 209
322 219
322 243
322 289
322 314
322 321
322 336
322 339
322 451
322 470
323 1
323 69
323 88
323 159
323 163
323 191
323 229
323 263
323 316
323 496
324 113
324 138
324 160
324 232
324 292
324 337
324 371
324 373
324 392
324 409
325 34
325 94
325 115
325 251
325 267
325 311
325 317
325 350
325 382
325 386
325 496
326 73
326 82
326 123
326 261
326 350
326 389
327 3
327 6
327 14
327 110
327 122
327 132
327 175
327 226
327 280
327 330
327 340
327 352
327 376
327 437
327 440
328 27
328 31
328 37
328 90
328 135
328 166
328 215
328 224
328 232
328 426
328 467
328 471
329 5
329 22
329 73
329 84
329 219
329 228
329 257
329 276
329 284
329 320
329 330
329 344
329 371
329 405
329 443
329 483
330 30
330 84
330 91
330 153
330 221
330 264
330 314
330 320
330 327
330 329
330 347
330 353
330 431
330 440
330 456
330 465
330 485
331 7
331 102
331 128
331 173
331 174
331 217
331 234
331 237
331 284
331 336
331 441
332 4
332 58
332 71
332 122
332 153
332 188
332 216
332 217
332 280
332 314
332 397
332 408
332 420
332 428
332 476
333 19
333 103
333 113
333 167
333 184
333 278
333 319
333 374
333 406
333 470
333 492
334 25
334 83
334 116
334 118
334 131
334 136
334 139
334 205
334 208
334 211
334 231
334 244
334 259
334 275
334 316
334 359
334 377
334 433
334 476
334 483
335 38
335 53
335 111
335 155
335 240
335 267
335 282
335 404
335 447
335 473
336 26
336 77
336 92
336 149
336 150
336 176
336 322
336 331
336 365
336 437
336 459
336 482
337 100
337 170
337 192
337 257
337 315
337 324
337 366
337 387
338 9
338 12
338 30
338 56
338 66
338 161
338 174
338 198
338 230
338 249
338 252
338 290
338 307
338 440
339 11
339 75
339 82
339 113
339 189
339 191
339 267
339 271
339 300
339 317
339 322
339 366
339 412
339 435
339 498
340 89
340 113
340 132
340 153
340 227
340 274
340 304
340 327
340 341
340 345
340 389
340 407
340 466
341 9
341 81
341 110
341 236
341 245
341 256
341 340
341 416
341 422
341 459
341 498
342 284
342 413
342 467
343 15
343 37
343 92
343 127
343 182
343 210
343 216
343 307
343 398
344 1
344 3
344 15
344 60
344 316
344 329
344 382
344 404
344 478
345 69
345 98
345 103
345 137
345 242
345 340
345 347
345 382
345 423
345 446
345 483
346 59
346 85
346 107
346 115
346 123
346 164
346 174
346 202
346 252
346 281
346 295
346 305
346 358
346 365
346 377
346 380
346 389
346 443
346 447
346 491
346 493
347 31
347 43
347 78
347 252
347 290
347 330
347 345
347 384
347 385
347 477
347 499
348 29
348 93
348 97
348 100
348 167
348 181
348 259
348 260
348 285
348 320
348 372
348 429
348 478
348 486
349 46
349 50
349 92
349 105
349 107
349 143
349 170
349 199
349 399
349 458
349 485
350 11
350 39
350 55
350 104
350 173
350 325
350 326
350 401
350 422
350 491
351 57
351 105
351 178
351 185
351 251
351 385
351 414
351 477
351 491
352 9
352 39
352 119
352 120
352 133
352 153
352 197
352 304
352 318
352 327
352 410
352 428
352 473
353 31
353 68
353 113
353 122
353 130
353 135
353 139
353 290
353 301
353 303
353 309
353 315
353 330
353 399
353 411
354 7
354 10
354 21
354 53
354 63
354 75
354 84
354 97
354 129
354 138
354 213
354 236
354 248
354 391
354 440
355 53
355 94
355 116
355 144
355 154
355 314
355 369
355 375
355 433
355 467
355 478
356 32
356 50
356 62
356 98
356 127
356 312
356 362
356 442
356 455
356 498
357 18
357 105
357 124
357 130
357 135
357 158
357 174
357 205
357 303
357 311
357 375
357 382
357 405
357 435
358 40
358 100
358 166
358 167
358 202
358 211
358 253
358 257
358 301
358 346
358 364
358 376
358 468
359 19
359 22
359 54
359 58
359 71
359 86
359 121
359 205
359 213
359 229
359 250
359 318
359 334
359 487
359 491
360 3
360 74
360 82
360 214
360 237
360 248
360 289
360 302
360 444
360 451
360 467
360 491
361 11
361 116
361 177
361 201
361 268
361 386
361 405
361 422
361 428
362 135
362 204
362 270
362 272
362 317
362 356
362 454
363 53
363 89
363 96
363 111
363 129
363 145
363 165
363 229
363 272
363 311
363 408
363 416
363 445
364 128
364 150
364 153
364 168
364 184
364 221
364 242
364 284
364 358
364 419
364 481
364 497
365 6
365 56
365 59
365 145
365 161
365 178
365 233
365 238
365 301
365 336
365 346
365 371
365 405
365 480
366 5
366 51
366 89
366 126
366 194
366 196
366 204
366 244
366 254
366 337
366 339
366 382
366 401
366 439
366 481
367 23
367 72
367 157
367 164
367 212
367 222
367 235
367 291
367 391
367 459
367 477
368 47
368 141
368 188
368 240
368 402
368 427
368 431
368 447
369 16
369 32
369 43
369 53
369 70
369 77
369 78
369 102
369 127
369 139
369 173
369 179
369 185
369 281
369 355
369 407
369 411
369 458
369 466
369 480
370 29
370 42
370 83
370 179
370 251
370 299
370 306
370 385
370 397
370 426
370 433
370 489
371 98
371 116
371 120
371 238
371 324
371 329
371 365
371 372
371 384
371 387
371 392
371 398
371 402
371 467
372 19
372 33
372 192
372 348
372 371
372 416
372 429
372 486
373 20
373 91
373 148
373 159
373 184
373 195
373 200
373 263
373 275
373 296
373 324
373 404
373 428
373 446
373 483
373 496
374 65
374 102
374 116
374 139
374 215
374 237
374 251
374 256
374 333
374 382
375 45
375 75
375 90
375 129
375 177
375 180
375 185
375 187
375 190
375 215
375 274
375 292
375 355
375 357
375 394
375 424
375 454
375 499
376 13
376 161
376 177
376 234
376 293
376 310
376 327
376 358
376 414
376 417
377 42
377 88
377 212
377 334
377 346
378 135
378 141
378 179
378 244
378 266
378 269
378 403
378 424
378 427
378 464
378 498
379 35
379 36
379 44
379 113
379 114
379 214
379 264
379 410
379 438
379 483
380 48
380 72
380 79
380 104
380 176
380 217
380 236
380 283
380 346
380 411
380 433
380 438
381 52
381 169
381 208
381 223
381 231
381 262
381 398
381 408
381 410
381 417
381 459
381 491
382 44
382 162
382 185
382 214
382 291
382 299
382 300
382 305
382 306
382 325
382 344
382 345
382 357
382 366
382 374
382 390
382 406
382 445
383 37
383 151
383 189
383 194
383 319
383 476
383 479
384 108
384 121
384 132
384 148
384 254
384 259
384 286
384 296
384 317
384 318
384 321
384 347
384 371
384 439
384 490
385 2
385 31
385 103
385 132
385 141
385 208
385 244
385 292
385 307
385 347
385 351
385 370
385 394
385 408
386 23
386 40
386 52
386 94
386 182
386 208
386 325
386 361
386 416
386 417
386 437
386 448
386 459
387 84
387 103
387 192
387 212
387 218
387 224
387 225
387 279
387 337
387 371
387 404
387 422
387 427
387 432
387 449
387 456
387 464
388 74
388 115
388 136
388 142
388 204
388 230
388 246
388 270
388 390
388 407
388 470
388 483
389 133
389 226
389 240
389 250
389 316
389 326
389 340
389 346
389 455
389 470
390 94
390 114
390 130
390 154
390 178
390 186
390 252
390 277
390 278
390 288
390 382
390 388
390 397
390 425
391 2
391 35
391 62
391 85
391 107
391 112
391 144
391 192
391 223
391 237
391 256
391 354
391 367
391 446
392 30
392 101
392 104
392 117
392 138
392 164
392 207
392 282
392 283
392 287
392 299
392 320
392 324
392 371
392 482
393 110
393 199
393 321
393 399
393 409
393 453
393 465
393 492
394 75
394 91
394 167
394 173
394 204
394 275
394 295
394 300
394 301
394 375
394 385
394 451
395 6
395 64
395 65
395 122
395 227
395 230
395 295
395 307
395 318
395 434
395 490
396 113
396 166
396 186
396 194
396 409
396 423
396 461
397 244
397 332
397 370
397 390
397 407
397 424
397 471
397 494
398 12
398 15
398 34
398 38
398 72
398 82
398 121
398 167
398 184
398 196
398 199
398 241
398 245
398 343
398 371
398 381
398 439
398 485
398 496
399 1
399 33
399 48
399 107
399 109
399 115
399 130
399 143
399 200
399 207
399 309
399 349
399 353
399 393
400 16
400 47
400 54
400 73
400 80
400 105
400 122
400 146
400 157
400 159
400 170
400 176
400 185
400 215
400 245
400 255
400 414
400 424
400 454
400 482
400 490
401 5
401 25
401 84
401 94
401 119
401 144
401 152
401 157
401 158
401 200
401 206
401 241
401 350
401 366
401 407
401 427
402 59
402 60
402 68
402 95
402 114
402 123
402 154
402 167
402 205
402 316
402 368
402 371
402 433
402 453
403 0
403 9
403 64
403 111
403 148
403 160
403 178
403 179
403 193
403 220
403 267
403 278
403 290
403 378
403 432
403 472
403 487
404 6
404 86
404 151
404 186
404 263
404 264
404 335
404 344
404 373
404 387
404 406
404 456
404 494
405 164
405 190
405 205
405 222
405 278
405 329
405 357
405 361
405 365
406 2
406 5
406 13
406 66
406 81
406 122
406 136
406 156
406 223
406 225
406 288
406 333
406 382
406 404
406 418
406 430
406 488
406 499
407 38
407 62
407 74
407 80
407 102
407 117
407 168
407 184
407 215
407 252
407 340
407 369
407 388
407 397
407 401
407 409
407 414
407 450
407 452
407 464
407 483
408 136
408 149
408 167
408 183
408 222
408 261
408 332
408 363
408 381
408 385
408 483
409 0
409 30
409 36
409 61
409 65
409 105
409 138
409 153
409 185
409 287
409 293
409 324
409 393
409 396
409 407
409 489
410 5
410 25
410 94
410 111
410 114
410 186
410 199
410 283
410 352
410 379
410 381
410 477
411 62
411 163
411 182
411 187
411 196
411 206
411 270
411 287
411 291
411 353
411 369
411 380
411 458
411 460
411 487
411 499
412 91
412 101
412 122
412 149
412 174
412 176
412 270
412 274
412 295
412 339
412 451
412 452
412 467
413 10
413 19
413 38
413 50
413 96
413 118
413 136
413 155
413 171
413 187
413 202
413 216
413 235
413 273
413 293
413 342
413 433
413 447
413 471
413 477
413 480
414 109
414 124
414 180
414 182
414 225
414 302
414 351
414 376
414 400
414 407
414 444
414 447
414 456
415 8
415 21
415 41
415 79
415 80
415 91
415 164
415 215
415 262
415 281
415 316
415 319
416 32
416 67
416 96
416 187
416 273
416 282
416 285
416 294
416 341
416 363
416 372
416 386
416 447
417 131
417 167
417 175
417 240
417 241
417 317
417 376
417 381
417 386
418 2
418 45
418 108
418 150
418 163
418 183
418 193
418 204
418 262
418 271
418 279
418 290
418 406
418 458
418 482
419 2
419 14
419 34
419 35
419 161
419 214
419 226
419 240
419 254
419 295
419 364
419 434
419 435
419 455
419 478
420 14
420 40
420 51
420 150
420 185
420 202
420 212
420 216
420 225
420 261
420 266
420 303
420 332
420 432
420 462
420 471
421 8
421 59
421 121
421 131
421 191
421 237
421 278
421 320
421 439
421 444
422 26
422 41
422 69
422 100
422 157
422 192
422 201
422 216
422 270
422 321
422 341
422 350
422 361
422 387
423 63
423 205
423 234
423 311
423 345
423 396
423 473
423 495
424 39
424 154
424 197
424 270
424 288
424 375
424 378
424 397
424 400
425 30
425 32
425 173
425 276
425 306
425 390
425 434
425 447
426 11
426 34
426 74
426 92
426 157
426 223
426 265
426 328
426 370
426 451
426 452
426 475
427 2
427 21
427 29
427 136
427 237
427 279
427 368
427 378
427 387
427 401
427 458
428 17
428 94
428 101
428 112
428 114
428 123
428 143
428 267
428 273
428 332
428 352
428 361
428 373
428 472
428 496
429 59
429 74
429 81
429 87
429 106
429 134
429 136
429 141
429 208
429 230
429 321
429 348
429 372
429 474
429 485
430 23
430 212
430 247
430 406
430 448
430 485
431 61
431 80
431 92
431 96
431 102
431 124
431 128
431 174
431 181
431 188
431 196
431 330
431 368
431 481
431 490
432 24
432 62
432 95
432 165
432 182
432 184
432 248
432 259
432 387
432 403
432 420
432 436
432 478
432 496
433 20
433 27
433 45
433 61
433 119
433 197
433 205
433 207
433 231
433 280
433 334
433 355
433 370
433 380
433 402
433 413
433 467
434 36
434 53
434 59
434 105
434 145
434 176
434 224
434 263
434 395
434 419
434 425
434 473
434 484
435 84
435 94
435 105
435 174
435 192
435 194
435 204
435 339
435 357
435 419
435 448
435 467
436 75
436 110
436 182
436 216
436 282
436 297
436 432
436 437
436 463
436 496
437 9
437 11
437 150
437 155
437 160
437 209
437 234
437 258
437 312
437 327
437 336
437 386
437 436
437 490
438 79
438 113
438 126
438 146
438 170
438 261
438 265
438 292
438 379
438 380
438 497
438 498
439 3
439 21
439 47
439 58
439 90
439 98
439 121
439 175
439 201
439 207
439 242
439 252
439 271
439 366
439 384
439 398
439 421
439 465
439 484
440 16
440 116
440 126
440 155
440 175
440 198
440 213
440 257
440 327
440 330
440 338
440 354
440 475
441 54
441 64
441 143
441 186
441 272
441 281
441 331
441 494
442 30
442 32
442 33
442 45
442 305
442 312
442 356
443 42
443 83
443 147
443 183
443 187
443 193
443 199
443 218
443 274
443 307
443 329
443 346
443 449
443 473
443 498
444 13
444 60
444 121
444 130
444 143
444 164
444 186
444 238
444 240
444 317
444 360
444 414
444 421
444 486
445 23
445 28
445 49
445 54
445 107
445 134
445 228
445 240
445 282
445 309
445 363
445 382
446 27
446 29
446 31
446 37
446 75
446 90
446 145
446 183
446 200
446 265
446 345
446 373
446 391
446 448
446 464
447 24
447 47
447 73
447 108
447 114
447 126
447 218
447 307
447 335
447 346
447 368
447 413
447 414
447 416
447 425
447 456
447 482
448 32
448 109
448 110
448 120
448 134
448 141
448 200
448 207
448 214
448 222
448 227
448 229
448 253
448 255
448 276
448 386
448 430
448 435
448 446
448 452
448 476
448 486
449 7
449 17
449 43
449 67
449 111
449 147
449 181
449 202
449 229
449 262
449 387
449 443
450 25
450 86
450 135
450 169
450 172
450 179
450 192
450 215
450 231
450 250
450 314
450 407
450 491
451 20
451 119
451 123
451 138
451 151
451 175
451 322
451 360
451 394
451 412
451 426
451 491
452 1
452 47
452 70
452 123
452 150
452 167
452 176
452 248
452 258
452 291
452 305
452 407
452 412
452 426
452 448
453 4
453 119
453 140
453 143
453 159
453 160
453 208
453 237
453 295
453 393
453 402
454 51
454 204
454 320
454 362
454 375
454 400
455 39
455 93
455 101
455 114
455 149
455 193
455 210
455 248
455 257
455 298
455 356
455 389
455 419
455 488
456 53
456 129
456 138
456 170
456 244
456 277
456 330
456 387
456 404
456 414
456 447
456 478
457 5
457 8
457 19
457 139
457 218
457 465
457 474
457 498
458 48
458 82
458 143
458 180
458 204
458 231
458 263
458 349
458 369
458 411
458 418
458 427
458 459
459 67
459 117
459 124
459 266
459 277
459 336
459 341
459 367
459 381
459 386
459 458
459 492
460 34
460 109
460 153
460 178
460 189
460 234
460 262
460 302
460 411
460 466
460 497
461 80
461 85
461 87
461 96
461 100
461 146
461 162
461 179
461 215
461 299
461 396
461 486
462 9
462 64
462 96
462 148
462 212
462 240
462 281
462 312
462 420
462 491
463 8
463 30
463 44
463 58
463 96
463 168
463 173
463 213
463 233
463 269
463 309
463 313
463 436
464 16
464 34
464 36
464 73
464 132
464 163
464 167
464 203
464 229
464 236
464 286
464 307
464 378
464 387
464 407
464 446
464 481
465 1
465 80
465 153
465 158
465 183
465 211
465 214
465 253
465 259
465 330
465 393
465 439
465 457
465 480
465 492
466 6
466 131
466 141
466 186
466 268
466 270
466 340
466 369
466 460
466 475
466 488
466 498
467 140
467 228
467 262
467 299
467 328
467 342
467 355
467 360
467 371
467 412
467 433
467 435
468 18
468 48
468 69
468 101
468 174
468 182
468 293
468 358
469 32
469 34
469 49
469 51
469 54
469 118
469 187
469 192
469 218
469 221
469 237
469 268
470 21
470 59
470 127
470 159
470 209
470 220
470 264
470 273
470 309
470 322
470 333
470 388
470 389
470 493
471 50
471 57
471 64
471 137
471 138
471 139
471 201
471 209
471 225
471 328
471 397
471 413
471 420
472 8
472 16
472 21
472 41
472 61
472 63
472 72
472 84
472 126
472 182
472 403
472 428
472 483
473 20
473 30
473 50
473 66
473 74
473 76
473 167
473 202
473 238
473 243
473 266
473 299
473 335
473 352
473 423
473 434
473 443
474 8
474 112
474 114
474 127
474 142
474 235
474 271
474 273
474 298
474 317
474 429
474 457
475 15
475 72
475 109
475 162
475 187
475 191
475 232
475 257
475 278
475 426
475 440
475 466
475 483
476 180
476 219
476 223
476 230
476 258
476 265
476 285
476 294
476 332
476 334
476 383
476 448
476 488
477 10
477 14
477 97
477 135
477 137
477 199
477 249
477 347
477 351
477 367
477 410
477 413
477 487
478 61
478 166
478 187
478 198
478 224
478 251
478 258
478 261
478 265
478 289
478 316
478 344
478 348
478 355
478 419
478 432
478 456
478 486
479 63
479 88
479 184
479 247
479 279
479 383
480 4
480 76
480 172
480 365
480 369
480 413
480 465
481 78
481 89
481 93
481 96
481 195
481 209
481 239
481 241
481 277
481 364
481 366
481 431
481 464
481 498
482 5
482 6
482 48
482 139
482 174
482 259
482 266
482 336
482 392
482 400
482 418
482 447
483 13
483 27
483 79
483 96
483 125
483 166
483 233
483 248
483 253
483 329
483 334
483 345
483 373
483 379
483 388
483 407
483 408
483 472
483 475
483 493
484 48
484 57
484 86
484 111
484 120
484 121
484 126
484 136
484 208
484 220
484 231
484 240
484 255
484 259
484 434
484 439
485 37
485 45
485 55
485 110
485 114
485 140
485 167
485 218
485 248
485 291
485 330
485 349
485 398
485 429
485 430
486 59
486 86
486 96
486 109
486 126
486 130
486 132
486 209
486 348
486 372
486 444
486 448
486 461
486 478
487 105
487 149
487 166
487 187
487 223
487 359
487 403
487 411
487 477
488 12
488 200
488 266
488 286
488 304
488 406
488 455
488 466
488 476
489 187
489 207
489 280
489 320
489 370
489 409
490 38
490 85
490 124
490 151
490 158
490 174
490 176
490 212
490 248
490 249
490 290
490 313
490 384
490 395
490 400
490 431
490 437
491 3
491 10
491 159
491 216
491 227
491 255
491 296
491 346
491 350
491 351
491 359
491 360
491 381
491 450
491 451
491 462
492 39
492 64
492 83
492 124
492 149
492 161
492 167
492 320
492 333
492 393
492 459
492 465
493 9
493 14
493 56
493 114
493 117
493 124
493 224
493 269
493 346
493 470
493 483
494 12
494 116
494 120
494 216
494 249
494 269
494 275
494 319
494 397
494 404
494 441
495 15
495 79
495 137
495 158
495 171
495 182
495 202
495 204
495 209
495 229
495 261
495 423
496 80
496 161
496 194
496 241
496 318
496 323
496 325
496 373
496 398
496 428
496 432
496 436
496 499
497 10
497 225
497 298
497 364
497 438
497 460
498 12
498 44
498 131
498 157
498 167
498 269
498 276
498 292
498 294
498 339
498 341
498 356
498 378
498 438
498 443
498 457
498 466
498 481
499 151
499 167
499 182
499 229
499 252
499 269
499 304
499 307
499 347
499 375
499 406
499 411
499 496