200 2061
0 5
0 8
0 11
0 30
0 38
0 41
0 50
0 51
0 53
0 54
0 60
0 65
0 77
0 82
0 90
0 97
0 101
0 119
0 125
0 126
0 135
0 138
0 149
0 150
0 154
0 157
0 167
0 174
0 185
0 194
0 199
1 5
1 9
1 13
1 41
1 44
1 49
1 60
1 93
1 100
1 104
1 105
1 107
1 110
1 127
1 129
1 146
1 150
1 164
1 173
1 185
1 193
1 198
2 21
2 28
2 30
2 35
2 48
2 51
2 52
2 58
2 62
2 72
2 87
2 96
2 104
2 106
2 134
2 138
2 148
2 151
2 156
2 178
2 183
2 188
2 194
2 197
2 199
3 23
3 37
3 38
3 50
3 61
3 79
3 89
3 91
3 92
3 94
3 98
3 109
3 111
3 122
3 135
3 159
3 173
3 174
3 175
3 178
3 189
3 190
3 198
4 6
4 9
4 23
4 52
4 69
4 80
4 89
4 93
4 98
4 112
4 118
4 119
4 120
4 124
4 132
4 133
4 137
4 141
4 143
4 144
4 151
4 164
4 167
4 175
4 189
4 191
5 0
5 1
5 8
5 16
5 36
5 47
5 56
5 63
5 72
5 73
5 75
5 104
5 110
5 130
5 142
5 146
5 156
5 163
5 176
5 178
5 197
6 4
6 14
6 35
6 41
6 48
6 50
6 55
6 56
6 78
6 87
6 104
6 108
6 109
6 119
6 120
6 149
6 166
6 171
6 177
6 178
7 10
7 19
7 30
7 41
7 44
7 60
7 66
7 72
7 83
7 93
7 101
7 107
7 123
7 142
7 177
7 180
7 189
8 0
8 5
8 13
8 26
8 52
8 58
8 77
8 86
8 110
8 113
8 114
8 116
8 118
8 126
8 129
8 137
8 148
8 150
8 156
8 174
8 182
8 198
9 1
9 4
9 34
9 47
9 67
9 70
9 71
9 80
9 88
9 94
9 100
9 101
9 137
9 156
9 165
9 177
9 182
10 7
10 22
10 24
10 39
10 42
10 49
10 55
10 58
10 86
10 87
10 93
10 94
10 99
10 106
10 108
10 110
10 125
10 134
10 145
10 149
10 164
10 178
10 181
11 0
11 12
11 17
11 19
11 30
11 45
11 55
11 100
11 110
11 112
11 113
11 115
11 121
11 126
11 138
11 147
11 161
11 169
11 175
11 179
11 199
12 11
12 16
12 33
12 36
12 41
12 54
12 60
12 69
12 74
12 77
12 86
12 98
12 100
12 116
12 143
12 146
12 151
12 152
12 170
12 181
12 188
12 189
12 190
12 191
13 1
13 8
13 15
13 22
13 23
13 29
13 37
13 42
13 44
13 56
13 65
13 69
13 81
13 88
13 113
13 147
13 169
13 180
13 182
13 184
13 192
13 196
14 6
14 25
14 34
14 36
14 40
14 42
14 60
14 62
14 102
14 115
14 128
14 149
14 153
14 154
14 160
14 166
14 176
14 186
15 13
15 21
15 27
15 30
15 49
15 53
15 54
15 68
15 78
15 81
15 84
15 92
15 94
15 98
15 106
15 107
15 109
15 111
15 123
15 129
15 177
15 187
15 191
16 5
16 12
16 25
16 37
16 46
16 58
16 80
16 86
16 103
16 112
16 119
16 120
16 128
16 142
16 166
16 167
16 175
16 191
16 193
16 196
17 11
17 20
17 33
17 36
17 45
17 54
17 55
17 94
17 95
17 99
17 101
17 114
17 128
17 179
17 195
17 196
17 197
17 198
18 19
18 20
18 22
18 30
18 35
18 39
18 48
18 49
18 53
18 58
18 61
18 68
18 72
18 87
18 91
18 92
18 124
18 129
18 151
18 158
18 160
18 171
18 192
19 7
19 11
19 18
19 27
19 30
19 38
19 66
19 67
19 78
19 80
19 91
19 106
19 118
19 119
19 120
19 126
19 147
19 155
19 164
19 170
19 190
19 197
20 17
20 18
20 24
20 47
20 52
20 61
20 63
20 70
20 86
20 88
20 93
20 95
20 99
20 109
20 167
20 169
20 180
20 183
20 184
20 187
20 193
21 2
21 15
21 26
21 41
21 49
21 64
21 65
21 72
21 98
21 101
21 122
21 125
21 126
21 135
21 150
21 159
21 192
21 193
22 10
22 13
22 18
22 42
22 43
22 49
22 51
22 54
22 63
22 70
22 71
22 79
22 105
22 124
22 133
22 139
22 149
22 160
22 172
22 178
22 182
22 195
23 3
23 4
23 13
23 24
23 26
23 29
23 40
23 55
23 67
23 68
23 74
23 75
23 87
23 91
23 98
23 103
23 111
23 113
23 126
23 131
23 138
23 167
23 181
23 194
24 10
24 20
24 23
24 26
24 34
24 37
24 42
24 43
24 44
24 52
24 68
24 70
24 73
24 88
24 93
24 100
24 103
24 136
24 171
24 183
24 195
25 14
25 16
25 26
25 36
25 37
25 39
25 41
25 45
25 54
25 62
25 63
25 75
25 84
25 95
25 103
25 105
25 110
25 116
25 129
25 140
25 147
25 156
25 168
25 170
25 183
25 186
26 8
26 21
26 23
26 24
26 25
26 56
26 77
26 79
26 100
26 101
26 114
26 128
26 131
26 138
26 139
26 143
26 146
26 153
26 156
26 167
26 186
26 187
26 198
27 15
27 19
27 33
27 34
27 44
27 54
27 74
27 93
27 102
27 122
27 128
27 129
27 133
27 146
27 163
27 197
28 2
28 42
28 43
28 50
28 57
28 58
28 68
28 78
28 97
28 108
28 115
28 116
28 117
28 127
28 132
28 133
28 135
28 137
28 155
28 157
28 164
28 165
28 186
29 13
29 23
29 34
29 37
29 38
29 52
29 59
29 63
29 71
29 73
29 86
29 90
29 103
29 118
29 119
29 128
29 133
29 135
29 159
29 164
29 177
29 178
29 179
29 181
29 188
29 189
29 199
30 0
30 2
30 7
30 11
30 15
30 18
30 19
30 35
30 43
30 78
30 84
30 87
30 117
30 118
30 119
30 124
30 130
30 138
30 139
30 140
30 146
30 147
30 155
30 156
30 199
31 41
31 44
31 54
31 57
31 61
31 77
31 80
31 81
31 85
31 87
31 90
31 97
31 123
31 141
31 147
31 160
31 166
31 168
31 178
31 180
31 183
31 191
32 44
32 53
32 58
32 61
32 81
32 82
32 89
32 100
32 106
32 115
32 134
32 140
32 142
32 145
32 169
32 171
32 172
32 179
33 12
33 17
33 27
33 36
33 44
33 59
33 63
33 91
33 100
33 121
33 123
33 128
33 129
33 131
33 132
33 157
33 160
33 169
33 180
33 197
33 198
34 9
34 14
34 24
34 27
34 29
34 42
34 62
34 70
34 72
34 80
34 82
34 94
34 96
34 121
34 126
34 127
34 151
34 153
34 155
34 158
34 181
34 188
34 197
35 2
35 6
35 18
35 30
35 40
35 43
35 46
35 55
35 89
35 97
35 113
35 116
35 120
35 127
35 140
35 153
35 157
35 159
35 163
35 169
35 182
35 198
36 5
36 12
36 14
36 17
36 25
36 33
36 44
36 82
36 111
36 116
36 123
36 125
36 130
36 149
36 151
36 155
36 174
36 183
36 192
36 197
37 3
37 13
37 16
37 24
37 25
37 29
37 40
37 43
37 47
37 57
37 73
37 88
37 99
37 109
37 112
37 115
37 116
37 119
37 121
37 131
37 137
37 166
37 177
37 182
37 184
37 199
38 0
38 3
38 19
38 29
38 43
38 66
38 67
38 68
38 69
38 77
38 81
38 86
38 91
38 96
38 102
38 122
38 134
38 138
38 159
38 162
38 177
38 181
38 184
38 192
39 10
39 18
39 25
39 58
39 63
39 69
39 73
39 82
39 89
39 111
39 129
39 135
39 153
39 173
39 178
39 185
39 196
39 198
40 14
40 23
40 35
40 37
40 41
40 69
40 85
40 90
40 96
40 97
40 98
40 100
40 108
40 110
40 116
40 117
40 123
40 133
40 135
40 141
40 157
40 172
40 185
40 189
40 190
40 194
41 0
41 1
41 6
41 7
41 12
41 21
41 25
41 31
41 40
41 45
41 48
41 52
41 56
41 62
41 63
41 64
41 66
41 81
41 87
41 105
41 118
41 126
41 133
41 135
41 136
41 137
41 143
41 150
41 151
41 155
41 170
41 178
41 193
41 199
42 10
42 13
42 14
42 22
42 24
42 28
42 34
42 44
42 63
42 70
42 80
42 83
42 90
42 106
42 107
42 111
42 115
42 129
42 151
42 157
42 181
42 182
42 184
43 22
43 24
43 28
43 30
43 35
43 37
43 38
43 45
43 50
43 51
43 58
43 64
43 66
43 87
43 95
43 102
43 112
43 114
43 128
43 153
43 154
43 161
43 168
43 170
43 172
43 174
43 181
43 183
43 184
43 187
43 192
44 1
44 7
44 13
44 24
44 27
44 31
44 32
44 33
44 36
44 42
44 45
44 52
44 68
44 76
44 92
44 98
44 102
44 106
44 110
44 114
44 120
44 124
44 128
44 141
44 153
44 169
44 177
44 195
45 11
45 17
45 25
45 41
45 43
45 44
45 55
45 57
45 61
45 64
45 68
45 99
45 100
45 112
45 115
45 116
45 117
45 124
45 152
45 162
45 167
45 188
45 189
45 191
46 16
46 35
46 55
46 56
46 58
46 65
46 68
46 73
46 79
46 88
46 90
46 103
46 107
46 124
46 125
46 127
46 128
46 155
46 158
46 174
46 184
46 187
47 5
47 9
47 20
47 37
47 62
47 87
47 89
47 91
47 96
47 98
47 109
47 131
47 138
47 146
47 151
47 156
47 165
47 172
47 193
47 197
48 2
48 6
48 18
48 41
48 52
48 57
48 82
48 93
48 113
48 115
48 116
48 129
48 161
48 175
48 199
49 1
49 10
49 15
49 18
49 21
49 22
49 60
49 64
49 79
49 89
49 109
49 112
49 116
49 145
49 148
49 170
49 174
50 0
50 3
50 6
50 28
50 43
50 55
50 60
50 63
50 75
50 78
50 82
50 87
50 90
50 96
50 105
50 107
50 119
50 129
50 131
50 133
50 136
50 144
50 152
50 161
50 164
50 170
50 181
50 192
50 193
51 0
51 2
51 22
51 43
51 53
51 68
51 76
51 83
51 87
51 120
51 152
51 175
51 182
51 184
52 2
52 4
52 8
52 20
52 24
52 29
52 41
52 44
52 48
52 76
52 96
52 106
52 131
52 132
52 135
52 137
52 148
52 162
52 166
52 182
52 197
53 0
53 15
53 18
53 32
53 51
53 55
53 68
53 93
53 101
53 109
53 130
53 132
53 146
53 150
53 198
54 0
54 12
54 15
54 17
54 22
54 25
54 27
54 31
54 86
54 97
54 145
54 154
54 160
54 193
54 198
55 6
55 10
55 11
55 17
55 23
55 35
55 45
55 46
55 50
55 53
55 57
55 77
55 94
55 101
55 113
55 115
55 119
55 178
55 189
56 5
56 6
56 13
56 26
56 41
56 46
56 60
56 68
56 81
56 90
56 92
56 108
56 129
56 133
56 137
56 142
56 154
56 164
56 176
56 186
57 28
57 31
57 37
57 45
57 48
57 55
57 61
57 78
57 86
57 118
57 129
57 130
57 131
57 151
57 181
57 185
57 189
58 2
58 8
58 10
58 16
58 18
58 28
58 32
58 39
58 43
58 46
58 76
58 89
58 117
58 121
58 125
58 127
58 147
59 29
59 33
59 65
59 84
59 99
59 117
59 119
59 125
59 128
59 132
59 149
59 165
59 177
59 179
59 188
59 195
59 198
60 0
60 1
60 7
60 12
60 14
60 49
60 50
60 56
60 84
60 86
60 88
60 90
60 96
60 99
60 108
60 112
60 123
60 131
60 135
60 144
60 149
60 181
60 189
60 196
61 3
61 18
61 20
61 31
61 32
61 45
61 57
61 66
61 115
61 124
61 152
61 170
61 172
61 173
61 186
61 191
62 2
62 14
62 25
62 34
62 41
62 47
62 86
62 99
62 100
62 106
62 121
62 128
62 132
62 138
62 149
62 159
62 164
62 170
62 173
62 175
62 176
62 178
62 182
62 187
63 5
63 20
63 22
63 25
63 29
63 33
63 39
63 41
63 42
63 50
63 73
63 77
63 83
63 94
63 99
63 102
63 110
63 111
63 122
63 132
63 138
63 139
63 144
63 154
63 163
63 166
63 168
63 169
63 175
63 179
63 194
63 197
63 199
64 21
64 41
64 43
64 45
64 49
64 75
64 76
64 92
64 93
64 97
64 101
64 102
64 109
64 110
64 150
64 158
64 160
64 161
64 166
64 169
64 173
64 196
64 198
65 0
65 13
65 21
65 46
65 59
65 75
65 85
65 89
65 97
65 100
65 123
65 132
65 141
65 142
65 150
65 151
65 169
65 170
65 177
65 178
65 191
66 7
66 19
66 38
66 41
66 43
66 61
66 67
66 72
66 100
66 104
66 111
66 114
66 119
66 122
66 130
66 152
66 161
66 162
66 166
66 169
66 177
66 193
66 195
67 9
67 19
67 23
67 38
67 66
67 68
67 73
67 75
67 98
67 104
67 121
67 122
67 123
67 131
67 155
67 158
67 171
67 178
67 189
67 190
67 196
67 198
68 15
68 18
68 23
68 24
68 28
68 38
68 44
68 45
68 46
68 51
68 53
68 56
68 67
68 75
68 83
68 105
68 106
68 110
68 119
68 123
68 131
68 150
68 153
68 159
68 162
68 165
68 178
68 196
69 4
69 12
69 13
69 38
69 39
69 40
69 74
69 91
69 106
69 113
69 124
69 130
69 144
69 147
69 150
69 154
69 155
69 161
69 173
69 183
70 9
70 20
70 22
70 24
70 34
70 42
70 91
70 97
70 101
70 105
70 110
70 134
70 140
70 144
70 147
70 153
70 165
71 9
71 22
71 29
71 74
71 87
71 89
71 96
71 100
71 101
71 110
71 120
71 128
71 139
71 156
71 166
71 179
72 2
72 5
72 7
72 18
72 21
72 34
72 66
72 76
72 78
72 79
72 103
72 104
72 105
72 108
72 115
72 126
72 141
72 144
72 151
72 163
72 180
73 5
73 24
73 29
73 37
73 39
73 46
73 63
73 67
73 75
73 78
73 80
73 81
73 112
73 127
73 128
73 130
73 135
73 136
73 143
73 152
73 165
73 180
73 185
73 195
74 12
74 23
74 27
74 69
74 71
74 84
74 85
74 95
74 120
74 121
74 122
74 123
74 127
74 155
74 164
74 169
74 178
74 182
74 193
74 199
75 5
75 23
75 25
75 50
75 64
75 65
75 67
75 68
75 73
75 99
75 101
75 105
75 107
75 122
75 147
75 164
75 166
75 174
75 181
75 191
75 195
76 44
76 51
76 52
76 58
76 64
76 72
76 78
76 86
76 91
76 96
76 152
76 156
76 157
76 173
76 174
76 182
76 189
76 193
76 197
77 0
77 8
77 12
77 26
77 31
77 38
77 55
77 63
77 100
77 110
77 130
77 161
77 176
77 195
78 6
78 15
78 19
78 28
78 30
78 50
78 57
78 72
78 73
78 76
78 86
78 95
78 97
78 109
78 113
78 128
78 158
78 159
78 160
78 163
78 174
78 177
78 182
79 3
79 22
79 26
79 46
79 49
79 72
79 84
79 104
79 120
79 128
79 129
79 158
79 164
80 4
80 9
80 16
80 19
80 31
80 34
80 42
80 73
80 94
80 103
80 113
80 115
80 139
80 144
80 161
80 167
80 179
80 185
80 186
81 13
81 15
81 31
81 32
81 38
81 41
81 56
81 73
81 83
81 87
81 100
81 106
81 132
81 194
81 195
82 0
82 32
82 34
82 36
82 39
82 48
82 50
82 106
82 111
82 119
82 123
82 124
82 146
82 154
82 157
82 160
82 166
82 178
83 7
83 42
83 51
83 63
83 68
83 81
83 84
83 93
83 95
83 117
83 146
83 163
83 174
83 180
83 185
83 190
83 198
84 15
84 25
84 30
84 59
84 60
84 74
84 79
84 83
84 90
84 91
84 93
84 113
84 114
84 120
84 143
84 147
84 156
84 157
84 159
84 195
84 196
85 31
85 40
85 65
85 74
85 92
85 100
85 106
85 108
85 111
85 124
85 132
85 148
85 150
85 152
85 168
85 172
85 184
85 195
86 8
86 10
86 12
86 16
86 20
86 29
86 38
86 54
86 57
86 60
86 62
86 76
86 78
86 88
86 98
86 109
86 116
86 118
86 137
86 139
86 142
86 151
86 165
86 171
86 172
86 185
87 2
87 6
87 10
87 18
87 23
87 30
87 31
87 41
87 43
87 47
87 50
87 51
87 71
87 81
87 101
87 115
87 119
87 128
87 142
87 150
87 155
87 168
88 9
88 13
88 20
88 24
88 37
88 46
88 60
88 86
88 90
88 106
88 113
88 131
88 132
88 141
88 143
88 145
88 156
88 180
88 182
88 198
89 3
89 4
89 32
89 35
89 39
89 47
89 49
89 58
89 65
89 71
89 109
89 111
89 114
89 120
89 121
89 126
89 133
89 182
89 183
90 0
90 29
90 31
90 40
90 42
90 46
90 50
90 56
90 60
90 84
90 88
90 97
90 141
90 148
90 149
90 163
90 180
90 181
90 186
91 3
91 18
91 19
91 23
91 33
91 38
91 47
91 69
91 70
91 76
91 84
91 92
91 102
91 105
91 106
91 127
91 129
91 148
91 153
91 159
91 162
91 170
91 174
92 3
92 15
92 18
92 44
92 56
92 64
92 85
92 91
92 101
92 118
92 127
92 133
92 153
92 168
92 173
92 183
93 1
93 4
93 7
93 10
93 20
93 24
93 27
93 48
93 53
93 64
93 83
93 84
93 98
93 135
93 158
93 174
93 180
93 181
93 184
93 185
93 187
93 198
94 3
94 9
94 10
94 15
94 17
94 34
94 55
94 63
94 80
94 97
94 102
94 106
94 112
94 124
94 145
94 168
94 191
95 17
95 20
95 25
95 43
95 74
95 78
95 83
95 98
95 104
95 120
95 135
95 142
95 145
95 146
95 148
95 154
95 160
95 176
95 183
95 188
95 192
96 2
96 34
96 38
96 40
96 47
96 50
96 52
96 60
96 71
96 76
96 100
96 103
96 126
96 127
96 152
96 157
96 160
96 184
96 186
96 188
97 0
97 28
97 31
97 35
97 40
97 54
97 64
97 65
97 70
97 78
97 90
97 94
97 103
97 104
97 121
97 128
97 129
97 137
97 154
97 156
97 170
97 179
97 182
97 189
97 193
97 198
97 199
98 3
98 4
98 12
98 15
98 21
98 23
98 40
98 44
98 47
98 67
98 86
98 93
98 95
98 126
98 155
98 159
98 167
98 184
98 193
99 10
99 17
99 20
99 37
99 45
99 59
99 60
99 62
99 63
99 75
99 116
99 137
99 143
99 147
99 156
99 165
99 167
99 177
100 1
100 9
100 11
100 12
100 24
100 26
100 32
100 33
100 40
100 45
100 62
100 65
100 66
100 71
100 77
100 81
100 85
100 96
100 108
100 112
100 117
100 122
100 128
100 143
100 149
100 154
100 156
100 157
100 186
100 188
100 199
101 0
101 7
101 9
101 17
101 21
101 26
101 53
101 55
101 64
101 70
101 71
101 75
101 87
101 92
101 121
101 126
101 145
101 148
101 150
101 188
101 190
102 14
102 27
102 38
102 43
102 44
102 63
102 64
102 91
102 94
102 103
102 107
102 111
102 120
102 128
102 139
102 142
102 146
102 149
102 169
102 170
102 176
102 192
102 195
103 16
103 23
103 24
103 25
103 29
103 46
103 72
103 80
103 96
103 97
103 102
103 110
103 114
103 127
103 142
103 177
103 198
104 1
104 2
104 5
104 6
104 66
104 67
104 72
104 79
104 95
104 97
104 111
104 132
104 155
104 157
104 162
104 166
104 168
105 1
105 22
105 25
105 41
105 50
105 68
105 70
105 72
105 75
105 91
105 115
105 118
105 125
105 143
105 158
105 164
105 170
105 172
105 176
105 188
106 2
106 10
106 15
106 19
106 32
106 42
106 44
106 52
106 62
106 68
106 69
106 81
106 82
106 85
106 88
106 91
106 94
106 111
106 132
106 140
106 148
106 149
106 176
106 188
106 191
106 195
107 1
107 7
107 15
107 42
107 46
107 50
107 75
107 102
107 116
107 128
107 152
107 161
107 177
107 178
108 6
108 10
108 28
108 40
108 56
108 60
108 72
108 85
108 100
108 120
108 125
108 130
108 137
108 150
108 168
108 172
108 180
108 196
109 3
109 6
109 15
109 20
109 37
109 47
109 49
109 53
109 64
109 78
109 86
109 89
109 110
109 115
109 137
109 145
109 147
110 1
110 5
110 8
110 10
110 11
110 25
110 40
110 44
110 63
110 64
110 68
110 70
110 71
110 77
110 103
110 109
110 113
110 122
110 123
110 136
110 137
110 139
110 140
110 146
110 167
110 169
110 171
110 183
111 3
111 15
111 23
111 36
111 39
111 42
111 63
111 66
111 82
111 85
111 89
111 102
111 104
111 106
111 128
111 151
111 157
111 162
111 176
111 182
112 4
112 11
112 16
112 37
112 43
112 45
112 49
112 60
112 73
112 94
112 100
112 119
112 125
112 126
112 127
112 137
112 148
112 158
112 168
112 171
112 174
112 180
112 182
112 185
112 190
112 192
112 194
113 8
113 11
113 13
113 23
113 35
113 48
113 55
113 69
113 78
113 80
113 84
113 88
113 110
113 125
113 163
113 187
114 8
114 17
114 26
114 43
114 44
114 66
114 84
114 89
114 103
114 116
114 126
114 127
114 140
114 146
114 151
114 158
114 160
114 172
114 175
114 180
114 186
115 11
115 14
115 28
115 32
115 37
115 42
115 45
115 48
115 55
115 61
115 72
115 80
115 87
115 105
115 109
115 136
115 153
115 155
115 157
116 8
116 12
116 25
116 28
116 35
116 36
116 37
116 40
116 45
116 48
116 49
116 86
116 99
116 107
116 114
116 137
116 142
116 151
116 163
116 173
116 181
116 189
116 191
117 28
117 30
117 40
117 45
117 58
117 59
117 83
117 100
117 130
117 149
117 172
117 177
117 182
117 189
117 195
118 4
118 8
118 19
118 29
118 30
118 41
118 57
118 86
118 92
118 105
118 126
118 131
118 137
118 167
118 172
118 181
118 186
118 188
118 191
119 0
119 4
119 6
119 16
119 19
119 29
119 30
119 37
119 50
119 55
119 59
119 66
119 68
119 82
119 87
119 112
119 123
119 130
119 148
119 156
119 159
119 160
119 179
120 4
120 6
120 16
120 19
120 35
120 44
120 51
120 71
120 74
120 79
120 84
120 89
120 95
120 102
120 108
120 130
120 145
120 151
120 176
120 180
120 197
121 11
121 33
121 34
121 37
121 58
121 62
121 67
121 74
121 89
121 97
121 101
121 124
121 151
121 155
121 156
121 184
121 197
122 3
122 21
122 27
122 38
122 63
122 66
122 67
122 74
122 75
122 100
122 110
122 127
122 128
122 129
122 142
122 157
122 162
122 167
122 178
122 195
122 196
122 199
123 7
123 15
123 31
123 33
123 36
123 40
123 60
123 65
123 67
123 68
123 74
123 82
123 110
123 119
123 133
123 135
123 143
123 144
123 165
123 173
123 179
123 180
123 190
124 4
124 18
124 22
124 30
124 44
124 45
124 46
124 61
124 69
124 82
124 85
124 94
124 121
124 133
124 137
124 146
124 150
124 152
124 190
125 0
125 10
125 21
125 36
125 46
125 58
125 59
125 105
125 108
125 112
125 113
125 126
125 145
125 150
125 161
125 175
125 183
126 0
126 8
126 11
126 19
126 21
126 23
126 34
126 41
126 72
126 89
126 96
126 98
126 101
126 112
126 114
126 118
126 125
126 135
126 148
126 174
126 192
127 1
127 28
127 34
127 35
127 46
127 58
127 73
127 74
127 91
127 92
127 96
127 103
127 112
127 114
127 122
127 141
127 153
127 159
127 183
127 186
127 194
128 14
128 16
128 17
128 26
128 27
128 29
128 33
128 43
128 44
128 46
128 59
128 62
128 71
128 73
128 78
128 79
128 87
128 97
128 100
128 102
128 107
128 111
128 122
128 130
128 145
128 152
128 160
129 1
129 8
129 15
129 18
129 25
129 27
129 33
129 39
129 42
129 48
129 50
129 56
129 57
129 79
129 91
129 97
129 122
129 132
129 134
129 135
129 171
129 177
130 5
130 30
130 36
130 53
130 57
130 66
130 69
130 73
130 77
130 108
130 117
130 119
130 120
130 128
130 135
130 136
130 141
130 142
130 145
130 147
130 151
130 152
130 158
130 177
130 193
131 23
131 26
131 33
131 37
131 47
131 50
131 52
131 57
131 60
131 67
131 68
131 88
131 118
131 149
131 150
131 175
131 183
131 185
131 194
131 195
131 196
132 4
132 28
132 33
132 52
132 53
132 59
132 62
132 63
132 65
132 81
132 85
132 88
132 104
132 106
132 129
132 138
132 159
132 193
132 194
133 4
133 22
133 27
133 28
133 29
133 40
133 41
133 50
133 56
133 89
133 92
133 123
133 124
133 146
133 153
133 165
133 171
133 195
134 2
134 10
134 32
134 38
134 70
134 129
134 146
134 150
134 156
134 174
134 181
134 182
134 189
135 0
135 3
135 21
135 28
135 29
135 39
135 40
135 41
135 52
135 60
135 73
135 93
135 95
135 123
135 126
135 129
135 130
135 137
135 140
135 156
135 179
135 186
135 188
135 198
136 24
136 41
136 50
136 73
136 110
136 115
136 130
136 143
136 144
136 151
136 157
136 175
136 177
136 178
136 194
137 4
137 8
137 9
137 28
137 37
137 41
137 52
137 56
137 86
137 97
137 99
137 108
137 109
137 110
137 112
137 116
137 118
137 124
137 135
137 166
137 170
137 173
137 189
138 0
138 2
138 11
138 23
138 26
138 30
138 38
138 47
138 62
138 63
138 132
138 161
138 166
138 175
138 189
138 196
139 22
139 26
139 30
139 63
139 71
139 80
139 86
139 102
139 110
139 156
139 181
139 182
139 185
139 186
139 188
139 198
140 25
140 30
140 32
140 35
140 70
140 106
140 110
140 114
140 135
140 186
141 4
141 31
141 40
141 44
141 65
141 72
141 88
141 90
141 127
141 130
141 142
141 154
141 155
141 156
141 166
141 168
141 173
141 184
141 186
141 187
141 189
141 193
142 5
142 7
142 16
142 32
142 56
142 65
142 86
142 87
142 95
142 102
142 103
142 116
142 122
142 130
142 141
142 149
142 154
142 155
142 161
142 176
142 189
142 190
142 194
143 4
143 12
143 26
143 41
143 73
143 84
143 88
143 99
143 100
143 105
143 123
143 136
143 164
143 170
143 172
143 186
143 188
143 199
144 4
144 50
144 60
144 63
144 69
144 70
144 72
144 80
144 123
144 136
144 177
144 185
145 10
145 32
145 49
145 54
145 88
145 94
145 95
145 101
145 109
145 120
145 125
145 128
145 130
145 169
145 171
145 172
145 173
145 184
146 1
146 5
146 12
146 26
146 27
146 30
146 47
146 53
146 82
146 83
146 95
146 102
146 110
146 114
146 124
146 133
146 134
146 165
146 170
146 176
146 181
147 11
147 13
147 19
147 25
147 30
147 31
147 58
147 69
147 70
147 75
147 84
147 99
147 109
147 130
147 150
147 157
147 168
147 170
147 174
147 186
147 187
147 191
148 2
148 8
148 49
148 52
148 85
148 90
148 91
148 95
148 101
148 106
148 112
148 119
148 126
148 175
148 193
148 196
149 0
149 6
149 10
149 14
149 22
149 36
149 59
149 60
149 62
149 90
149 100
149 102
149 106
149 117
149 131
149 142
149 188
149 196
149 198
150 0
150 1
150 8
150 21
150 41
150 53
150 64
150 65
150 68
150 69
150 85
150 87
150 101
150 108
150 124
150 125
150 131
150 134
150 147
150 151
150 172
150 199
151 2
151 4
151 12
151 18
151 34
151 36
151 41
151 42
151 47
151 57
151 65
151 72
151 86
151 111
151 114
151 116
151 120
151 121
151 130
151 136
151 150
151 154
151 169
151 171
151 186
152 12
152 45
152 50
152 51
152 61
152 66
152 73
152 76
152 85
152 96
152 107
152 124
152 128
152 130
152 158
152 162
152 174
152 176
152 199
153 14
153 26
153 34
153 35
153 39
153 43
153 44
153 68
153 70
153 91
153 92
153 115
153 127
153 133
153 156
153 185
153 189
154 0
154 14
154 43
154 54
154 56
154 63
154 69
154 82
154 95
154 97
154 100
154 141
154 142
154 151
154 162
154 182
154 196
154 197
155 19
155 28
155 30
155 34
155 36
155 41
155 46
155 67
155 69
155 74
155 87
155 98
155 104
155 115
155 121
155 141
155 142
155 163
155 165
155 168
155 171
155 178
155 190
156 2
156 5
156 8
156 9
156 25
156 26
156 30
156 47
156 71
156 76
156 84
156 88
156 97
156 99
156 100
156 119
156 121
156 134
156 135
156 139
156 141
156 153
156 161
156 165
156 176
156 185
157 0
157 28
157 33
157 35
157 40
157 42
157 76
157 82
157 84
157 96
157 100
157 104
157 111
157 115
157 122
157 136
157 147
157 164
157 165
157 168
157 173
157 181
157 190
158 18
158 34
158 46
158 64
158 67
158 78
158 79
158 93
158 105
158 112
158 114
158 130
158 152
158 167
158 175
158 178
158 186
158 188
159 3
159 21
159 29
159 35
159 38
159 62
159 68
159 78
159 84
159 91
159 98
159 119
159 127
159 132
159 167
159 171
159 189
160 14
160 18
160 22
160 31
160 33
160 54
160 64
160 78
160 82
160 95
160 96
160 114
160 119
160 128
160 175
160 177
160 178
160 180
160 191
161 11
161 43
161 48
161 50
161 64
161 66
161 69
161 77
161 80
161 107
161 125
161 138
161 142
161 156
161 171
161 184
161 192
162 38
162 45
162 52
162 66
162 68
162 91
162 104
162 111
162 122
162 152
162 154
162 176
162 182
162 183
162 187
162 192
162 197
163 5
163 27
163 35
163 63
163 72
163 78
163 83
163 90
163 113
163 116
163 155
163 164
163 169
163 186
163 192
164 1
164 4
164 10
164 19
164 28
164 29
164 50
164 56
164 62
164 74
164 75
164 79
164 105
164 143
164 157
164 163
164 192
164 193
164 199
165 9
165 28
165 47
165 59
165 68
165 70
165 73
165 86
165 99
165 123
165 133
165 146
165 155
165 156
165 157
165 169
165 176
166 6
166 14
166 16
166 31
166 37
166 52
166 63
166 64
166 66
166 71
166 75
166 82
166 104
166 137
166 138
166 141
166 175
166 180
166 184
166 189
167 0
167 4
167 16
167 20
167 23
167 26
167 45
167 80
167 98
167 99
167 110
167 118
167 122
167 158
167 159
167 168
167 169
167 180
167 186
167 198
168 25
168 31
168 43
168 63
168 85
168 87
168 92
168 94
168 104
168 108
168 112
168 141
168 147
168 155
168 157
168 167
168 182
168 193
169 11
169 13
169 20
169 32
169 33
169 35
169 44
169 63
169 64
169 65
169 66
169 74
169 102
169 110
169 145
169 151
169 163
169 165
169 167
169 178
169 183
169 198
170 12
170 19
170 25
170 41
170 43
170 49
170 50
170 61
170 62
170 65
170 91
170 97
170 102
170 105
170 137
170 143
170 146
170 147
170 177
170 179
170 188
171 6
171 18
171 24
171 32
171 67
171 86
171 110
171 112
171 129
171 133
171 145
171 151
171 155
171 159
171 161
171 176
171 177
171 183
171 190
172 22
172 32
172 40
172 43
172 47
172 61
172 85
172 86
172 105
172 108
172 114
172 117
172 118
172 143
172 145
172 150
172 177
173 1
173 3
173 39
173 61
173 62
173 64
173 69
173 76
173 92
173 116
173 123
173 137
173 141
173 145
173 157
173 190
174 0
174 3
174 8
174 36
174 43
174 46
174 49
174 75
174 76
174 78
174 83
174 91
174 93
174 112
174 126
174 134
174 147
174 152
174 189
174 191
174 193
174 199
175 3
175 4
175 11
175 16
175 48
175 51
175 62
175 63
175 114
175 125
175 131
175 136
175 138
175 148
175 158
175 160
175 166
175 179
175 183
176 5
176 14
176 56
176 62
176 77
176 95
176 102
176 105
176 106
176 111
176 120
176 142
176 146
176 152
176 156
176 162
176 165
176 171
176 181
176 185
176 194
177 6
177 7
177 9
177 15
177 29
177 37
177 38
177 44
177 59
177 65
177 66
177 78
177 99
177 103
177 107
177 117
177 129
177 130
177 136
177 144
177 160
177 170
177 171
177 172
177 180
177 185
178 2
178 3
178 5
178 6
178 10
178 22
178 29
178 31
178 39
178 41
178 55
178 62
178 65
178 67
178 68
178 74
178 82
178 107
178 122
178 136
178 155
178 158
178 160
178 169
178 180
178 185
178 186
179 11
179 17
179 29
179 32
179 59
179 63
179 71
179 80
179 97
179 119
179 123
179 135
179 170
179 175
179 198
180 7
180 13
180 20
180 31
180 33
180 72
180 73
180 83
180 88
180 90
180 93
180 108
180 112
180 114
180 120
180 123
180 160
180 166
180 167
180 177
180 178
180 190
181 10
181 12
181 23
181 29
181 34
181 38
181 42
181 43
181 50
181 57
181 60
181 75
181 90
181 93
181 116
181 118
181 134
181 139
181 146
181 157
181 176
181 187
181 192
181 198
182 8
182 9
182 13
182 22
182 35
182 37
182 42
182 51
182 52
182 62
182 74
182 76
182 78
182 88
182 89
182 97
182 111
182 112
182 117
182 134
182 139
182 154
182 162
182 168
182 185
183 2
183 20
183 24
183 25
183 31
183 36
183 43
183 69
183 89
183 92
183 95
183 110
183 125
183 127
183 131
183 162
183 169
183 171
183 175
183 187
183 190
184 13
184 20
184 37
184 38
184 42
184 43
184 46
184 51
184 85
184 93
184 96
184 98
184 121
184 141
184 145
184 161
184 166
184 190
184 196
185 0
185 1
185 39
185 40
185 57
185 73
185 80
185 83
185 86
185 93
185 112
185 131
185 139
185 144
185 153
185 156
185 176
185 177
185 178
185 182
186 14
186 25
186 26
186 28
186 56
186 61
186 80
186 90
186 96
186 100
186 114
186 118
186 127
186 135
186 139
186 140
186 141
186 143
186 147
186 151
186 158
186 163
186 167
186 178
186 187
186 188
186 195
187 15
187 20
187 26
187 43
187 46
187 62
187 93
187 113
187 141
187 147
187 162
187 181
187 183
187 186
188 2
188 12
188 29
188 34
188 45
188 59
188 95
188 96
188 100
188 101
188 105
188 106
188 118
188 135
188 139
188 143
188 149
188 158
188 170
188 186
188 189
188 191
188 197
189 3
189 4
189 7
189 12
189 29
189 40
189 45
189 55
189 57
189 60
189 67
189 76
189 97
189 116
189 117
189 134
189 137
189 138
189 141
189 142
189 153
189 159
189 166
189 174
189 188
189 191
189 196
190 3
190 12
190 19
190 40
190 67
190 83
190 101
190 112
190 123
190 124
190 142
190 155
190 157
190 171
190 173
190 180
190 183
190 184
190 195
191 4
191 12
191 15
191 16
191 31
191 45
191 61
191 65
191 75
191 94
191 106
191 116
191 118
191 147
191 160
191 174
191 188
191 189
191 199
192 13
192 18
192 21
192 36
192 38
192 43
192 50
192 95
192 102
192 112
192 126
192 161
192 162
192 163
192 164
192 181
193 1
193 16
193 20
193 21
193 41
193 47
193 50
193 54
193 66
193 74
193 76
193 97
193 98
193 130
193 132
193 141
193 148
193 164
193 168
193 174
193 198
194 0
194 2
194 23
194 40
194 63
194 81
194 112
194 127
194 131
194 132
194 136
194 142
194 176
195 17
195 22
195 24
195 44
195 59
195 66
195 73
195 75
195 77
195 81
195 84
195 85
195 102
195 106
195 117
195 122
195 131
195 133
195 186
195 190
196 13
196 16
196 17
196 39
196 60
196 64
196 67
196 68
196 84
196 108
196 122
196 131
196 138
196 148
196 149
196 154
196 184
196 189
197 2
197 5
197 17
197 19
197 27
197 33
197 34
197 36
197 47
197 52
197 63
197 76
197 120
197 121
197 154
197 162
197 188
198 1
198 3
198 8
198 17
198 26
198 33
198 35
198 39
198 53
198 54
198 59
198 64
198 67
198 83
198 88
198 93
198 97
198 103
198 135
198 139
198 149
198 167
198 169
198 179
198 181
198 193
199 0
199 2
199 11
199 29
199 30
199 37
199 41
199 48
199 63
199 74
199 97
199 100
199 122
199 143
199 150
199 152
199 164
199 174
199 191