200 503
0 81
0 96
0 178
0 180
1 7
1 42
1 87
1 88
1 124
1 191
2 55
2 59
2 82
3 9
3 60
3 77
3 78
3 144
3 146
3 161
3 170
4 27
4 57
4 79
4 83
4 127
4 160
5 69
5 89
6 42
6 132
7 1
7 32
7 56
7 158
7 190
8 43
8 102
8 168
9 3
9 14
9 69
9 138
9 144
9 180
9 197
10 84
10 131
10 176
11 63
11 83
11 92
11 169
11 199
12 55
12 79
12 136
12 168
12 195
12 196
13 47
13 52
13 105
14 9
14 68
14 71
14 125
14 129
14 192
15 46
15 51
15 143
16 52
16 77
16 147
17 24
17 40
17 129
18 34
18 65
18 86
18 118
18 197
18 199
19 160
19 161
20 36
20 90
20 92
20 148
20 157
20 172
21 41
21 117
22 23
22 69
22 143
22 152
23 22
23 33
23 37
23 63
23 143
23 184
24 17
24 29
24 41
24 44
24 67
24 162
25 36
25 57
25 85
25 112
25 128
25 181
26 50
26 58
26 83
26 98
26 191
27 4
27 53
27 96
27 100
28 31
28 48
28 52
28 130
29 24
29 42
29 92
29 125
29 132
29 183
30 141
30 172
31 28
31 85
31 120
32 7
32 89
32 137
32 148
32 175
32 198
33 23
33 97
33 138
33 195
34 18
34 68
34 99
34 140
34 143
34 172
34 198
35 54
35 128
35 157
36 20
36 25
36 60
36 67
36 72
37 23
37 66
37 109
38 62
38 105
38 125
38 164
39 44
39 75
39 120
39 123
40 17
40 112
41 21
41 24
41 111
41 146
41 168
41 195
42 1
42 6
42 29
42 158
42 194
43 8
43 47
43 194
43 195
44 24
44 39
44 60
44 62
44 70
44 88
44 100
44 140
44 156
45 57
45 126
45 182
45 186
45 194
46 15
46 69
46 71
47 13
47 43
47 84
47 92
47 121
47 180
48 28
48 51
48 68
48 78
48 171
49 151
49 173
50 26
50 77
50 90
50 119
50 123
51 15
51 48
51 70
51 99
51 102
51 126
51 135
51 164
51 197
52 13
52 16
52 28
52 157
53 27
53 86
53 141
54 35
54 87
54 99
54 134
54 160
54 186
55 2
55 12
55 155
55 168
56 7
56 84
56 162
56 173
57 4
57 25
57 45
57 66
57 140
57 177
58 26
58 183
59 2
59 70
59 138
59 146
59 169
59 186
60 3
60 36
60 44
60 107
60 109
60 127
60 145
61 75
61 115
61 134
61 172
61 180
62 38
62 44
62 63
62 64
62 65
62 69
62 100
62 111
62 125
62 131
62 186
63 11
63 23
63 62
63 112
63 141
63 155
63 161
64 62
64 85
64 194
65 18
65 62
65 170
65 181
66 37
66 57
66 76
66 122
66 153
66 169
66 174
66 183
67 24
67 36
67 148
67 168
67 183
67 192
68 14
68 34
68 48
68 98
68 145
69 5
69 9
69 22
69 46
69 62
69 83
69 88
69 90
69 118
69 156
69 167
70 44
70 51
70 59
70 122
71 14
71 46
71 84
71 102
71 103
71 124
71 147
72 36
72 86
72 143
72 170
72 181
72 188
72 195
73 92
74 110
74 145
75 39
75 61
75 81
75 97
75 102
75 103
75 131
75 157
75 188
76 66
76 87
76 130
76 138
76 168
77 3
77 16
77 50
77 106
77 126
77 128
77 173
77 185
78 3
78 48
78 85
78 87
78 155
78 177
79 4
79 12
79 99
80 117
80 124
80 140
80 180
81 0
81 75
81 116
81 173
81 174
82 2
82 125
82 171
83 4
83 11
83 26
83 69
83 84
83 114
83 143
83 179
84 10
84 47
84 56
84 71
84 83
84 135
84 188
85 25
85 31
85 64
85 78
85 92
85 102
85 128
85 134
85 148
85 150
85 196
86 18
86 53
86 72
86 113
86 119
86 186
86 195
87 1
87 54
87 76
87 78
87 126
88 1
88 44
88 69
88 100
88 107
88 121
88 136
88 142
89 5
89 32
89 111
89 136
89 142
89 154
89 159
89 163
89 178
89 193
90 20
90 50
90 69
90 96
90 153
91 117
91 135
91 157
91 181
92 11
92 20
92 29
92 47
92 73
92 85
92 112
92 139
92 190
93 104
93 112
94 130
96 0
96 27
96 90
96 188
97 33
97 75
97 133
97 172
97 179
98 26
98 68
98 114
98 166
99 34
99 51
99 54
99 79
99 109
99 130
100 27
100 44
100 62
100 88
100 121
100 149
100 150
100 168
100 178
101 162
102 8
102 51
102 71
102 75
102 85
102 135
102 184
103 71
103 75
103 177
103 184
103 199
104 93
104 120
104 144
104 179
105 13
105 38
105 129
105 163
106 77
106 156
106 164
106 181
107 60
107 88
107 151
108 138
108 159
109 37
109 60
109 99
109 124
109 152
109 162
109 192
110 74
110 195
111 41
111 62
111 89
111 127
111 155
112 25
112 40
112 63
112 92
112 93
112 119
112 167
112 178
113 86
113 170
113 182
114 83
114 98
114 161
114 162
114 189
115 61
115 139
115 193
116 81
116 140
116 171
116 182
117 21
117 80
117 91
117 176
117 185
118 18
118 69
118 121
118 128
118 140
118 178
118 184
118 187
119 50
119 86
119 112
119 166
119 195
120 31
120 39
120 104
120 126
120 143
120 148
120 155
120 162
120 194
121 47
121 88
121 100
121 118
121 137
121 155
121 192
122 66
122 70
122 126
122 162
122 180
122 185
122 188
123 39
123 50
123 135
124 1
124 71
124 80
124 109
124 141
124 158
124 193
125 14
125 29
125 38
125 62
125 82
125 199
126 45
126 51
126 77
126 87
126 120
126 122
126 190
127 4
127 60
127 111
127 198
128 25
128 35
128 77
128 85
128 118
128 140
128 142
128 164
129 14
129 17
129 105
129 186
129 197
130 28
130 76
130 94
130 99
130 176
130 189
131 10
131 62
131 75
131 150
131 165
132 6
132 29
132 179
132 184
132 188
133 97
134 54
134 61
134 85
134 164
134 190
135 51
135 84
135 91
135 102
135 123
135 156
135 179
136 12
136 88
136 89
136 167
136 170
137 32
137 121
137 174
137 186
138 9
138 33
138 59
138 76
138 108
139 92
139 115
139 151
139 180
140 34
140 44
140 57
140 80
140 116
140 118
140 128
140 177
141 30
141 53
141 63
141 124
142 88
142 89
142 128
142 177
142 181
143 15
143 22
143 23
143 34
143 72
143 83
143 120
143 171
144 3
144 9
144 104
144 175
145 60
145 68
145 74
145 163
146 3
146 41
146 59
147 16
147 71
147 194
148 20
148 32
148 67
148 85
148 120
149 100
149 154
149 166
150 85
150 100
150 131
150 161
150 180
151 49
151 107
151 139
151 161
152 22
152 109
153 66
153 90
153 179
154 89
154 149
154 176
154 178
155 55
155 63
155 78
155 111
155 120
155 121
155 158
155 166
156 44
156 69
156 106
156 135
156 170
157 20
157 35
157 52
157 75
157 91
157 170
157 174
158 7
158 42
158 124
158 155
158 172
158 191
159 89
159 108
159 165
159 178
159 179
160 4
160 19
160 54
161 3
161 19
161 63
161 114
161 150
161 151
162 24
162 56
162 101
162 109
162 114
162 120
162 122
162 184
162 190
163 89
163 105
163 145
164 38
164 51
164 106
164 128
164 134
164 167
164 188
165 131
165 159
165 168
166 98
166 119
166 149
166 155
167 69
167 112
167 136
167 164
167 173
168 8
168 12
168 41
168 55
168 67
168 76
168 100
168 165
169 11
169 59
169 66
170 3
170 65
170 72
170 113
170 136
170 156
170 157
171 48
171 82
171 116
171 143
172 20
172 30
172 34
172 61
172 97
172 158
173 49
173 56
173 77
173 81
173 167
173 186
174 66
174 81
174 137
174 157
175 32
175 144
175 182
176 10
176 117
176 130
176 154
177 57
177 78
177 103
177 140
177 142
177 178
178 0
178 89
178 100
178 112
178 118
178 154
178 159
178 177
178 191
179 83
179 97
179 104
179 132
179 135
179 153
179 159
179 195
180 0
180 9
180 47
180 61
180 80
180 122
180 139
180 150
181 25
181 65
181 72
181 91
181 106
181 142
182 45
182 113
182 116
182 175
183 29
183 58
183 66
183 67
183 197
184 23
184 102
184 103
184 118
184 132
184 162
184 185
185 77
185 117
185 122
185 184
186 45
186 54
186 59
186 62
186 86
186 129
186 137
186 173
187 118
188 72
188 75
188 84
188 96
188 122
188 132
188 164
189 114
189 130
190 7
190 92
190 126
190 134
190 162
190 195
191 1
191 26
191 158
191 178
192 14
192 67
192 109
192 121
193 89
193 115
193 124
194 42
194 43
194 45
194 64
194 120
194 147
195 12
195 33
195 41
195 43
195 72
195 86
195 110
195 119
195 179
195 190
196 12
196 85
197 9
197 18
197 51
197 129
197 183
198 32
198 34
198 127
199 11
199 18
199 103
199 125