200 3977
0 2
0 4
0 7
0 9
0 11
0 12
0 15
0 22
0 25
0 26
0 29
0 34
0 35
0 52
0 55
0 57
0 71
0 79
0 81
0 82
0 83
0 85
0 89
0 100
0 101
0 107
0 116
0 123
0 125
0 126
0 128
0 130
0 131
0 132
0 133
0 135
0 138
0 142
0 147
0 148
0 152
0 153
0 156
0 158
0 165
0 180
0 181
0 193
1 3
1 9
1 18
1 19
1 20
1 23
1 29
1 30
1 45
1 56
1 58
1 59
1 61
1 69
1 94
1 95
1 97
1 99
1 103
1 106
1 115
1 119
1 122
1 125
1 129
1 133
1 135
1 138
1 143
1 147
1 148
1 151
1 155
1 157
1 164
1 167
1 168
1 169
1 176
1 178
1 180
1 183
1 186
2 0
2 4
2 5
2 6
2 9
2 10
2 18
2 28
2 34
2 36
2 38
2 39
2 51
2 54
2 60
2 71
2 72
2 74
2 81
2 87
2 90
2 103
2 104
2 109
2 110
2 119
2 121
2 124
2 134
2 137
2 145
2 146
2 150
2 154
2 157
2 169
2 170
2 177
2 187
2 193
2 195
3 1
3 10
3 11
3 19
3 20
3 21
3 23
3 34
3 37
3 49
3 50
3 55
3 62
3 63
3 72
3 78
3 82
3 83
3 89
3 101
3 109
3 113
3 127
3 132
3 136
3 137
3 138
3 146
3 149
3 154
3 155
3 159
3 166
3 170
3 173
3 177
3 178
3 179
3 192
3 197
4 0
4 2
4 12
4 22
4 23
4 26
4 27
4 34
4 35
4 46
4 52
4 55
4 66
4 71
4 73
4 74
4 84
4 89
4 95
4 98
4 103
4 104
4 108
4 109
4 122
4 125
4 132
4 133
4 137
4 141
4 145
4 149
4 150
4 154
4 160
4 166
4 171
4 175
4 178
4 180
4 191
4 198
5 2
5 6
5 7
5 9
5 12
5 14
5 18
5 22
5 27
5 32
5 35
5 38
5 42
5 49
5 50
5 51
5 55
5 57
5 65
5 76
5 78
5 86
5 87
5 88
5 93
5 96
5 97
5 99
5 107
5 110
5 111
5 117
5 127
5 131
5 133
5 136
5 137
5 142
5 145
5 149
5 156
5 158
5 174
5 199
6 2
6 5
6 8
6 9
6 10
6 13
6 14
6 15
6 20
6 26
6 30
6 32
6 33
6 40
6 41
6 46
6 56
6 65
6 67
6 68
6 72
6 76
6 86
6 88
6 97
6 99
6 114
6 118
6 122
6 126
6 130
6 131
6 135
6 137
6 140
6 142
6 148
6 150
6 153
6 160
6 180
6 192
6 198
7 0
7 5
7 8
7 12
7 26
7 29
7 32
7 46
7 61
7 69
7 70
7 82
7 86
7 89
7 90
7 94
7 95
7 99
7 102
7 110
7 119
7 121
7 123
7 128
7 137
7 140
7 149
7 178
7 182
7 184
7 185
8 6
8 7
8 10
8 11
8 12
8 27
8 29
8 30
8 35
8 42
8 45
8 46
8 47
8 49
8 51
8 53
8 54
8 58
8 59
8 64
8 72
8 73
8 76
8 79
8 82
8 87
8 99
8 117
8 123
8 134
8 149
8 159
8 160
8 161
8 167
8 168
8 171
8 174
8 178
8 179
8 192
8 194
8 195
8 196
9 0
9 1
9 2
9 5
9 6
9 12
9 15
9 24
9 28
9 34
9 39
9 40
9 47
9 50
9 52
9 54
9 56
9 58
9 59
9 65
9 67
9 76
9 78
9 81
9 85
9 89
9 93
9 95
9 107
9 110
9 114
9 117
9 118
9 121
9 126
9 127
9 130
9 131
9 132
9 142
9 146
9 152
9 157
9 160
9 163
9 167
9 175
9 182
9 185
9 186
9 189
9 190
9 192
9 193
9 198
10 2
10 3
10 6
10 8
10 12
10 13
10 17
10 19
10 22
10 25
10 44
10 53
10 56
10 57
10 65
10 80
10 87
10 88
10 89
10 94
10 112
10 122
10 123
10 126
10 130
10 134
10 149
10 151
10 174
10 176
10 179
10 188
10 189
11 0
11 3
11 8
11 18
11 32
11 37
11 44
11 48
11 49
11 55
11 60
11 65
11 74
11 75
11 77
11 78
11 79
11 84
11 85
11 90
11 92
11 98
11 105
11 125
11 127
11 131
11 135
11 136
11 140
11 143
11 146
11 148
11 151
11 155
11 165
11 175
11 185
11 186
11 190
11 195
11 198
12 0
12 4
12 5
12 7
12 8
12 9
12 10
12 19
12 21
12 32
12 33
12 37
12 38
12 39
12 40
12 43
12 46
12 54
12 58
12 61
12 63
12 68
12 74
12 83
12 88
12 90
12 99
12 104
12 115
12 121
12 127
12 131
12 133
12 136
12 140
12 141
12 142
12 145
12 149
12 152
12 154
12 162
12 163
12 167
12 171
12 176
12 184
12 193
12 196
12 198
13 6
13 10
13 15
13 16
13 18
13 20
13 34
13 39
13 40
13 50
13 61
13 62
13 65
13 73
13 74
13 77
13 80
13 87
13 90
13 92
13 98
13 101
13 104
13 108
13 110
13 113
13 125
13 131
13 136
13 138
13 141
13 145
13 149
13 150
13 151
13 153
13 158
13 164
13 166
13 170
13 171
13 176
13 181
13 186
13 187
13 193
13 196
13 199
14 5
14 6
14 15
14 25
14 46
14 55
14 56
14 62
14 63
14 72
14 73
14 80
14 85
14 86
14 95
14 99
14 103
14 104
14 116
14 118
14 125
14 129
14 133
14 134
14 135
14 137
14 158
14 159
14 167
14 168
14 169
14 170
14 173
14 176
14 177
14 180
14 181
14 192
14 194
14 198
15 0
15 6
15 9
15 13
15 14
15 32
15 42
15 53
15 57
15 58
15 60
15 62
15 64
15 65
15 67
15 73
15 77
15 81
15 82
15 86
15 88
15 90
15 92
15 95
15 105
15 107
15 108
15 113
15 129
15 131
15 138
15 139
15 143
15 150
15 177
15 184
15 191
15 195
15 196
15 198
16 13
16 20
16 28
16 36
16 39
16 40
16 46
16 54
16 66
16 72
16 79
16 94
16 99
16 101
16 103
16 104
16 107
16 111
16 118
16 121
16 131
16 138
16 149
16 165
16 168
16 170
16 172
16 182
16 185
16 186
16 194
16 195
16 197
17 10
17 22
17 26
17 30
17 35
17 40
17 42
17 52
17 57
17 58
17 64
17 70
17 75
17 78
17 80
17 85
17 87
17 89
17 94
17 95
17 101
17 102
17 104
17 107
17 109
17 113
17 116
17 121
17 129
17 131
17 136
17 142
17 146
17 154
17 158
17 162
17 164
17 165
17 177
17 181
17 184
17 188
18 1
18 2
18 5
18 11
18 13
18 23
18 29
18 43
18 50
18 52
18 53
18 64
18 70
18 72
18 74
18 87
18 89
18 91
18 92
18 98
18 106
18 120
18 129
18 131
18 134
18 137
18 155
18 160
18 163
18 165
18 167
18 172
18 175
18 178
18 191
19 1
19 3
19 10
19 12
19 25
19 32
19 38
19 52
19 58
19 60
19 72
19 82
19 87
19 93
19 99
19 102
19 104
19 106
19 110
19 112
19 124
19 126
19 129
19 143
19 145
19 151
19 154
19 158
19 160
19 170
19 172
19 178
19 182
19 183
19 188
19 189
19 190
19 198
19 199
20 1
20 3
20 6
20 13
20 16
20 25
20 35
20 36
20 40
20 44
20 47
20 57
20 59
20 60
20 66
20 68
20 77
20 80
20 89
20 90
20 93
20 94
20 103
20 104
20 106
20 109
20 111
20 113
20 117
20 125
20 126
20 130
20 132
20 136
20 140
20 144
20 148
20 152
20 156
20 157
20 158
20 172
20 177
20 185
20 197
21 3
21 12
21 29
21 36
21 45
21 49
21 53
21 61
21 72
21 73
21 74
21 76
21 77
21 83
21 84
21 90
21 94
21 101
21 102
21 104
21 108
21 109
21 110
21 116
21 117
21 119
21 123
21 128
21 135
21 142
21 146
21 148
21 151
21 152
21 154
21 157
21 158
21 163
21 170
21 174
21 177
21 182
21 188
21 191
21 192
21 195
22 0
22 4
22 5
22 10
22 17
22 26
22 33
22 37
22 39
22 41
22 42
22 48
22 68
22 70
22 72
22 78
22 80
22 82
22 83
22 87
22 89
22 100
22 102
22 103
22 114
22 121
22 122
22 125
22 132
22 138
22 143
22 158
22 162
22 163
22 166
22 173
22 175
22 177
22 186
22 195
22 196
23 1
23 3
23 4
23 18
23 24
23 25
23 26
23 28
23 33
23 34
23 37
23 44
23 45
23 46
23 47
23 55
23 58
23 59
23 66
23 68
23 73
23 76
23 77
23 79
23 86
23 98
23 108
23 110
23 111
23 113
23 117
23 118
23 125
23 126
23 141
23 145
23 148
23 152
23 156
23 158
23 160
23 163
23 164
23 165
23 166
23 169
23 170
23 174
23 177
23 189
23 190
23 192
23 199
24 9
24 23
24 27
24 30
24 35
24 48
24 66
24 74
24 79
24 90
24 92
24 95
24 96
24 98
24 112
24 125
24 127
24 132
24 151
24 155
24 160
24 168
24 176
24 186
24 187
24 194
25 0
25 10
25 14
25 19
25 20
25 23
25 32
25 35
25 36
25 39
25 46
25 47
25 51
25 53
25 54
25 57
25 64
25 66
25 67
25 68
25 77
25 80
25 93
25 103
25 104
25 107
25 131
25 133
25 134
25 135
25 137
25 139
25 147
25 150
25 154
25 159
25 160
25 161
25 162
25 165
25 166
25 167
25 180
25 181
25 182
25 185
25 188
26 0
26 4
26 6
26 7
26 17
26 22
26 23
26 28
26 29
26 32
26 36
26 60
26 65
26 68
26 75
26 77
26 79
26 86
26 105
26 107
26 109
26 113
26 118
26 120
26 123
26 130
26 131
26 133
26 134
26 137
26 152
26 162
26 166
26 167
26 175
26 180
26 186
26 188
27 4
27 5
27 8
27 24
27 34
27 35
27 39
27 47
27 48
27 53
27 58
27 60
27 62
27 71
27 74
27 77
27 85
27 91
27 92
27 93
27 96
27 102
27 103
27 110
27 122
27 123
27 124
27 126
27 133
27 139
27 140
27 141
27 144
27 146
27 149
27 153
27 157
27 159
27 162
27 163
27 173
27 174
27 178
27 181
27 189
27 191
27 196
27 199
28 2
28 9
28 16
28 23
28 26
28 30
28 40
28 41
28 45
28 48
28 51
28 52
28 65
28 78
28 110
28 112
28 120
28 135
28 136
28 144
28 147
28 153
28 156
28 162
28 163
28 174
28 179
28 185
28 192
28 199
29 0
29 1
29 7
29 8
29 18
29 21
29 26
29 38
29 43
29 46
29 47
29 48
29 56
29 68
29 71
29 82
29 93
29 100
29 101
29 106
29 108
29 112
29 115
29 132
29 134
29 140
29 143
29 153
29 155
29 156
29 158
29 159
29 173
29 178
29 183
29 197
30 1
30 6
30 8
30 17
30 24
30 28
30 39
30 44
30 48
30 56
30 63
30 73
30 74
30 77
30 81
30 82
30 84
30 90
30 92
30 93
30 106
30 109
30 112
30 115
30 117
30 119
30 127
30 129
30 131
30 136
30 142
30 150
30 161
30 165
30 170
30 178
30 183
30 190
30 192
30 194
30 197
31 33
31 47
31 48
31 55
31 63
31 69
31 71
31 74
31 76
31 78
31 79
31 81
31 82
31 83
31 85
31 91
31 93
31 98
31 99
31 105
31 112
31 116
31 136
31 138
31 141
31 144
31 146
31 150
31 151
31 162
31 184
31 185
31 189
31 190
31 199
32 5
32 6
32 7
32 11
32 12
32 15
32 19
32 25
32 26
32 35
32 38
32 42
32 43
32 53
32 55
32 61
32 65
32 77
32 89
32 95
32 96
32 104
32 106
32 107
32 109
32 128
32 129
32 130
32 138
32 142
32 147
32 151
32 156
32 176
32 187
32 190
32 192
33 6
33 12
33 22
33 23
33 31
33 45
33 49
33 53
33 58
33 60
33 61
33 65
33 68
33 75
33 78
33 95
33 101
33 105
33 110
33 111
33 114
33 115
33 117
33 119
33 125
33 133
33 152
33 155
33 163
33 178
33 184
33 193
33 196
34 0
34 2
34 3
34 4
34 9
34 13
34 23
34 27
34 41
34 42
34 50
34 62
34 63
34 72
34 73
34 80
34 84
34 86
34 92
34 93
34 103
34 108
34 112
34 129
34 131
34 141
34 145
34 157
34 160
34 164
34 166
34 168
34 169
34 182
34 185
34 188
34 191
34 195
34 197
34 198
35 0
35 4
35 5
35 8
35 17
35 20
35 24
35 25
35 27
35 32
35 48
35 51
35 54
35 62
35 66
35 68
35 70
35 71
35 73
35 75
35 78
35 92
35 97
35 99
35 106
35 114
35 116
35 123
35 127
35 133
35 136
35 137
35 141
35 145
35 148
35 150
35 152
35 156
35 160
35 163
35 176
35 179
35 181
35 194
35 199
36 2
36 16
36 20
36 21
36 25
36 26
36 38
36 52
36 62
36 63
36 70
36 76
36 89
36 94
36 95
36 97
36 104
36 110
36 117
36 124
36 129
36 130
36 132
36 141
36 145
36 146
36 147
36 165
36 172
36 176
36 179
36 194
36 195
36 196
37 3
37 11
37 12
37 22
37 23
37 44
37 48
37 53
37 54
37 61
37 63
37 66
37 70
37 74
37 76
37 77
37 85
37 87
37 89
37 92
37 96
37 100
37 103
37 104
37 106
37 112
37 121
37 123
37 128
37 134
37 139
37 159
37 160
37 162
37 169
37 171
37 172
37 178
37 179
37 182
37 185
38 2
38 5
38 12
38 19
38 29
38 32
38 36
38 46
38 51
38 58
38 59
38 60
38 65
38 77
38 78
38 80
38 87
38 89
38 102
38 105
38 111
38 115
38 116
38 120
38 126
38 130
38 135
38 141
38 152
38 161
38 163
38 166
38 167
38 184
38 186
38 189
38 192
38 196
38 197
38 199
39 2
39 9
39 12
39 13
39 16
39 22
39 25
39 27
39 30
39 44
39 45
39 49
39 55
39 57
39 64
39 69
39 70
39 74
39 78
39 86
39 107
39 114
39 115
39 116
39 118
39 130
39 135
39 139
39 150
39 151
39 159
39 162
39 166
39 168
39 173
39 174
39 175
39 181
39 183
39 193
39 199
40 6
40 9
40 12
40 13
40 16
40 17
40 20
40 28
40 42
40 59
40 60
40 62
40 63
40 75
40 79
40 82
40 92
40 95
40 96
40 99
40 100
40 102
40 106
40 113
40 117
40 124
40 127
40 134
40 135
40 139
40 141
40 154
40 156
40 157
40 166
40 168
40 169
40 173
40 177
40 178
40 181
41 6
41 22
41 28
41 34
41 62
41 66
41 68
41 69
41 75
41 76
41 85
41 86
41 99
41 103
41 116
41 119
41 124
41 132
41 134
41 135
41 139
41 142
41 151
41 153
41 155
41 160
41 168
41 174
41 179
41 183
41 186
41 188
41 195
41 196
41 197
42 5
42 8
42 15
42 17
42 22
42 32
42 34
42 40
42 45
42 48
42 54
42 55
42 56
42 62
42 68
42 70
42 74
42 75
42 80
42 85
42 90
42 93
42 94
42 109
42 114
42 134
42 136
42 142
42 147
42 150
42 162
42 164
42 170
42 171
42 176
42 180
42 181
42 184
42 190
42 194
42 197
42 198
43 12
43 18
43 29
43 32
43 47
43 49
43 51
43 53
43 58
43 63
43 65
43 78
43 81
43 87
43 91
43 97
43 99
43 108
43 110
43 114
43 129
43 135
43 149
43 151
43 158
43 161
43 171
43 175
43 176
43 181
43 183
43 186
43 198
44 10
44 11
44 20
44 23
44 30
44 37
44 39
44 50
44 51
44 53
44 66
44 67
44 71
44 73
44 75
44 77
44 87
44 88
44 92
44 110
44 111
44 112
44 113
44 114
44 120
44 121
44 131
44 136
44 144
44 152
44 153
44 160
44 163
44 175
44 180
44 185
44 186
44 189
44 196
45 1
45 8
45 21
45 23
45 28
45 33
45 39
45 42
45 47
45 54
45 56
45 58
45 59
45 60
45 66
45 70
45 75
45 79
45 106
45 107
45 109
45 111
45 114
45 126
45 132
45 133
45 137
45 142
45 157
45 163
45 165
45 168
45 171
45 177
45 180
45 187
45 188
45 191
46 4
46 6
46 7
46 8
46 12
46 14
46 16
46 23
46 25
46 29
46 38
46 52
46 54
46 60
46 63
46 65
46 67
46 68
46 70
46 77
46 82
46 85
46 91
46 100
46 103
46 111
46 124
46 127
46 134
46 141
46 166
46 171
46 174
46 185
46 186
46 188
46 193
46 197
47 8
47 9
47 20
47 23
47 25
47 27
47 29
47 31
47 43
47 45
47 51
47 55
47 58
47 59
47 61
47 63
47 80
47 85
47 90
47 101
47 102
47 105
47 112
47 115
47 119
47 120
47 122
47 123
47 124
47 127
47 133
47 134
47 139
47 140
47 142
47 152
47 163
47 178
47 189
47 196
48 11
48 22
48 24
48 27
48 28
48 29
48 30
48 31
48 35
48 37
48 42
48 54
48 56
48 59
48 61
48 67
48 74
48 78
48 82
48 84
48 89
48 91
48 93
48 94
48 95
48 100
48 101
48 104
48 109
48 110
48 114
48 119
48 121
48 127
48 128
48 131
48 142
48 153
48 158
48 163
48 171
48 175
48 176
48 185
48 187
48 190
48 194
48 197
49 3
49 5
49 8
49 11
49 21
49 33
49 39
49 43
49 52
49 61
49 63
49 64
49 66
49 70
49 71
49 74
49 78
49 79
49 80
49 84
49 95
49 105
49 107
49 108
49 109
49 112
49 114
49 122
49 126
49 127
49 131
49 141
49 142
49 144
49 157
49 169
49 177
49 179
49 180
49 183
49 185
49 191
49 196
50 3
50 5
50 9
50 13
50 18
50 34
50 44
50 59
50 61
50 68
50 71
50 73
50 74
50 77
50 82
50 86
50 91
50 94
50 98
50 100
50 108
50 117
50 119
50 130
50 132
50 141
50 144
50 161
50 170
50 178
50 184
50 185
50 186
50 191
50 192
50 195
51 2
51 5
51 8
51 25
51 28
51 35
51 38
51 43
51 44
51 47
51 56
51 66
51 84
51 89
51 92
51 96
51 100
51 108
51 117
51 126
51 135
51 137
51 142
51 143
51 144
51 146
51 154
51 158
51 159
51 163
51 165
51 169
51 198
52 0
52 4
52 9
52 17
52 18
52 19
52 28
52 36
52 46
52 49
52 54
52 58
52 64
52 87
52 90
52 98
52 112
52 126
52 143
52 159
52 160
52 163
52 172
52 179
52 186
52 191
52 195
52 196
53 8
53 10
53 15
53 18
53 21
53 25
53 27
53 32
53 33
53 37
53 43
53 44
53 54
53 60
53 61
53 64
53 65
53 67
53 70
53 72
53 73
53 95
53 100
53 102
53 117
53 119
53 123
53 132
53 137
53 140
53 141
53 159
53 162
53 169
53 171
53 174
53 175
53 176
53 180
53 183
53 184
53 185
53 187
53 189
53 193
53 195
54 2
54 8
54 9
54 12
54 16
54 25
54 35
54 37
54 42
54 45
54 46
54 48
54 52
54 53
54 55
54 65
54 67
54 74
54 81
54 83
54 97
54 100
54 101
54 102
54 104
54 110
54 116
54 124
54 127
54 128
54 144
54 147
54 159
54 161
54 162
54 164
54 167
54 177
54 181
54 183
54 185
54 189
54 192
54 196
55 0
55 3
55 4
55 5
55 11
55 14
55 23
55 31
55 32
55 39
55 42
55 47
55 54
55 59
55 63
55 64
55 69
55 70
55 73
55 75
55 83
55 84
55 86
55 88
55 89
55 94
55 100
55 103
55 107
55 112
55 118
55 143
55 144
55 146
55 153
55 155
55 156
55 158
55 173
55 184
55 185
55 187
55 191
55 194
55 195
56 1
56 6
56 9
56 10
56 14
56 29
56 30
56 42
56 45
56 48
56 51
56 67
56 74
56 76
56 78
56 85
56 86
56 95
56 101
56 106
56 112
56 118
56 126
56 129
56 131
56 137
56 140
56 142
56 148
56 157
56 163
56 166
56 184
56 198
57 0
57 5
57 10
57 15
57 17
57 20
57 25
57 39
57 75
57 81
57 89
57 90
57 94
57 95
57 96
57 98
57 106
57 108
57 111
57 117
57 128
57 132
57 135
57 140
57 142
57 146
57 150
57 160
57 164
57 165
57 173
57 174
57 176
57 185
57 193
57 199
58 1
58 8
58 9
58 12
58 15
58 17
58 19
58 23
58 27
58 33
58 38
58 43
58 45
58 47
58 52
58 77
58 78
58 87
58 91
58 95
58 117
58 120
58 125
58 126
58 128
58 150
58 160
58 167
58 168
58 176
58 181
59 1
59 8
59 9
59 20
59 23
59 38
59 40
59 45
59 47
59 48
59 50
59 55
59 60
59 63
59 66
59 73
59 80
59 87
59 88
59 96
59 98
59 104
59 110
59 113
59 115
59 117
59 120
59 126
59 133
59 138
59 144
59 148
59 151
59 166
59 167
59 169
59 176
59 183
59 191
59 196
59 198
60 2
60 11
60 15
60 19
60 20
60 26
60 27
60 33
60 38
60 40
60 45
60 46
60 53
60 59
60 62
60 67
60 68
60 74
60 87
60 91
60 96
60 97
60 100
60 106
60 108
60 126
60 134
60 135
60 147
60 148
60 150
60 156
60 157
60 159
60 161
60 175
60 181
60 184
61 1
61 7
61 12
61 13
61 21
61 32
61 33
61 37
61 47
61 48
61 49
61 50
61 53
61 64
61 66
61 80
61 82
61 84
61 87
61 94
61 100
61 102
61 105
61 112
61 114
61 118
61 123
61 124
61 127
61 130
61 155
61 162
61 165
61 167
61 173
61 174
61 180
61 184
61 191
61 195
61 199
62 3
62 13
62 14
62 15
62 27
62 34
62 35
62 36
62 40
62 41
62 42
62 60
62 66
62 73
62 78
62 84
62 107
62 109
62 110
62 119
62 130
62 137
62 145
62 154
62 159
62 161
62 170
62 194
62 198
63 3
63 12
63 14
63 30
63 31
63 34
63 36
63 37
63 40
63 43
63 46
63 47
63 49
63 55
63 59
63 80
63 81
63 96
63 107
63 110
63 112
63 119
63 123
63 135
63 138
63 147
63 159
63 166
63 168
63 170
63 172
63 173
63 187
63 193
64 8
64 15
64 17
64 18
64 25
64 39
64 49
64 52
64 53
64 55
64 61
64 65
64 75
64 77
64 80
64 87
64 97
64 98
64 101
64 102
64 104
64 105
64 106
64 107
64 115
64 117
64 121
64 134
64 143
64 144
64 146
64 149
64 156
64 162
64 165
64 167
64 170
64 177
64 190
64 194
64 197
64 198
65 5
65 6
65 9
65 10
65 11
65 13
65 15
65 26
65 28
65 32
65 33
65 38
65 43
65 46
65 53
65 54
65 64
65 73
65 83
65 88
65 90
65 92
65 99
65 103
65 107
65 114
65 126
65 131
65 136
65 139
65 141
65 142
65 145
65 148
65 149
65 153
65 156
65 160
65 162
65 163
65 164
65 166
65 168
65 170
65 178
65 180
65 182
65 187
65 198
66 4
66 16
66 20
66 23
66 24
66 25
66 35
66 37
66 41
66 44
66 45
66 49
66 51
66 59
66 61
66 62
66 72
66 74
66 81
66 90
66 91
66 99
66 106
66 108
66 110
66 113
66 127
66 148
66 152
66 156
66 158
66 161
66 165
66 171
66 176
66 183
66 185
66 187
66 188
66 197
67 6
67 9
67 15
67 25
67 44
67 46
67 48
67 53
67 54
67 56
67 60
67 69
67 70
67 76
67 80
67 87
67 90
67 94
67 97
67 98
67 99
67 101
67 107
67 120
67 121
67 129
67 140
67 141
67 151
67 153
67 154
67 162
67 164
67 165
67 168
67 169
67 173
67 174
67 181
67 182
67 185
67 192
67 195
68 6
68 12
68 20
68 22
68 23
68 25
68 26
68 29
68 33
68 35
68 41
68 42
68 46
68 50
68 60
68 81
68 82
68 84
68 109
68 114
68 120
68 121
68 123
68 132
68 134
68 138
68 144
68 150
68 155
68 156
68 162
68 171
68 180
69 1
69 7
69 31
69 39
69 41
69 55
69 67
69 73
69 74
69 79
69 82
69 89
69 90
69 94
69 98
69 103
69 110
69 112
69 113
69 114
69 117
69 118
69 126
69 127
69 131
69 138
69 143
69 152
69 153
69 154
69 155
69 157
69 165
69 166
69 167
69 170
69 172
69 180
69 184
69 185
70 7
70 17
70 18
70 22
70 35
70 36
70 37
70 39
70 42
70 45
70 46
70 49
70 53
70 55
70 67
70 74
70 75
70 83
70 98
70 121
70 122
70 123
70 127
70 143
70 145
70 146
70 151
70 153
70 157
70 165
70 169
70 170
70 172
70 190
71 0
71 2
71 4
71 27
71 29
71 31
71 35
71 44
71 49
71 50
71 72
71 73
71 74
71 83
71 88
71 91
71 92
71 94
71 98
71 101
71 102
71 105
71 106
71 108
71 110
71 111
71 115
71 117
71 119
71 128
71 134
71 135
71 140
71 143
71 152
71 156
71 158
71 159
71 160
71 170
71 177
71 193
71 195
71 198
71 199
72 2
72 3
72 6
72 8
72 14
72 16
72 18
72 19
72 21
72 22
72 34
72 53
72 66
72 71
72 76
72 79
72 84
72 96
72 101
72 103
72 104
72 108
72 121
72 122
72 138
72 145
72 148
72 150
72 152
72 155
72 160
72 162
72 167
72 173
72 181
72 194
72 196
73 4
73 8
73 13
73 14
73 15
73 21
73 23
73 30
73 34
73 35
73 44
73 50
73 53
73 55
73 59
73 62
73 65
73 69
73 71
73 76
73 78
73 87
73 91
73 94
73 100
73 103
73 109
73 110
73 122
73 133
73 137
73 140
73 158
73 165
73 170
73 172
73 182
73 184
73 189
73 191
73 199
74 2
74 4
74 11
74 12
74 13
74 18
74 21
74 24
74 27
74 30
74 31
74 37
74 39
74 42
74 48
74 49
74 50
74 54
74 56
74 60
74 66
74 69
74 70
74 71
74 75
74 78
74 80
74 83
74 85
74 93
74 96
74 97
74 98
74 104
74 107
74 113
74 120
74 122
74 123
74 124
74 151
74 154
74 156
74 160
74 163
74 168
74 171
74 194
75 11
75 17
75 26
75 33
75 35
75 40
75 41
75 42
75 44
75 45
75 55
75 57
75 64
75 70
75 74
75 76
75 85
75 92
75 93
75 103
75 107
75 110
75 116
75 130
75 134
75 137
75 141
75 144
75 145
75 147
75 153
75 154
75 157
75 158
75 169
75 172
75 176
75 180
75 182
75 183
75 185
75 189
75 192
75 194
75 196
75 197
76 5
76 6
76 8
76 9
76 21
76 23
76 31
76 36
76 37
76 41
76 56
76 67
76 72
76 73
76 75
76 92
76 100
76 114
76 118
76 121
76 124
76 128
76 135
76 139
76 141
76 149
76 151
76 157
76 160
76 162
76 164
76 166
76 168
76 173
76 176
76 179
76 186
76 189
76 190
76 192
76 194
76 196
77 11
77 13
77 15
77 20
77 21
77 23
77 25
77 26
77 27
77 30
77 32
77 37
77 38
77 44
77 46
77 50
77 58
77 64
77 94
77 97
77 98
77 99
77 106
77 118
77 122
77 137
77 144
77 146
77 151
77 159
77 160
77 178
77 180
77 185
77 189
77 195
78 3
78 5
78 9
78 11
78 17
78 22
78 28
78 31
78 33
78 35
78 38
78 39
78 43
78 48
78 49
78 56
78 58
78 62
78 73
78 74
78 80
78 90
78 103
78 104
78 105
78 108
78 109
78 111
78 116
78 119
78 126
78 129
78 131
78 135
78 139
78 142
78 144
78 145
78 148
78 150
78 151
78 152
78 153
78 156
78 157
78 158
78 161
78 163
78 165
78 167
78 168
78 175
78 181
78 190
78 193
78 194
78 195
78 197
79 0
79 8
79 11
79 16
79 23
79 24
79 26
79 31
79 40
79 45
79 49
79 69
79 72
79 93
79 94
79 95
79 100
79 108
79 110
79 111
79 112
79 114
79 118
79 128
79 131
79 132
79 139
79 159
79 161
79 169
79 176
79 182
79 186
79 189
79 190
79 193
79 199
80 10
80 13
80 14
80 17
80 20
80 22
80 25
80 34
80 38
80 42
80 47
80 49
80 59
80 61
80 63
80 64
80 67
80 74
80 78
80 96
80 112
80 114
80 118
80 119
80 122
80 124
80 128
80 131
80 132
80 133
80 138
80 142
80 143
80 144
80 148
80 150
80 159
80 168
80 176
80 184
80 187
80 189
80 194
81 0
81 2
81 9
81 15
81 30
81 31
81 43
81 54
81 57
81 63
81 66
81 68
81 85
81 88
81 89
81 91
81 97
81 106
81 111
81 115
81 117
81 126
81 128
81 129
81 130
81 132
81 138
81 141
81 144
81 149
81 152
81 153
81 159
81 166
81 171
81 173
81 176
81 181
81 184
82 0
82 3
82 7
82 8
82 15
82 19
82 22
82 29
82 30
82 31
82 40
82 46
82 48
82 50
82 61
82 68
82 69
82 95
82 99
82 100
82 104
82 111
82 112
82 115
82 122
82 128
82 130
82 131
82 134
82 136
82 139
82 155
82 165
82 176
82 180
82 181
82 186
83 0
83 3
83 12
83 21
83 22
83 31
83 54
83 55
83 65
83 70
83 71
83 74
83 90
83 91
83 94
83 96
83 97
83 103
83 108
83 115
83 127
83 128
83 135
83 146
83 156
83 164
83 166
83 169
83 172
83 175
83 176
83 180
83 183
83 186
83 191
83 192
83 199
84 4
84 11
84 21
84 30
84 34
84 48
84 49
84 51
84 55
84 61
84 62
84 68
84 72
84 88
84 95
84 96
84 100
84 102
84 115
84 117
84 118
84 126
84 134
84 135
84 136
84 137
84 139
84 143
84 154
84 164
84 168
84 183
84 194
84 195
84 199
85 0
85 9
85 11
85 14
85 17
85 27
85 31
85 37
85 41
85 42
85 46
85 47
85 56
85 74
85 75
85 81
85 87
85 99
85 112
85 113
85 120
85 123
85 133
85 141
85 151
85 153
85 162
85 168
85 170
85 171
85 173
85 178
85 181
85 188
85 193
85 196
85 198
86 5
86 6
86 7
86 14
86 15
86 23
86 26
86 34
86 39
86 41
86 50
86 55
86 56
86 87
86 93
86 100
86 102
86 103
86 107
86 112
86 113
86 114
86 117
86 123
86 124
86 134
86 136
86 139
86 140
86 149
86 151
86 153
86 156
86 160
86 164
86 169
86 171
86 172
86 174
86 176
86 179
86 190
86 198
87 2
87 5
87 8
87 10
87 13
87 17
87 18
87 19
87 22
87 37
87 38
87 43
87 44
87 52
87 58
87 59
87 60
87 61
87 64
87 67
87 73
87 85
87 86
87 89
87 90
87 92
87 98
87 101
87 111
87 112
87 130
87 134
87 136
87 148
87 159
87 163
87 168
87 178
87 185
87 188
87 194
88 5
88 6
88 10
88 12
88 15
88 44
88 55
88 59
88 65
88 71
88 81
88 84
88 99
88 102
88 110
88 111
88 117
88 118
88 121
88 123
88 130
88 131
88 132
88 133
88 134
88 139
88 140
88 149
88 150
88 157
88 158
88 165
88 171
88 175
88 177
88 179
88 195
88 199
89 0
89 3
89 4
89 7
89 9
89 10
89 17
89 18
89 20
89 22
89 32
89 36
89 37
89 38
89 48
89 51
89 55
89 57
89 69
89 81
89 87
89 94
89 95
89 98
89 102
89 103
89 112
89 120
89 123
89 124
89 126
89 137
89 151
89 153
89 155
89 157
89 159
89 164
89 173
89 176
89 185
89 187
90 2
90 7
90 11
90 12
90 13
90 15
90 20
90 21
90 24
90 30
90 42
90 47
90 52
90 57
90 65
90 66
90 67
90 69
90 78
90 83
90 87
90 92
90 105
90 108
90 112
90 113
90 115
90 129
90 131
90 133
90 136
90 138
90 162
90 168
90 171
90 175
90 182
90 188
90 190
90 194
90 196
90 199
91 18
91 27
91 31
91 43
91 46
91 48
91 50
91 58
91 60
91 66
91 71
91 73
91 81
91 83
91 93
91 109
91 115
91 134
91 144
91 152
91 158
91 161
91 163
91 165
91 167
91 173
91 176
91 185
91 189
91 191
91 192
92 11
92 13
92 15
92 18
92 24
92 27
92 30
92 34
92 35
92 37
92 40
92 44
92 51
92 65
92 71
92 75
92 76
92 87
92 90
92 98
92 100
92 102
92 105
92 117
92 121
92 122
92 125
92 131
92 132
92 133
92 137
92 138
92 139
92 143
92 145
92 156
92 164
92 169
92 171
92 177
92 179
92 181
92 183
92 185
92 195
93 5
93 9
93 19
93 20
93 25
93 27
93 29
93 30
93 31
93 34
93 42
93 48
93 74
93 75
93 79
93 86
93 91
93 94
93 97
93 101
93 106
93 118
93 119
93 121
93 123
93 125
93 135
93 139
93 144
93 147
93 149
93 158
93 164
93 166
93 183
93 184
93 190
93 192
93 193
93 194
93 197
94 1
94 7
94 10
94 16
94 17
94 20
94 21
94 36
94 42
94 48
94 50
94 55
94 57
94 61
94 67
94 69
94 71
94 73
94 77
94 79
94 83
94 89
94 93
94 105
94 107
94 109
94 110
94 119
94 122
94 127
94 128
94 135
94 138
94 143
94 145
94 146
94 154
94 159
94 161
94 163
94 165
94 170
94 185
94 186
94 189
94 191
94 195
95 1
95 4
95 7
95 9
95 14
95 15
95 17
95 24
95 32
95 33
95 36
95 40
95 48
95 49
95 53
95 56
95 57
95 58
95 79
95 82
95 84
95 89
95 100
95 102
95 105
95 108
95 109
95 114
95 118
95 125
95 129
95 130
95 133
95 134
95 135
95 137
95 138
95 139
95 144
95 147
95 148
95 151
95 169
95 175
95 176
95 178
95 180
95 181
95 188
95 193
96 5
96 24
96 27
96 32
96 37
96 40
96 51
96 57
96 59
96 60
96 63
96 72
96 74
96 80
96 83
96 84
96 101
96 103
96 106
96 118
96 126
96 127
96 133
96 144
96 147
96 151
96 165
96 173
96 187
96 188
96 193
96 194
96 199
97 1
97 5
97 6
97 35
97 36
97 43
97 54
97 60
97 64
97 67
97 74
97 77
97 81
97 83
97 93
97 100
97 105
97 117
97 155
97 167
97 168
97 170
97 175
97 176
97 183
97 187
98 4
98 11
98 13
98 18
98 23
98 24
98 31
98 50
98 52
98 57
98 59
98 64
98 67
98 69
98 70
98 71
98 74
98 77
98 87
98 89
98 92
98 108
98 109
98 113
98 121
98 130
98 143
98 145
98 147
98 155
98 156
98 157
98 166
98 175
98 177
98 191
98 192
98 193
98 196
99 1
99 5
99 6
99 7
99 8
99 12
99 14
99 16
99 19
99 31
99 35
99 40
99 41
99 43
99 65
99 66
99 67
99 77
99 82
99 85
99 88
99 108
99 110
99 112
99 117
99 121
99 125
99 128
99 130
99 131
99 135
99 141
99 145
99 153
99 155
99 158
99 160
99 161
99 162
99 173
99 176
99 184
99 199
100 0
100 22
100 29
100 37
100 40
100 46
100 48
100 50
100 51
100 53
100 54
100 55
100 60
100 61
100 73
100 76
100 79
100 82
100 84
100 86
100 92
100 95
100 97
100 102
100 113
100 119
100 127
100 130
100 134
100 138
100 155
100 157
100 170
100 172
100 181
100 184
100 185
100 190
100 198
101 0
101 3
101 13
101 16
101 17
101 21
101 29
101 33
101 47
101 48
101 54
101 56
101 64
101 67
101 71
101 72
101 87
101 93
101 96
101 102
101 114
101 120
101 121
101 122
101 124
101 127
101 138
101 141
101 142
101 144
101 154
101 156
101 181
101 183
101 184
101 186
101 193
101 196
102 7
102 17
102 19
102 21
102 22
102 27
102 38
102 40
102 47
102 53
102 54
102 61
102 64
102 71
102 84
102 86
102 88
102 89
102 92
102 95
102 100
102 101
102 106
102 113
102 134
102 136
102 141
102 144
102 152
102 156
102 164
102 169
102 171
102 173
102 175
102 181
102 182
102 186
102 187
102 196
102 198
103 1
103 2
103 4
103 14
103 16
103 20
103 22
103 25
103 27
103 34
103 37
103 41
103 46
103 55
103 65
103 69
103 72
103 73
103 75
103 78
103 83
103 86
103 89
103 96
103 108
103 109
103 110
103 116
103 124
103 133
103 135
103 137
103 145
103 153
103 157
103 159
103 163
103 173
103 174
103 178
103 179
103 181
103 189
103 195
104 2
104 4
104 12
104 13
104 14
104 16
104 17
104 19
104 20
104 21
104 25
104 32
104 36
104 37
104 48
104 54
104 59
104 64
104 72
104 74
104 78
104 82
104 113
104 115
104 117
104 118
104 128
104 146
104 154
104 156
104 158
104 175
104 177
104 181
104 184
104 199
105 11
105 15
105 26
105 31
105 33
105 38
105 47
105 49
105 61
105 64
105 71
105 78
105 90
105 92
105 94
105 95
105 97
105 116
105 125
105 128
105 131
105 140
105 144
105 146
105 150
105 163
105 169
105 174
105 185
105 188
105 191
105 192
105 195
105 196
105 197
106 1
106 18
106 19
106 20
106 29
106 30
106 32
106 35
106 37
106 40
106 45
106 56
106 57
106 60
106 64
106 66
106 71
106 77
106 81
106 93
106 96
106 102
106 107
106 113
106 116
106 117
106 124
106 131
106 139
106 141
106 148
106 160
106 164
106 171
106 172
106 173
106 190
106 197
107 0
107 5
107 9
107 15
107 16
107 17
107 25
107 26
107 32
107 39
107 45
107 49
107 55
107 62
107 63
107 64
107 65
107 67
107 74
107 75
107 86
107 94
107 106
107 109
107 114
107 117
107 121
107 125
107 127
107 129
107 143
107 145
107 151
107 154
107 155
107 160
107 173
107 175
107 178
107 186
107 187
107 189
107 191
108 4
108 13
108 15
108 21
108 23
108 29
108 34
108 43
108 49
108 50
108 51
108 57
108 60
108 66
108 71
108 72
108 78
108 79
108 83
108 90
108 95
108 98
108 99
108 103
108 109
108 111
108 115
108 118
108 121
108 124
108 126
108 131
108 135
108 137
108 145
108 148
108 160
108 163
108 165
108 166
108 167
108 174
108 190
108 193
108 199
109 2
109 3
109 4
109 17
109 20
109 21
109 26
109 30
109 32
109 42
109 45
109 48
109 49
109 62
109 68
109 73
109 78
109 91
109 94
109 95
109 98
109 103
109 107
109 108
109 112
109 123
109 129
109 133
109 136
109 149
109 151
109 155
109 159
109 162
109 163
109 169
109 171
109 172
109 181
109 186
109 192
109 195
110 2
110 5
110 7
110 9
110 13
110 19
110 21
110 23
110 27
110 28
110 33
110 36
110 43
110 44
110 48
110 54
110 59
110 62
110 63
110 66
110 69
110 71
110 73
110 75
110 79
110 88
110 94
110 99
110 103
110 112
110 114
110 131
110 152
110 160
110 163
110 167
110 170
110 180
111 5
111 16
111 20
111 23
111 33
111 38
111 44
111 45
111 46
111 57
111 71
111 78
111 79
111 81
111 82
111 87
111 88
111 108
111 118
111 121
111 122
111 127
111 129
111 134
111 138
111 154
111 159
111 170
111 179
111 183
111 187
111 189
112 10
112 19
112 24
112 28
112 29
112 30
112 31
112 34
112 37
112 44
112 47
112 49
112 52
112 55
112 56
112 61
112 63
112 69
112 79
112 80
112 82
112 85
112 86
112 87
112 89
112 90
112 99
112 109
112 110
112 119
112 126
112 139
112 147
112 153
112 170
112 174
112 179
112 181
112 183
112 197
113 3
113 13
113 15
113 17
113 20
113 23
113 26
113 40
113 44
113 59
113 66
113 69
113 74
113 85
113 86
113 90
113 98
113 100
113 102
113 104
113 106
113 125
113 128
113 134
113 142
113 144
113 145
113 154
113 155
113 159
113 166
113 172
113 174
113 176
113 184
113 187
113 188
114 6
114 9
114 22
114 33
114 35
114 39
114 42
114 43
114 44
114 45
114 48
114 49
114 61
114 65
114 68
114 69
114 76
114 79
114 80
114 86
114 95
114 101
114 107
114 110
114 115
114 122
114 125
114 126
114 134
114 140
114 145
114 148
114 162
114 179
114 196
114 197
114 198
114 199
115 1
115 12
115 29
115 30
115 33
115 38
115 39
115 47
115 59
115 64
115 71
115 81
115 82
115 83
115 84
115 90
115 91
115 104
115 108
115 114
115 122
115 124
115 125
115 137
115 139
115 140
115 143
115 144
115 152
115 157
115 158
115 160
115 161
115 169
115 175
115 177
115 178
115 186
115 192
116 0
116 14
116 17
116 21
116 31
116 35
116 38
116 39
116 41
116 54
116 75
116 78
116 103
116 105
116 106
116 120
116 122
116 124
116 126
116 133
116 134
116 136
116 153
116 154
116 165
116 172
116 185
116 192
116 194
116 199
117 5
117 8
117 9
117 20
117 21
117 23
117 30
117 33
117 36
117 40
117 50
117 51
117 53
117 57
117 58
117 59
117 64
117 69
117 71
117 81
117 84
117 86
117 88
117 92
117 97
117 99
117 104
117 106
117 107
117 122
117 123
117 132
117 133
117 142
117 147
117 151
117 155
117 159
117 164
117 166
117 171
117 173
117 174
117 183
117 185
117 190
117 192
118 6
118 9
118 14
118 16
118 23
118 26
118 39
118 55
118 56
118 61
118 69
118 76
118 77
118 79
118 80
118 84
118 88
118 93
118 95
118 96
118 104
118 108
118 111
118 120
118 123
118 138
118 141
118 143
118 146
118 152
118 158
118 171
118 178
118 179
118 187
118 197
119 1
119 2
119 7
119 21
119 30
119 33
119 41
119 47
119 48
119 50
119 53
119 62
119 63
119 71
119 78
119 80
119 93
119 94
119 100
119 112
119 121
119 125
119 133
119 143
119 153
119 168
119 170
119 172
119 181
119 182
119 195
119 199
120 18
120 26
120 28
120 38
120 44
120 47
120 58
120 59
120 67
120 68
120 74
120 85
120 89
120 101
120 116
120 118
120 121
120 122
120 123
120 130
120 131
120 135
120 137
120 147
120 166
120 170
120 174
120 175
120 176
120 178
120 183
120 186
120 191
121 2
121 7
121 9
121 12
121 16
121 17
121 22
121 37
121 44
121 48
121 64
121 67
121 68
121 70
121 72
121 76
121 88
121 92
121 93
121 98
121 99
121 101
121 107
121 108
121 111
121 119
121 120
121 126
121 133
121 135
121 138
121 149
121 150
121 156
121 161
121 169
121 170
121 177
121 178
121 181
121 191
121 196
121 198
122 1
122 4
122 6
122 10
122 22
122 27
122 47
122 49
122 70
122 72
122 73
122 74
122 77
122 80
122 82
122 92
122 94
122 101
122 111
122 114
122 115
122 116
122 117
122 120
122 138
122 150
122 155
122 156
122 158
122 159
122 162
122 168
122 173
122 178
122 184
122 197
122 198
123 0
123 7
123 8
123 10
123 21
123 26
123 27
123 35
123 37
123 47
123 53
123 61
123 63
123 68
123 70
123 74
123 85
123 86
123 88
123 89
123 93
123 109
123 117
123 118
123 120
123 127
123 135
123 146
123 152
123 169
123 171
123 172
123 173
123 179
123 183
123 187
123 190
123 193
124 2
124 19
124 27
124 36
124 40
124 41
124 46
124 47
124 54
124 61
124 74
124 76
124 80
124 86
124 89
124 101
124 103
124 106
124 108
124 115
124 116
124 131
124 134
124 136
124 146
124 148
124 152
124 158
124 163
124 172
124 174
124 178
124 179
125 0
125 1
125 4
125 11
125 13
125 14
125 20
125 22
125 23
125 24
125 33
125 58
125 92
125 93
125 95
125 99
125 105
125 107
125 113
125 114
125 115
125 119
125 127
125 128
125 129
125 135
125 139
125 143
125 151
125 155
125 158
125 163
125 167
125 172
125 177
125 182
125 191
125 194
125 195
126 0
126 6
126 9
126 10
126 19
126 20
126 23
126 27
126 38
126 45
126 49
126 51
126 52
126 56
126 58
126 59
126 60
126 65
126 69
126 78
126 81
126 84
126 89
126 96
126 108
126 112
126 114
126 116
126 121
126 128
126 133
126 140
126 142
126 146
126 150
126 155
126 165
126 168
126 173
126 175
126 189
126 194
126 197
126 198
127 3
127 5
127 9
127 11
127 12
127 24
127 30
127 35
127 40
127 46
127 47
127 48
127 49
127 54
127 61
127 66
127 69
127 70
127 83
127 94
127 96
127 100
127 101
127 107
127 111
127 123
127 125
127 129
127 130
127 133
127 137
127 138
127 140
127 145
127 146
127 166
127 171
127 177
127 179
127 182
127 191
127 192
128 0
128 7
128 21
128 32
128 37
128 48
128 54
128 57
128 58
128 71
128 76
128 79
128 80
128 81
128 82
128 83
128 94
128 99
128 104
128 105
128 113
128 125
128 126
128 136
128 143
128 147
128 148
128 149
128 151
128 166
128 170
128 179
128 183
128 195
128 198
129 1
129 14
129 15
129 17
129 18
129 19
129 30
129 32
129 34
129 36
129 43
129 56
129 67
129 78
129 81
129 90
129 95
129 107
129 109
129 111
129 125
129 127
129 132
129 133
129 141
129 146
129 149
129 151
129 154
129 158
129 165
129 174
129 178
129 184
129 188
129 197
129 198
129 199
130 0
130 6
130 9
130 10
130 20
130 26
130 32
130 36
130 38
130 39
130 50
130 61
130 62
130 75
130 81
130 82
130 87
130 88
130 95
130 98
130 99
130 100
130 120
130 127
130 131
130 136
130 147
130 161
130 178
130 193
130 196
131 0
131 5
131 6
131 9
131 11
131 12
131 13
131 15
131 16
131 17
131 18
131 25
131 26
131 30
131 34
131 44
131 48
131 49
131 56
131 65
131 69
131 78
131 79
131 80
131 82
131 88
131 90
131 92
131 99
131 105
131 106
131 108
131 110
131 120
131 124
131 130
131 147
131 151
131 155
131 158
131 163
131 165
131 169
131 172
131 173
131 178
131 182
131 184
131 188
131 190
131 191
131 194
131 196
132 0
132 3
132 4
132 9
132 20
132 22
132 24
132 29
132 36
132 41
132 45
132 50
132 53
132 57
132 68
132 79
132 80
132 81
132 88
132 92
132 117
132 129
132 134
132 139
132 141
132 148
132 156
132 158
132 161
132 164
132 172
132 176
132 189
132 193
132 194
133 0
133 1
133 4
133 5
133 12
133 14
133 25
133 26
133 27
133 33
133 35
133 45
133 47
133 59
133 73
133 80
133 85
133 88
133 90
133 92
133 95
133 96
133 103
133 109
133 116
133 117
133 119
133 121
133 126
133 127
133 129
133 137
133 140
133 154
133 166
133 167
133 169
133 173
133 175
133 177
133 178
133 180
133 187
133 188
133 189
133 192
133 196
134 2
134 8
134 10
134 14
134 18
134 25
134 26
134 29
134 37
134 40
134 41
134 42
134 46
134 47
134 60
134 64
134 68
134 71
134 75
134 82
134 84
134 86
134 87
134 88
134 91
134 95
134 100
134 102
134 111
134 113
134 114
134 116
134 124
134 132
134 137
134 139
134 142
134 143
134 153
134 173
134 177
134 181
134 188
134 189
134 191
134 192
134 195
134 196
135 0
135 1
135 6
135 11
135 14
135 21
135 25
135 28
135 38
135 39
135 40
135 41
135 43
135 51
135 57
135 60
135 63
135 71
135 76
135 78
135 83
135 84
135 93
135 94
135 95
135 99
135 103
135 108
135 120
135 121
135 123
135 125
135 136
135 146
135 147
135 153
135 155
135 163
135 167
135 173
135 184
135 185
135 198
136 3
136 5
136 11
136 12
136 13
136 17
136 20
136 28
136 30
136 31
136 35
136 42
136 44
136 65
136 82
136 84
136 86
136 87
136 90
136 102
136 109
136 116
136 124
136 128
136 130
136 135
136 140
136 150
136 165
136 166
136 171
136 174
136 175
136 184
136 188
136 192
136 194
136 195
137 2
137 3
137 4
137 5
137 6
137 7
137 14
137 18
137 25
137 26
137 35
137 45
137 51
137 53
137 56
137 62
137 73
137 75
137 77
137 84
137 89
137 92
137 95
137 103
137 108
137 115
137 120
137 127
137 133
137 134
137 138
137 139
137 149
137 164
137 172
137 173
137 175
137 180
137 193
138 0
138 1
138 3
138 13
138 15
138 16
138 22
138 31
138 32
138 59
138 63
138 68
138 69
138 72
138 80
138 81
138 90
138 92
138 94
138 95
138 100
138 101
138 111
138 118
138 121
138 122
138 127
138 137
138 142
138 143
138 149
138 151
138 152
138 153
138 159
138 162
138 164
138 166
138 167
138 168
138 171
138 178
138 185
138 190
138 193
139 15
139 25
139 27
139 37
139 39
139 40
139 41
139 47
139 65
139 76
139 78
139 79
139 82
139 84
139 86
139 88
139 92
139 93
139 95
139 106
139 112
139 115
139 125
139 132
139 134
139 137
139 149
139 150
139 153
139 158
139 166
139 168
139 169
139 177
139 179
139 182
139 184
139 192
140 6
140 7
140 11
140 12
140 20
140 27
140 29
140 47
140 53
140 56
140 57
140 67
140 71
140 73
140 86
140 88
140 105
140 114
140 115
140 126
140 127
140 133
140 136
140 143
140 146
140 148
140 151
140 157
140 166
140 173
140 176
140 180
140 189
140 193
140 196
140 198
141 4
141 12
141 13
141 23
141 27
141 31
141 34
141 35
141 36
141 38
141 40
141 46
141 49
141 50
141 53
141 65
141 67
141 75
141 76
141 81
141 85
141 99
141 101
141 102
141 106
141 118
141 129
141 132
141 151
141 157
141 162
141 166
141 168
141 171
141 174
141 190
141 191
141 193
141 194
142 0
142 5
142 6
142 9
142 12
142 17
142 21
142 30
142 32
142 41
142 42
142 45
142 47
142 48
142 49
142 51
142 56
142 57
142 65
142 78
142 80
142 101
142 113
142 117
142 126
142 134
142 138
142 143
142 144
142 145
142 156
142 158
142 176
142 179
142 182
142 187
143 1
143 11
143 15
143 19
143 22
143 29
143 51
143 52
143 55
143 64
143 69
143 70
143 71
143 80
143 84
143 92
143 94
143 98
143 107
143 115
143 118
143 119
143 125
143 128
143 134
143 138
143 140
143 142
143 145
143 146
143 149
143 165
143 169
143 171
143 175
143 177
143 178
143 180
143 186
144 20
144 27
144 28
144 31
144 44
144 49
144 50
144 51
144 54
144 55
144 59
144 64
144 68
144 75
144 77
144 78
144 80
144 81
144 91
144 93
144 95
144 96
144 101
144 102
144 105
144 113
144 115
144 142
144 152
144 156
144 157
144 159
144 162
144 165
144 176
144 180
144 182
144 183
144 186
144 189
144 192
144 193
144 194
144 197
145 2
145 4
145 5
145 12
145 13
145 19
145 23
145 34
145 35
145 36
145 62
145 65
145 70
145 72
145 75
145 78
145 92
145 94
145 98
145 99
145 103
145 107
145 108
145 113
145 114
145 127
145 142
145 143
145 156
145 159
145 166
145 172
145 175
145 177
145 192
145 193
145 194
146 2
146 3
146 9
146 11
146 17
146 21
146 27
146 31
146 36
146 51
146 55
146 57
146 64
146 70
146 77
146 83
146 94
146 104
146 105
146 118
146 123
146 124
146 126
146 127
146 129
146 135
146 140
146 143
146 151
146 155
146 163
146 169
146 175
146 179
146 186
146 188
146 195
147 0
147 1
147 25
147 28
147 32
147 36
147 42
147 54
147 60
147 63
147 75
147 93
147 95
147 96
147 98
147 112
147 117
147 120
147 128
147 130
147 131
147 135
147 154
147 157
147 166
147 167
147 174
147 177
147 182
147 183
147 184
147 185
147 189
147 193
147 195
148 0
148 1
148 6
148 11
148 20
148 21
148 23
148 35
148 56
148 59
148 60
148 65
148 66
148 72
148 78
148 80
148 87
148 95
148 106
148 108
148 114
148 124
148 128
148 132
148 140
148 151
148 155
148 158
148 159
148 167
148 168
148 173
148 183
148 191
148 192
148 194
148 197
149 3
149 4
149 5
149 7
149 8
149 10
149 12
149 13
149 16
149 27
149 43
149 64
149 65
149 76
149 81
149 86
149 88
149 93
149 109
149 121
149 128
149 129
149 137
149 138
149 139
149 143
149 155
149 163
149 167
149 170
149 172
149 185
149 187
149 195
150 2
150 4
150 6
150 13
150 15
150 25
150 30
150 31
150 35
150 39
150 42
150 57
150 58
150 60
150 68
150 72
150 78
150 80
150 88
150 105
150 121
150 122
150 126
150 136
150 139
150 151
150 156
150 164
150 166
150 181
150 182
150 186
150 194
150 195
150 197
151 1
151 10
151 11
151 13
151 19
151 21
151 24
151 31
151 32
151 39
151 41
151 43
151 59
151 67
151 70
151 74
151 76
151 77
151 78
151 85
151 86
151 89
151 95
151 96
151 107
151 109
151 117
151 125
151 128
151 129
151 131
151 138
151 140
151 141
151 146
151 148
151 150
151 157
151 171
151 172
151 175
151 176
151 181
151 188
151 190
151 195
151 197
152 0
152 9
152 12
152 20
152 21
152 23
152 26
152 33
152 35
152 38
152 44
152 47
152 66
152 69
152 71
152 72
152 78
152 81
152 91
152 102
152 110
152 115
152 118
152 123
152 124
152 138
152 144
152 158
152 167
152 176
152 181
152 187
152 191
152 196
152 197
153 0
153 6
153 13
153 27
153 28
153 29
153 41
153 44
153 48
153 55
153 65
153 67
153 69
153 70
153 75
153 78
153 81
153 85
153 86
153 89
153 99
153 103
153 112
153 116
153 119
153 134
153 135
153 138
153 139
153 154
153 155
153 156
153 158
153 159
153 161
153 168
153 170
153 174
153 191
153 192
153 196
153 198
154 2
154 3
154 4
154 12
154 17
154 19
154 21
154 25
154 40
154 51
154 62
154 67
154 69
154 74
154 75
154 84
154 94
154 101
154 104
154 107
154 111
154 113
154 116
154 129
154 133
154 147
154 153
154 155
154 157
154 161
154 162
154 164
154 166
154 167
154 171
154 175
154 178
154 185
154 193
154 197
154 199
155 1
155 3
155 11
155 18
155 24
155 29
155 33
155 41
155 55
155 61
155 68
155 69
155 72
155 82
155 89
155 97
155 98
155 99
155 100
155 107
155 109
155 113
155 117
155 122
155 125
155 126
155 131
155 135
155 146
155 148
155 149
155 153
155 154
155 159
155 161
155 169
155 178
155 183
155 185
155 187
155 197
156 0
156 5
156 20
156 23
156 28
156 29
156 32
156 35
156 40
156 55
156 60
156 64
156 65
156 66
156 68
156 71
156 74
156 78
156 83
156 86
156 92
156 98
156 101
156 102
156 104
156 121
156 122
156 132
156 142
156 144
156 145
156 150
156 153
156 160
156 162
156 172
156 174
156 177
156 178
156 180
156 186
156 187
156 197
157 1
157 2
157 9
157 20
157 21
157 27
157 34
157 40
157 45
157 49
157 56
157 60
157 69
157 70
157 75
157 76
157 78
157 88
157 89
157 98
157 100
157 103
157 115
157 140
157 141
157 144
157 147
157 151
157 154
157 158
157 161
157 165
157 167
157 171
157 173
157 174
157 179
157 183
157 190
157 197
158 0
158 5
158 13
158 14
158 17
158 19
158 20
158 21
158 22
158 23
158 29
158 43
158 48
158 51
158 55
158 66
158 71
158 73
158 75
158 78
158 88
158 91
158 93
158 99
158 104
158 115
158 118
158 122
158 124
158 125
158 129
158 131
158 132
158 139
158 142
158 148
158 152
158 153
158 157
158 164
158 166
158 167
158 168
158 169
158 175
158 181
158 185
158 186
158 193
158 196
159 3
159 8
159 14
159 25
159 27
159 29
159 37
159 39
159 51
159 52
159 53
159 54
159 60
159 62
159 63
159 71
159 77
159 79
159 80
159 81
159 87
159 89
159 94
159 103
159 109
159 111
159 113
159 117
159 122
159 138
159 144
159 145
159 148
159 153
159 155
159 174
159 181
159 186
159 189
159 197
159 199
160 4
160 6
160 8
160 9
160 18
160 19
160 23
160 24
160 25
160 34
160 35
160 37
160 41
160 44
160 52
160 57
160 58
160 65
160 71
160 72
160 74
160 76
160 77
160 86
160 99
160 106
160 107
160 108
160 110
160 115
160 156
160 161
160 166
160 170
160 177
160 181
160 191
160 197
161 8
161 25
161 30
161 38
161 43
161 50
161 54
161 60
161 62
161 66
161 78
161 79
161 91
161 94
161 99
161 115
161 121
161 130
161 132
161 153
161 154
161 155
161 157
161 160
161 166
161 175
161 178
161 182
161 188
161 189
162 12
162 17
162 22
162 25
162 26
162 27
162 28
162 31
162 37
162 39
162 42
162 53
162 54
162 61
162 64
162 65
162 67
162 68
162 72
162 76
162 85
162 90
162 99
162 109
162 114
162 122
162 138
162 141
162 144
162 154
162 156
162 164
162 165
162 171
162 183
162 194
162 197
162 198
163 9
163 12
163 18
163 21
163 22
163 23
163 27
163 28
163 33
163 35
163 38
163 44
163 45
163 47
163 48
163 51
163 52
163 56
163 65
163 74
163 78
163 87
163 91
163 94
163 103
163 105
163 108
163 109
163 110
163 124
163 125
163 131
163 135
163 146
163 149
163 164
163 166
163 168
163 171
163 175
163 181
163 182
163 188
163 189
163 192
163 194
163 197
163 199
164 1
164 13
164 17
164 23
164 34
164 42
164 54
164 57
164 65
164 67
164 76
164 83
164 84
164 86
164 89
164 92
164 93
164 102
164 106
164 117
164 132
164 137
164 138
164 150
164 154
164 158
164 162
164 163
164 172
164 176
164 178
164 180
164 181
164 191
164 196
164 197
165 0
165 11
165 16
165 17
165 18
165 23
165 25
165 30
165 36
165 45
165 51
165 57
165 61
165 64
165 66
165 67
165 69
165 70
165 73
165 78
165 82
165 88
165 91
165 94
165 96
165 108
165 116
165 126
165 129
165 131
165 136
165 143
165 144
165 157
165 162
165 166
165 170
165 173
165 174
165 180
165 183
165 187
165 188
166 3
166 4
166 13
166 22
166 23
166 25
166 26
166 34
166 38
166 39
166 40
166 46
166 56
166 59
166 63
166 65
166 69
166 76
166 81
166 83
166 93
166 98
166 108
166 113
166 117
166 120
166 127
166 128
166 133
166 136
166 138
166 139
166 140
166 141
166 145
166 147
166 150
166 154
166 158
166 160
166 161
166 163
166 165
166 189
166 190
166 199
167 1
167 8
167 9
167 12
167 14
167 18
167 25
167 26
167 38
167 54
167 58
167 59
167 61
167 64
167 69
167 72
167 78
167 91
167 97
167 108
167 110
167 125
167 133
167 135
167 138
167 147
167 148
167 149
167 152
167 154
167 157
167 158
167 171
167 173
167 175
167 176
167 178
167 179
167 186
167 187
167 198
168 1
168 8
168 14
168 16
168 24
168 34
168 39
168 40
168 41
168 45
168 58
168 63
168 65
168 67
168 74
168 76
168 78
168 80
168 84
168 85
168 87
168 90
168 97
168 119
168 122
168 126
168 138
168 139
168 141
168 148
168 153
168 158
168 163
168 170
168 175
168 184
168 186
168 197
169 1
169 2
169 14
169 23
169 34
169 37
169 40
169 49
169 51
169 53
169 59
169 67
169 70
169 75
169 79
169 83
169 86
169 92
169 95
169 102
169 105
169 109
169 115
169 121
169 123
169 131
169 133
169 139
169 143
169 146
169 155
169 158
169 172
169 173
169 175
169 177
169 178
169 182
169 189
169 198
170 2
170 3
170 13
170 14
170 16
170 19
170 21
170 23
170 30
170 42
170 50
170 62
170 63
170 64
170 65
170 69
170 70
170 71
170 73
170 85
170 94
170 97
170 100
170 110
170 111
170 112
170 119
170 120
170 121
170 128
170 149
170 153
170 160
170 165
170 168
170 172
170 189
170 192
170 196
171 4
171 8
171 12
171 13
171 37
171 42
171 43
171 45
171 46
171 48
171 53
171 66
171 68
171 74
171 81
171 85
171 86
171 88
171 90
171 92
171 102
171 106
171 109
171 117
171 118
171 123
171 127
171 136
171 138
171 141
171 143
171 151
171 154
171 157
171 162
171 163
171 167
171 175
171 186
171 187
171 189
171 193
172 16
172 18
172 19
172 20
172 36
172 37
172 52
172 63
172 69
172 70
172 73
172 75
172 83
172 86
172 100
172 106
172 109
172 113
172 116
172 119
172 123
172 124
172 125
172 131
172 132
172 137
172 145
172 149
172 151
172 156
172 164
172 169
172 170
172 180
172 182
172 184
172 187
172 192
172 193
172 194
172 195
172 198
173 3
173 14
173 22
173 27
173 29
173 39
173 40
173 55
173 57
173 61
173 63
173 67
173 72
173 76
173 81
173 85
173 89
173 91
173 96
173 99
173 102
173 103
173 106
173 107
173 117
173 122
173 123
173 126
173 131
173 133
173 134
173 135
173 137
173 140
173 148
173 157
173 165
173 167
173 169
173 180
173 195
174 5
174 8
174 10
174 21
174 23
174 27
174 28
174 39
174 41
174 46
174 53
174 57
174 61
174 67
174 86
174 103
174 105
174 108
174 112
174 113
174 117
174 120
174 124
174 129
174 136
174 141
174 147
174 153
174 156
174 157
174 159
174 165
174 177
174 183
174 185
174 191
174 193
174 196
175 4
175 9
175 11
175 18
175 22
175 26
175 39
175 43
175 44
175 48
175 53
175 60
175 78
175 83
175 88
175 90
175 95
175 97
175 98
175 102
175 104
175 107
175 115
175 120
175 126
175 133
175 136
175 137
175 143
175 145
175 146
175 151
175 154
175 158
175 161
175 163
175 167
175 168
175 169
175 171
175 177
175 181
175 182
175 183
175 185
175 186
175 188
175 189
175 197
176 1
176 10
176 12
176 13
176 14
176 24
176 32
176 35
176 36
176 42
176 43
176 48
176 53
176 57
176 58
176 59
176 66
176 75
176 76
176 79
176 80
176 81
176 82
176 83
176 86
176 89
176 91
176 95
176 97
176 99
176 113
176 120
176 132
176 140
176 142
176 144
176 151
176 152
176 164
176 167
176 181
176 186
176 187
176 198
177 2
177 3
177 14
177 15
177 17
177 20
177 21
177 22
177 23
177 40
177 45
177 49
177 54
177 64
177 71
177 88
177 92
177 98
177 104
177 115
177 121
177 125
177 127
177 133
177 134
177 139
177 143
177 145
177 147
177 156
177 160
177 169
177 174
177 175
177 181
177 198
178 1
178 3
178 4
178 7
178 8
178 18
178 19
178 27
178 29
178 30
178 33
178 37
178 40
178 47
178 50
178 65
178 77
178 85
178 87
178 95
178 103
178 107
178 115
178 118
178 120
178 121
178 122
178 124
178 129
178 130
178 131
178 133
178 138
178 143
178 154
178 155
178 156
178 161
178 164
178 167
178 169
178 181
178 184
178 186
178 190
178 193
178 199
179 3
179 8
179 10
179 28
179 35
179 36
179 37
179 41
179 49
179 52
179 76
179 86
179 88
179 92
179 103
179 111
179 112
179 114
179 118
179 123
179 124
179 127
179 128
179 139
179 142
179 146
179 157
179 167
179 182
179 183
179 186
179 196
179 198
180 0
180 1
180 4
180 6
180 14
180 25
180 26
180 42
180 44
180 45
180 49
180 53
180 61
180 65
180 68
180 69
180 75
180 77
180 82
180 83
180 95
180 110
180 133
180 137
180 140
180 143
180 144
180 156
180 164
180 165
180 172
180 173
180 181
180 185
180 196
180 198
181 0
181 13
181 14
181 17
181 25
181 27
181 35
181 39
181 40
181 42
181 43
181 54
181 58
181 60
181 67
181 72
181 78
181 81
181 82
181 85
181 92
181 95
181 100
181 101
181 102
181 103
181 104
181 109
181 112
181 119
181 121
181 134
181 150
181 151
181 152
181 158
181 159
181 160
181 163
181 164
181 175
181 176
181 177
181 178
181 180
181 184
181 185
181 192
181 194
181 195
182 7
182 9
182 16
182 19
182 21
182 25
182 34
182 37
182 65
182 67
182 73
182 75
182 79
182 90
182 102
182 119
182 125
182 127
182 131
182 139
182 142
182 144
182 147
182 150
182 161
182 163
182 169
182 172
182 175
182 179
182 183
182 185
182 192
183 1
183 19
183 29
183 30
183 39
183 41
183 43
183 49
183 53
183 54
183 59
183 66
183 75
183 83
183 84
183 92
183 93
183 97
183 101
183 111
183 112
183 117
183 120
183 123
183 128
183 144
183 147
183 148
183 155
183 157
183 162
183 165
183 174
183 175
183 179
183 182
183 187
183 190
183 192
183 198
184 7
184 12
184 15
184 17
184 31
184 33
184 38
184 42
184 50
184 53
184 55
184 56
184 60
184 61
184 69
184 73
184 80
184 81
184 93
184 99
184 100
184 101
184 104
184 113
184 122
184 129
184 131
184 135
184 136
184 139
184 147
184 168
184 172
184 178
184 181
184 199
185 7
185 9
185 11
185 16
185 20
185 25
185 28
185 31
185 34
185 37
185 44
185 46
185 48
185 49
185 50
185 53
185 54
185 55
185 57
185 66
185 67
185 69
185 75
185 77
185 87
185 89
185 91
185 92
185 94
185 100
185 105
185 116
185 117
185 135
185 138
185 147
185 149
185 154
185 155
185 158
185 174
185 175
185 180
185 181
185 182
185 191
185 194
185 195
185 198
186 1
186 9
186 11
186 13
186 16
186 22
186 24
186 26
186 38
186 41
186 43
186 44
186 46
186 50
186 52
186 76
186 79
186 82
186 83
186 94
186 101
186 102
186 107
186 109
186 115
186 120
186 143
186 144
186 146
186 150
186 156
186 158
186 159
186 167
186 168
186 171
186 175
186 176
186 178
186 179
186 188
186 197
187 2
187 13
187 24
187 32
187 45
187 48
187 53
187 55
187 63
187 65
187 66
187 80
187 89
187 96
187 97
187 102
187 107
187 111
187 113
187 118
187 123
187 133
187 142
187 149
187 152
187 155
187 156
187 165
187 167
187 171
187 172
187 176
187 183
188 10
188 17
188 19
188 21
188 25
188 26
188 34
188 41
188 45
188 46
188 66
188 85
188 87
188 90
188 95
188 96
188 105
188 113
188 129
188 131
188 133
188 134
188 136
188 146
188 151
188 161
188 163
188 165
188 175
188 186
188 194
188 199
189 9
189 10
189 19
189 23
189 27
189 31
189 38
189 44
189 47
189 53
189 54
189 73
189 75
189 76
189 77
189 79
189 80
189 91
189 94
189 103
189 107
189 111
189 126
189 132
189 133
189 134
189 140
189 144
189 147
189 159
189 161
189 163
189 166
189 169
189 170
189 171
189 175
189 191
190 9
190 11
190 19
190 23
190 30
190 31
190 32
190 42
190 48
190 64
190 70
190 76
190 78
190 79
190 86
190 90
190 93
190 100
190 106
190 108
190 117
190 123
190 131
190 138
190 141
190 151
190 157
190 166
190 178
190 183
190 195
191 4
191 15
191 18
191 21
191 27
191 34
191 45
191 49
191 50
191 52
191 55
191 59
191 61
191 73
191 83
191 91
191 94
191 98
191 105
191 107
191 120
191 121
191 125
191 127
191 131
191 134
191 141
191 148
191 152
191 153
191 160
191 164
191 174
191 185
191 189
192 3
192 6
192 8
192 9
192 14
192 21
192 23
192 28
192 30
192 32
192 38
192 50
192 54
192 67
192 75
192 76
192 83
192 91
192 93
192 98
192 105
192 109
192 115
192 116
192 117
192 127
192 133
192 134
192 136
192 139
192 144
192 145
192 148
192 153
192 163
192 170
192 172
192 181
192 182
192 183
192 194
192 196
192 199
193 0
193 2
193 9
193 12
193 13
193 33
193 39
193 46
193 53
193 57
193 63
193 71
193 78
193 79
193 85
193 93
193 95
193 96
193 98
193 101
193 108
193 123
193 130
193 132
193 137
193 138
193 140
193 141
193 144
193 145
193 147
193 154
193 158
193 171
193 172
193 174
193 178
193 197
194 8
194 14
194 16
194 24
194 30
194 35
194 36
194 42
194 48
194 55
194 62
194 64
194 72
194 74
194 75
194 76
194 78
194 80
194 84
194 87
194 90
194 93
194 96
194 116
194 125
194 126
194 131
194 132
194 136
194 141
194 144
194 145
194 148
194 150
194 162
194 163
194 172
194 181
194 185
194 188
194 192
194 199
195 2
195 8
195 11
195 15
195 16
195 21
195 22
195 34
195 36
195 41
195 50
195 52
195 53
195 55
195 61
195 67
195 71
195 77
195 78
195 84
195 88
195 92
195 94
195 103
195 105
195 109
195 119
195 125
195 128
195 134
195 136
195 146
195 147
195 149
195 150
195 151
195 172
195 173
195 181
195 185
195 190
195 196
196 8
196 12
196 13
196 15
196 22
196 27
196 33
196 36
196 38
196 41
196 44
196 47
196 49
196 52
196 54
196 59
196 72
196 75
196 76
196 85
196 90
196 98
196 101
196 102
196 105
196 114
196 121
196 130
196 131
196 133
196 134
196 140
196 152
196 153
196 158
196 164
196 170
196 174
196 179
196 180
196 192
196 195
197 3
197 16
197 20
197 29
197 30
197 34
197 38
197 41
197 42
197 46
197 48
197 64
197 66
197 75
197 78
197 93
197 105
197 106
197 112
197 114
197 118
197 122
197 126
197 129
197 144
197 148
197 150
197 151
197 152
197 154
197 155
197 156
197 157
197 159
197 160
197 162
197 163
197 164
197 168
197 175
197 186
197 193
197 198
197 199
198 4
198 6
198 9
198 11
198 12
198 14
198 15
198 19
198 34
198 42
198 43
198 51
198 56
198 59
198 62
198 64
198 65
198 71
198 85
198 86
198 100
198 102
198 114
198 121
198 122
198 126
198 128
198 129
198 135
198 140
198 153
198 162
198 167
198 169
198 172
198 176
198 177
198 179
198 180
198 183
198 185
198 197
199 5
199 13
199 19
199 23
199 27
199 28
199 31
199 35
199 38
199 39
199 57
199 61
199 71
199 73
199 79
199 83
199 84
199 88
199 90
199 96
199 99
199 104
199 108
199 114
199 116
199 119
199 129
199 154
199 159
199 163
199 166
199 178
199 184
199 188
199 192
199 194
199 197