500 6269
0 5
0 45
0 62
0 64
0 96
0 126
0 129
0 188
0 193
0 211
0 247
0 253
0 291
0 295
0 302
0 304
0 348
0 405
0 407
0 423
0 428
0 448
0 452
0 457
0 458
1 14
1 27
1 47
1 99
1 132
1 134
1 135
1 136
1 145
1 165
1 182
1 187
1 208
1 228
1 232
1 237
1 259
1 285
1 315
1 318
1 319
1 327
1 343
1 372
1 374
1 375
1 389
1 410
1 413
1 416
1 436
1 480
1 485
1 489
1 496
1 499
2 21
2 38
2 52
2 53
2 80
2 83
2 99
2 114
2 193
2 196
2 209
2 211
2 217
2 251
2 254
2 290
2 295
2 312
2 343
2 345
2 374
2 383
2 390
2 404
2 409
2 420
2 432
2 477
2 483
3 7
3 17
3 60
3 64
3 84
3 144
3 157
3 200
3 202
3 237
3 252
3 264
3 267
3 279
3 295
3 316
3 334
3 354
3 379
3 384
3 438
3 475
3 479
4 24
4 38
4 44
4 46
4 49
4 66
4 117
4 122
4 193
4 222
4 262
4 293
4 322
4 327
4 331
4 337
4 352
4 359
4 366
4 395
4 405
4 437
4 445
4 472
4 473
5 0
5 9
5 10
5 75
5 80
5 106
5 116
5 127
5 141
5 167
5 169
5 197
5 208
5 213
5 214
5 215
5 226
5 230
5 235
5 264
5 304
5 317
5 374
5 385
5 392
5 403
5 407
5 413
5 420
5 486
6 10
6 29
6 79
6 84
6 102
6 108
6 121
6 137
6 143
6 153
6 168
6 219
6 225
6 231
6 265
6 299
6 301
6 318
6 325
6 361
6 382
6 434
6 454
7 3
7 12
7 19
7 23
7 35
7 37
7 44
7 57
7 58
7 60
7 78
7 143
7 167
7 169
7 174
7 195
7 230
7 243
7 284
7 321
7 333
7 339
7 347
7 371
7 378
7 381
7 389
7 394
7 402
7 447
7 465
7 482
7 487
7 492
8 24
8 29
8 40
8 58
8 59
8 78
8 86
8 97
8 134
8 135
8 155
8 179
8 195
8 204
8 205
8 235
8 241
8 283
8 298
8 309
8 322
8 328
8 349
8 355
8 364
8 409
8 420
8 440
8 461
8 466
8 481
8 482
8 485
9 5
9 41
9 90
9 114
9 120
9 133
9 140
9 141
9 159
9 170
9 174
9 291
9 297
9 322
9 368
9 435
9 440
9 466
9 478
9 488
10 5
10 6
10 13
10 17
10 44
10 56
10 82
10 93
10 136
10 140
10 214
10 226
10 233
10 241
10 245
10 249
10 254
10 255
10 268
10 289
10 297
10 341
10 363
10 396
10 402
10 406
10 418
10 430
10 456
10 496
10 499
11 12
11 23
11 41
11 47
11 62
11 69
11 78
11 81
11 86
11 123
11 130
11 150
11 188
11 194
11 209
11 215
11 238
11 239
11 255
11 293
11 313
11 320
11 338
11 339
11 375
11 379
11 415
11 437
11 459
11 492
12 7
12 11
12 13
12 18
12 66
12 67
12 113
12 142
12 163
12 215
12 267
12 271
12 276
12 331
12 346
12 375
12 398
12 410
12 412
12 427
12 468
12 470
13 10
13 12
13 30
13 33
13 82
13 148
13 158
13 166
13 180
13 204
13 227
13 229
13 271
13 314
13 318
13 320
13 346
13 356
13 358
13 359
13 365
13 390
13 414
13 428
13 435
13 439
13 442
13 446
13 480
13 493
13 494
14 1
14 39
14 47
14 48
14 51
14 56
14 62
14 127
14 129
14 148
14 149
14 176
14 197
14 203
14 226
14 247
14 254
14 330
14 346
14 388
14 401
14 416
14 448
14 464
14 471
14 478
15 23
15 30
15 32
15 46
15 57
15 88
15 114
15 118
15 127
15 133
15 151
15 175
15 182
15 194
15 210
15 212
15 241
15 250
15 269
15 318
15 332
15 370
15 414
15 454
15 457
15 466
15 492
16 21
16 32
16 48
16 58
16 111
16 112
16 115
16 150
16 161
16 164
16 228
16 249
16 260
16 311
16 324
16 350
16 355
16 357
16 413
16 427
16 436
16 446
16 497
17 3
17 10
17 22
17 29
17 30
17 47
17 62
17 88
17 118
17 132
17 135
17 141
17 168
17 189
17 224
17 251
17 257
17 276
17 309
17 338
17 348
17 355
17 422
17 424
17 425
17 499
18 12
18 29
18 35
18 65
18 68
18 74
18 81
18 94
18 96
18 111
18 117
18 138
18 165
18 180
18 190
18 222
18 223
18 246
18 260
18 336
18 376
18 398
18 430
18 435
18 444
18 459
18 461
18 477
19 7
19 26
19 52
19 80
19 102
19 111
19 157
19 256
19 294
19 305
19 331
19 335
19 349
19 423
19 425
19 426
19 465
19 480
19 495
20 52
20 65
20 67
20 71
20 75
20 156
20 167
20 195
20 221
20 235
20 236
20 249
20 315
20 347
20 370
20 458
20 497
21 2
21 16
21 26
21 71
21 102
21 137
21 140
21 146
21 155
21 176
21 179
21 204
21 229
21 243
21 251
21 266
21 288
21 293
21 314
21 328
21 330
21 352
21 363
21 437
21 458
21 471
21 489
21 493
22 17
22 77
22 126
22 135
22 162
22 210
22 214
22 254
22 259
22 273
22 279
22 287
22 290
22 291
22 295
22 298
22 305
22 327
22 336
22 344
22 363
22 372
22 377
22 384
22 388
22 402
22 405
22 438
22 439
22 452
22 460
22 482
23 7
23 11
23 15
23 24
23 34
23 38
23 47
23 50
23 82
23 95
23 116
23 124
23 181
23 212
23 240
23 278
23 314
23 330
23 355
23 366
23 375
23 388
23 390
23 407
23 417
23 420
23 449
23 498
24 4
24 8
24 23
24 34
24 47
24 86
24 112
24 120
24 151
24 233
24 251
24 305
24 315
24 382
24 397
24 402
24 433
24 447
24 464
25 50
25 51
25 57
25 64
25 65
25 91
25 108
25 114
25 205
25 206
25 207
25 225
25 269
25 278
25 284
25 319
25 323
25 413
25 438
25 443
26 19
26 21
26 39
26 41
26 46
26 61
26 114
26 135
26 140
26 144
26 165
26 191
26 244
26 288
26 353
26 354
26 370
26 384
26 404
27 1
27 38
27 47
27 50
27 117
27 165
27 206
27 214
27 225
27 248
27 273
27 296
27 389
27 438
27 441
27 449
27 450
27 482
28 32
28 42
28 78
28 83
28 105
28 117
28 126
28 143
28 159
28 165
28 177
28 194
28 219
28 251
28 256
28 298
28 337
28 338
28 353
28 382
28 389
28 395
28 402
28 407
28 422
28 441
28 447
28 454
28 467
28 473
28 474
28 476
29 6
29 8
29 17
29 18
29 32
29 36
29 40
29 49
29 88
29 96
29 105
29 126
29 170
29 177
29 183
29 185
29 228
29 232
29 250
29 275
29 280
29 324
29 330
29 346
29 383
29 384
29 385
29 387
29 395
29 425
29 429
29 446
29 454
29 458
30 13
30 15
30 17
30 40
30 44
30 46
30 69
30 110
30 115
30 116
30 130
30 136
30 172
30 208
30 217
30 243
30 263
30 275
30 319
30 322
30 335
30 336
30 338
30 344
30 356
30 384
30 387
30 423
30 432
30 461
30 472
31 35
31 42
31 45
31 62
31 97
31 108
31 113
31 115
31 136
31 140
31 149
31 160
31 161
31 192
31 198
31 220
31 240
31 255
31 260
31 265
31 287
31 295
31 298
31 313
31 346
31 388
31 415
31 455
31 464
32 15
32 16
32 28
32 29
32 48
32 90
32 95
32 99
32 102
32 105
32 109
32 114
32 134
32 137
32 149
32 152
32 155
32 214
32 226
32 260
32 291
32 375
32 396
32 405
32 465
32 472
32 488
32 489
32 499
33 13
33 44
33 53
33 98
33 116
33 137
33 161
33 166
33 184
33 191
33 219
33 228
33 239
33 313
33 332
33 343
33 360
33 381
33 409
33 432
33 455
33 485
34 23
34 24
34 54
34 63
34 67
34 111
34 157
34 177
34 182
34 192
34 227
34 261
34 323
34 388
34 392
34 469
34 470
34 478
35 7
35 18
35 31
35 42
35 54
35 58
35 75
35 86
35 110
35 210
35 218
35 227
35 253
35 261
35 270
35 283
35 307
35 326
35 349
35 351
35 364
35 370
35 428
35 488
36 29
36 45
36 101
36 117
36 118
36 136
36 154
36 167
36 175
36 198
36 224
36 283
36 321
36 349
36 351
36 357
36 360
36 372
36 431
36 462
36 479
37 7
37 97
37 103
37 140
37 160
37 184
37 204
37 253
37 274
37 277
37 291
37 340
37 377
37 400
37 405
37 428
37 434
37 461
37 471
37 477
37 480
37 492
37 493
37 498
38 2
38 4
38 23
38 27
38 43
38 55
38 63
38 71
38 88
38 185
38 196
38 220
38 224
38 233
38 247
38 290
38 311
38 353
38 362
38 424
38 428
38 450
38 459
38 470
39 14
39 26
39 42
39 74
39 75
39 113
39 186
39 194
39 218
39 243
39 289
39 293
39 303
39 313
39 320
39 343
39 352
39 359
39 389
39 390
39 407
39 416
39 468
39 476
39 498
40 8
40 29
40 30
40 49
40 61
40 67
40 70
40 125
40 126
40 162
40 169
40 176
40 204
40 210
40 215
40 218
40 231
40 239
40 250
40 259
40 291
40 299
40 309
40 319
40 374
40 400
40 410
40 415
40 470
40 478
40 493
41 9
41 11
41 26
41 50
41 61
41 75
41 89
41 104
41 170
41 185
41 192
41 244
41 267
41 269
41 303
41 320
41 329
41 335
41 344
41 376
41 435
41 462
41 493
42 28
42 31
42 35
42 39
42 47
42 54
42 64
42 107
42 119
42 183
42 187
42 188
42 209
42 215
42 229
42 244
42 254
42 279
42 290
42 347
42 373
42 432
42 440
42 490
43 38
43 45
43 57
43 83
43 85
43 97
43 114
43 115
43 122
43 127
43 140
43 143
43 181
43 183
43 197
43 223
43 238
43 271
43 277
43 326
43 337
43 344
43 359
43 383
43 404
43 429
43 445
44 4
44 7
44 10
44 30
44 33
44 64
44 72
44 84
44 114
44 138
44 166
44 185
44 203
44 207
44 225
44 242
44 248
44 262
44 291
44 298
44 308
44 320
44 322
44 376
44 378
44 390
44 415
44 446
44 477
45 0
45 31
45 36
45 43
45 57
45 90
45 124
45 217
45 229
45 242
45 256
45 268
45 321
45 322
45 326
45 340
45 347
45 423
45 436
45 446
45 450
45 466
45 472
45 488
46 4
46 15
46 26
46 30
46 125
46 136
46 144
46 149
46 165
46 181
46 187
46 204
46 208
46 227
46 244
46 259
46 262
46 307
46 327
46 418
46 423
46 431
46 448
46 472
46 473
46 488
47 1
47 11
47 14
47 17
47 23
47 24
47 27
47 42
47 97
47 189
47 202
47 224
47 228
47 240
47 248
47 285
47 296
47 339
47 350
47 359
47 365
47 481
47 482
48 14
48 16
48 32
48 72
48 138
48 140
48 162
48 165
48 200
48 203
48 220
48 221
48 222
48 234
48 264
48 287
48 325
48 331
48 332
48 340
48 350
48 360
48 402
48 413
48 438
48 480
48 481
48 486
48 489
48 493
49 4
49 29
49 40
49 90
49 95
49 96
49 126
49 130
49 134
49 141
49 211
49 213
49 237
49 244
49 253
49 264
49 386
49 394
49 395
49 418
49 473
49 480
49 493
49 497
50 23
50 25
50 27
50 41
50 68
50 128
50 132
50 196
50 285
50 341
50 431
50 448
50 451
50 496
51 14
51 25
51 55
51 70
51 98
51 103
51 122
51 130
51 135
51 137
51 144
51 160
51 162
51 172
51 178
51 201
51 206
51 228
51 238
51 276
51 285
51 323
51 335
51 352
51 358
51 364
51 382
51 388
51 401
51 430
51 443
51 480
51 488
52 2
52 19
52 20
52 80
52 82
52 87
52 97
52 112
52 117
52 146
52 147
52 181
52 185
52 188
52 241
52 242
52 268
52 271
52 285
52 293
52 301
52 307
52 324
52 343
52 368
52 370
52 392
52 399
52 426
52 461
52 475
52 497
53 2
53 33
53 56
53 65
53 70
53 71
53 98
53 114
53 117
53 118
53 125
53 144
53 155
53 156
53 160
53 175
53 179
53 200
53 215
53 218
53 222
53 249
53 254
53 262
53 302
53 310
53 319
53 336
53 432
53 445
53 466
53 473
53 476
53 481
53 493
54 34
54 35
54 42
54 68
54 70
54 72
54 104
54 148
54 171
54 198
54 222
54 226
54 229
54 237
54 251
54 259
54 273
54 276
54 300
54 318
54 319
54 347
54 349
54 362
54 375
54 403
54 406
54 411
54 446
54 454
54 461
54 465
54 479
55 38
55 51
55 62
55 79
55 84
55 114
55 132
55 154
55 164
55 168
55 204
55 208
55 217
55 269
55 270
55 363
55 382
55 398
55 404
55 446
55 462
56 10
56 14
56 53
56 64
56 85
56 88
56 96
56 139
56 143
56 157
56 173
56 176
56 233
56 256
56 277
56 282
56 331
56 339
56 354
56 363
56 380
56 416
56 477
56 484
56 488
56 498
57 7
57 15
57 25
57 43
57 45
57 153
57 161
57 201
57 210
57 226
57 252
57 261
57 269
57 288
57 290
57 306
57 309
57 340
57 350
57 389
57 409
57 434
57 459
57 460
57 487
58 7
58 8
58 16
58 35
58 124
58 131
58 139
58 152
58 163
58 186
58 199
58 236
58 245
58 269
58 276
58 294
58 303
58 307
58 331
58 336
58 352
58 361
58 419
58 437
58 441
58 456
59 8
59 78
59 81
59 82
59 86
59 95
59 112
59 126
59 160
59 182
59 320
59 323
59 324
59 352
59 378
59 380
59 394
59 398
59 407
59 422
59 423
59 424
59 425
59 450
59 494
60 3
60 7
60 63
60 64
60 67
60 69
60 99
60 106
60 114
60 132
60 138
60 140
60 154
60 182
60 191
60 220
60 228
60 311
60 312
60 316
60 336
60 379
60 382
60 390
60 407
60 467
60 478
60 479
60 480
61 26
61 40
61 41
61 73
61 89
61 109
61 141
61 144
61 149
61 165
61 194
61 201
61 241
61 249
61 263
61 298
61 304
61 324
61 326
61 350
61 351
61 356
61 359
61 361
61 376
61 387
61 396
61 408
61 425
61 459
61 470
61 498
62 0
62 11
62 14
62 17
62 31
62 55
62 64
62 114
62 122
62 138
62 166
62 185
62 222
62 227
62 250
62 254
62 265
62 282
62 316
62 341
62 349
62 361
62 392
62 403
62 404
62 406
62 409
62 453
62 475
63 34
63 38
63 60
63 64
63 77
63 90
63 117
63 128
63 137
63 172
63 174
63 202
63 211
63 230
63 244
63 274
63 338
63 348
63 372
63 374
63 417
63 425
63 445
63 449
63 460
63 463
63 475
63 490
64 0
64 3
64 25
64 42
64 44
64 56
64 60
64 62
64 63
64 82
64 116
64 162
64 164
64 173
64 188
64 205
64 262
64 329
64 384
64 391
64 411
64 455
64 463
64 464
64 480
65 18
65 20
65 25
65 53
65 81
65 99
65 109
65 112
65 145
65 157
65 167
65 200
65 218
65 228
65 292
65 307
65 329
65 331
65 339
65 347
65 388
65 415
65 423
65 456
65 483
66 4
66 12
66 134
66 136
66 168
66 193
66 211
66 231
66 242
66 268
66 277
66 279
66 329
66 330
66 354
66 372
66 373
66 378
66 384
66 400
66 418
66 450
66 451
66 471
66 478
67 12
67 20
67 34
67 40
67 60
67 72
67 118
67 123
67 177
67 214
67 229
67 234
67 261
67 292
67 303
67 308
67 314
67 360
67 362
67 372
67 405
67 433
67 465
67 467
67 480
68 18
68 50
68 54
68 74
68 126
68 127
68 133
68 198
68 201
68 208
68 211
68 235
68 261
68 281
68 289
68 305
68 311
68 352
68 354
68 362
68 370
68 389
68 392
68 470
69 11
69 30
69 60
69 93
69 100
69 102
69 118
69 138
69 146
69 153
69 177
69 190
69 225
69 238
69 245
69 255
69 278
69 293
69 332
69 336
69 353
69 430
69 432
69 447
69 481
69 494
70 40
70 51
70 53
70 54
70 91
70 114
70 115
70 164
70 208
70 238
70 242
70 259
70 272
70 279
70 395
70 430
70 435
70 445
71 20
71 21
71 38
71 53
71 85
71 93
71 119
71 140
71 165
71 184
71 187
71 295
71 300
71 351
71 353
71 369
71 372
71 410
71 428
71 445
71 458
72 44
72 48
72 54
72 67
72 84
72 92
72 105
72 177
72 227
72 243
72 349
72 372
72 373
72 374
72 389
72 406
73 61
73 80
73 93
73 100
73 104
73 119
73 174
73 195
73 239
73 261
73 271
73 273
73 278
73 328
73 332
73 350
73 355
73 359
73 380
73 417
73 422
73 435
73 461
73 464
73 479
74 18
74 39
74 68
74 106
74 190
74 220
74 267
74 269
74 271
74 319
74 339
74 374
74 392
74 397
74 411
74 462
74 476
74 482
75 5
75 20
75 35
75 39
75 41
75 115
75 116
75 131
75 148
75 152
75 170
75 192
75 198
75 211
75 215
75 223
75 239
75 258
75 287
75 293
75 381
75 424
75 429
75 455
75 468
75 471
75 473
76 108
76 114
76 119
76 121
76 128
76 186
76 191
76 237
76 260
76 269
76 272
76 325
76 326
76 330
76 372
76 377
76 410
76 415
76 418
76 428
76 429
76 435
76 453
76 456
77 22
77 63
77 92
77 137
77 146
77 153
77 162
77 176
77 186
77 195
77 201
77 204
77 229
77 232
77 248
77 299
77 352
77 363
77 381
77 409
77 428
77 429
77 455
77 456
77 462
77 481
77 487
78 7
78 8
78 11
78 28
78 59
78 118
78 140
78 147
78 154
78 192
78 212
78 225
78 227
78 239
78 272
78 275
78 278
78 288
78 295
78 308
78 325
78 350
78 357
78 397
78 435
78 456
78 467
79 6
79 55
79 95
79 137
79 186
79 203
79 209
79 221
79 245
79 300
79 318
79 319
79 351
79 370
79 423
79 425
79 429
79 445
79 459
79 466
79 471
80 2
80 5
80 19
80 52
80 73
80 84
80 87
80 88
80 89
80 119
80 141
80 144
80 156
80 188
80 194
80 202
80 214
80 260
80 266
80 284
80 288
80 318
80 324
80 325
80 330
80 368
80 378
80 414
80 441
80 450
80 464
80 470
80 473
81 11
81 18
81 59
81 65
81 83
81 95
81 96
81 116
81 141
81 198
81 250
81 253
81 261
81 272
81 280
81 295
81 306
81 307
81 350
81 352
81 357
81 402
81 452
82 10
82 13
82 23
82 52
82 59
82 64
82 94
82 102
82 127
82 140
82 210
82 221
82 232
82 242
82 265
82 279
82 280
82 287
82 289
82 301
82 304
82 336
82 339
82 367
82 372
82 386
82 391
82 427
82 431
82 451
82 466
82 491
83 2
83 28
83 43
83 81
83 90
83 94
83 96
83 100
83 108
83 125
83 134
83 166
83 171
83 176
83 187
83 188
83 202
83 246
83 280
83 286
83 297
83 300
83 326
83 342
83 366
83 367
83 375
83 393
83 459
83 466
83 491
84 3
84 6
84 44
84 55
84 72
84 80
84 86
84 133
84 179
84 186
84 188
84 219
84 250
84 252
84 257
84 281
84 311
84 325
84 377
84 378
84 426
84 430
84 462
84 465
84 470
84 491
84 493
84 495
85 43
85 56
85 71
85 103
85 120
85 126
85 137
85 141
85 186
85 188
85 189
85 264
85 321
85 336
85 368
85 434
86 8
86 11
86 24
86 35
86 59
86 84
86 121
86 137
86 150
86 151
86 176
86 234
86 256
86 266
86 267
86 271
86 326
86 333
86 355
86 362
86 368
86 375
86 385
86 411
86 416
86 447
86 450
86 454
86 456
86 463
86 467
86 475
86 499
87 52
87 80
87 93
87 118
87 140
87 150
87 154
87 157
87 169
87 179
87 185
87 212
87 248
87 250
87 264
87 274
87 297
87 307
87 351
87 363
87 368
87 380
87 388
87 389
87 421
87 425
87 434
87 439
87 461
87 469
87 489
88 15
88 17
88 29
88 38
88 56
88 80
88 115
88 164
88 165
88 170
88 197
88 205
88 228
88 247
88 355
88 366
88 370
88 405
88 490
89 41
89 61
89 80
89 129
89 171
89 175
89 180
89 190
89 225
89 244
89 248
89 251
89 282
89 290
89 362
89 363
89 382
89 461
89 475
89 476
89 481
89 482
89 483
90 9
90 32
90 45
90 49
90 63
90 83
90 166
90 212
90 217
90 231
90 284
90 391
90 393
90 438
90 496
91 25
91 70
91 134
91 151
91 185
91 210
91 241
91 244
91 276
91 286
91 336
91 337
91 387
91 388
91 399
91 402
91 424
91 442
91 445
91 451
91 452
91 460
91 468
91 477
91 492
92 72
92 77
92 114
92 117
92 130
92 137
92 143
92 172
92 188
92 254
92 260
92 267
92 308
92 314
92 347
92 349
92 376
92 396
92 428
92 433
92 444
92 455
92 494
93 10
93 69
93 71
93 73
93 87
93 99
93 100
93 106
93 138
93 172
93 188
93 193
93 285
93 291
93 302
93 314
93 326
93 336
93 344
93 366
93 368
93 423
93 438
93 483
93 489
94 18
94 82
94 83
94 129
94 151
94 165
94 168
94 172
94 201
94 205
94 249
94 251
94 252
94 261
94 270
94 284
94 286
94 287
94 303
94 317
94 325
94 362
94 389
94 403
94 497
95 23
95 32
95 49
95 59
95 79
95 81
95 131
95 137
95 147
95 164
95 220
95 302
95 311
95 324
95 348
95 365
95 384
95 423
95 463
95 481
95 492
96 0
96 18
96 29
96 49
96 56
96 81
96 83
96 121
96 135
96 140
96 147
96 155
96 173
96 180
96 189
96 209
96 211
96 217
96 249
96 267
96 268
96 273
96 279
96 284
96 330
96 336
96 359
96 365
96 405
96 477
96 479
97 8
97 31
97 37
97 43
97 47
97 52
97 121
97 134
97 143
97 158
97 169
97 170
97 200
97 248
97 252
97 261
97 270
97 276
97 285
97 294
97 343
97 348
97 394
97 403
97 467
97 492
98 33
98 51
98 53
98 104
98 119
98 123
98 130
98 151
98 184
98 233
98 261
98 286
98 299
98 307
98 354
98 356
98 366
98 379
98 383
98 403
98 416
98 431
98 455
98 457
98 463
99 1
99 2
99 32
99 60
99 65
99 93
99 102
99 133
99 185
99 187
99 217
99 263
99 271
99 296
99 320
99 328
99 342
99 434
99 435
99 455
99 486
100 69
100 73
100 83
100 93
100 105
100 106
100 135
100 169
100 197
100 204
100 208
100 211
100 225
100 243
100 271
100 278
100 300
100 356
100 373
100 425
100 427
100 454
100 475
100 485
101 36
101 125
101 130
101 131
101 150
101 195
101 219
101 241
101 284
101 330
101 332
101 451
101 459
101 462
101 463
102 6
102 19
102 21
102 32
102 69
102 82
102 99
102 106
102 111
102 135
102 141
102 142
102 143
102 144
102 153
102 174
102 185
102 195
102 225
102 230
102 243
102 255
102 256
102 270
102 271
102 286
102 287
102 288
102 318
102 329
102 331
102 350
102 352
102 354
102 362
102 451
102 455
102 473
103 37
103 51
103 85
103 122
103 187
103 235
103 237
103 309
103 326
103 330
103 348
103 352
103 353
103 378
103 397
103 430
103 452
104 41
104 54
104 73
104 98
104 140
104 159
104 162
104 174
104 222
104 243
104 305
104 345
104 366
104 368
104 398
104 399
104 446
104 451
104 489
105 28
105 29
105 32
105 72
105 100
105 135
105 173
105 188
105 189
105 219
105 221
105 224
105 227
105 228
105 235
105 247
105 252
105 265
105 273
105 280
105 311
105 416
105 433
105 438
105 446
105 448
105 457
106 5
106 60
106 74
106 93
106 100
106 102
106 155
106 156
106 160
106 174
106 181
106 189
106 192
106 215
106 227
106 231
106 245
106 275
106 276
106 282
106 294
106 335
106 355
106 381
106 385
106 396
106 408
106 409
106 414
106 427
106 443
106 448
106 465
106 490
107 42
107 114
107 115
107 116
107 147
107 152
107 173
107 189
107 210
107 249
107 265
107 281
107 284
107 288
107 289
107 295
107 306
107 330
107 370
107 373
107 379
107 397
107 399
107 405
107 435
107 459
107 484
107 486
108 6
108 25
108 31
108 76
108 83
108 168
108 192
108 196
108 203
108 213
108 217
108 222
108 282
108 283
108 337
108 374
108 417
108 466
108 470
108 481
108 487
108 488
109 32
109 61
109 65
109 121
109 130
109 138
109 171
109 204
109 244
109 270
109 291
109 292
109 334
109 462
109 479
109 498
110 30
110 35
110 116
110 138
110 146
110 154
110 159
110 175
110 179
110 196
110 198
110 237
110 272
110 287
110 311
110 419
110 438
110 476
111 16
111 18
111 19
111 34
111 102
111 130
111 163
111 164
111 198
111 207
111 229
111 245
111 285
111 301
111 305
111 316
111 342
111 344
111 352
111 387
111 416
111 433
111 439
111 441
111 453
111 476
111 490
112 16
112 24
112 52
112 59
112 65
112 139
112 175
112 178
112 207
112 209
112 217
112 219
112 222
112 233
112 258
112 260
112 263
112 321
112 327
112 329
112 346
112 360
112 427
112 450
112 485
113 12
113 31
113 39
113 129
113 136
113 152
113 198
113 200
113 228
113 244
113 245
113 252
113 307
113 330
113 342
113 380
113 410
113 445
114 2
114 9
114 15
114 25
114 26
114 32
114 43
114 44
114 53
114 55
114 60
114 62
114 70
114 76
114 92
114 107
114 117
114 128
114 168
114 201
114 209
114 223
114 261
114 264
114 279
114 289
114 293
114 324
114 325
114 345
114 378
114 380
114 432
114 433
114 449
114 457
114 459
114 497
115 16
115 30
115 31
115 43
115 70
115 75
115 88
115 107
115 135
115 140
115 142
115 145
115 148
115 190
115 194
115 211
115 220
115 225
115 231
115 256
115 344
115 375
115 382
115 385
115 405
115 421
115 423
115 425
115 438
115 447
115 460
115 487
115 491
116 5
116 23
116 30
116 33
116 64
116 75
116 81
116 107
116 110
116 149
116 158
116 162
116 193
116 200
116 201
116 203
116 243
116 249
116 265
116 307
116 316
116 331
116 420
116 435
116 481
117 4
117 18
117 27
117 28
117 36
117 52
117 53
117 63
117 92
117 114
117 139
117 149
117 160
117 171
117 185
117 207
117 209
117 254
117 283
117 313
117 343
117 352
117 362
117 377
117 382
117 395
117 398
117 426
117 434
117 445
117 453
117 472
118 15
118 17
118 36
118 53
118 67
118 69
118 78
118 87
118 134
118 145
118 156
118 179
118 283
118 294
118 310
118 320
118 321
118 340
118 354
118 397
118 402
118 412
118 451
119 42
119 71
119 73
119 76
119 80
119 98
119 158
119 198
119 204
119 205
119 220
119 245
119 253
119 254
119 264
119 288
119 294
119 305
119 312
119 327
119 372
119 413
119 417
119 420
119 440
119 465
119 474
120 9
120 24
120 85
120 127
120 132
120 185
120 192
120 197
120 204
120 208
120 211
120 217
120 219
120 245
120 254
120 292
120 310
120 333
120 345
120 374
120 382
120 396
120 400
120 446
120 485
120 488
120 495
120 498
121 6
121 76
121 86
121 96
121 97
121 109
121 136
121 159
121 165
121 230
121 242
121 265
121 277
121 281
121 346
121 360
121 368
121 416
121 422
121 431
121 440
121 496
122 4
122 43
122 51
122 62
122 103
122 133
122 150
122 159
122 186
122 221
122 240
122 286
122 307
122 379
122 380
122 386
122 394
122 435
122 450
122 454
122 496
122 499
123 11
123 67
123 98
123 194
123 196
123 235
123 246
123 263
123 283
123 309
123 341
123 347
123 363
123 383
123 481
124 23
124 45
124 58
124 139
124 178
124 179
124 235
124 251
124 280
124 326
124 342
124 363
124 373
124 377
124 396
124 488
124 495
125 40
125 46
125 53
125 83
125 101
125 158
125 169
125 192
125 220
125 222
125 232
125 264
125 265
125 270
125 289
125 303
125 326
125 387
125 407
125 411
125 418
126 0
126 22
126 28
126 29
126 40
126 49
126 59
126 68
126 85
126 131
126 140
126 157
126 167
126 168
126 186
126 198
126 206
126 211
126 230
126 232
126 238
126 273
126 332
126 333
126 338
126 351
126 385
126 388
126 403
126 437
126 451
126 478
126 488
127 5
127 14
127 15
127 43
127 68
127 82
127 120
127 142
127 151
127 178
127 194
127 211
127 220
127 232
127 236
127 245
127 255
127 268
127 282
127 288
127 311
127 320
127 325
127 340
127 358
127 362
127 385
127 386
127 397
127 407
127 417
127 434
127 462
127 469
127 498
128 50
128 63
128 76
128 114
128 161
128 164
128 234
128 255
128 280
128 308
128 329
128 346
128 348
128 384
128 416
128 433
128 440
128 441
129 0
129 14
129 89
129 94
129 113
129 165
129 184
129 191
129 198
129 222
129 225
129 260
129 262
129 265
129 272
129 281
129 331
129 362
129 401
129 402
129 427
129 432
129 464
129 471
130 11
130 30
130 49
130 51
130 92
130 98
130 101
130 109
130 111
130 147
130 160
130 174
130 186
130 212
130 277
130 300
130 309
130 312
130 332
130 343
130 369
130 388
130 399
130 446
130 473
130 494
131 58
131 75
131 95
131 101
131 126
131 141
131 143
131 170
131 171
131 196
131 200
131 215
131 217
131 306
131 320
131 344
131 350
131 361
131 384
131 400
131 410
131 463
131 479
132 1
132 17
132 50
132 55
132 60
132 120
132 220
132 272
132 284
132 302
132 316
132 320
132 330
132 333
132 352
132 362
132 367
132 400
132 425
132 431
132 441
132 442
132 450
132 456
132 492
132 494
133 9
133 15
133 68
133 84
133 99
133 122
133 159
133 185
133 214
133 222
133 235
133 286
133 298
133 300
133 309
133 316
133 331
133 353
133 369
133 403
133 410
133 417
133 434
133 439
133 448
133 476
134 1
134 8
134 32
134 49
134 66
134 83
134 91
134 97
134 118
134 164
134 228
134 251
134 258
134 260
134 277
134 278
134 285
134 286
134 303
134 322
134 340
134 353
134 360
134 451
134 464
134 481
135 1
135 8
135 17
135 22
135 26
135 51
135 96
135 100
135 102
135 105
135 115
135 142
135 145
135 155
135 172
135 174
135 176
135 190
135 192
135 198
135 261
135 264
135 314
135 322
135 327
135 356
135 375
135 431
135 454
135 480
135 491
135 495
136 1
136 10
136 30
136 31
136 36
136 46
136 66
136 113
136 121
136 145
136 151
136 160
136 167
136 182
136 200
136 217
136 260
136 290
136 319
136 323
136 352
136 373
136 404
136 432
136 453
136 461
136 476
137 6
137 21
137 32
137 33
137 51
137 63
137 77
137 79
137 85
137 86
137 92
137 95
137 162
137 176
137 182
137 186
137 190
137 202
137 233
137 237
137 241
137 242
137 271
137 284
137 337
137 374
137 381
137 394
137 396
137 400
137 418
137 466
137 476
137 496
138 18
138 44
138 48
138 60
138 62
138 69
138 93
138 109
138 110
138 184
138 189
138 202
138 204
138 236
138 257
138 258
138 330
138 351
138 358
138 368
138 394
138 420
138 467
138 484
139 56
139 58
139 112
139 117
139 124
139 181
139 190
139 191
139 201
139 265
139 276
139 277
139 314
139 358
139 393
139 420
139 445
139 449
139 450
139 456
139 480
140 9
140 10
140 21
140 26
140 31
140 37
140 43
140 48
140 60
140 71
140 78
140 82
140 87
140 96
140 104
140 115
140 126
140 160
140 175
140 216
140 218
140 224
140 236
140 258
140 282
140 297
140 308
140 312
140 331
140 420
140 445
140 456
140 490
140 496
141 5
141 9
141 17
141 49
141 61
141 80
141 81
141 85
141 102
141 131
141 171
141 177
141 182
141 183
141 194
141 220
141 260
141 267
141 270
141 279
141 284
141 323
141 335
141 363
141 389
141 399
141 419
141 430
141 463
141 470
142 12
142 102
142 115
142 127
142 135
142 149
142 198
142 203
142 213
142 242
142 253
142 265
142 273
142 277
142 284
142 304
142 316
142 335
142 345
142 404
142 442
142 452
142 454
143 6
143 7
143 28
143 43
143 56
143 92
143 97
143 102
143 131
143 147
143 191
143 195
143 211
143 221
143 234
143 235
143 241
143 279
143 286
143 288
143 307
143 323
143 324
143 327
143 341
143 348
143 358
143 375
143 381
143 395
143 415
143 424
143 438
143 445
143 464
143 465
143 499
144 3
144 26
144 46
144 51
144 53
144 61
144 80
144 102
144 148
144 172
144 189
144 191
144 198
144 204
144 207
144 212
144 214
144 227
144 238
144 264
144 280
144 283
144 314
144 332
144 337
144 357
144 400
144 427
144 435
144 442
145 1
145 65
145 115
145 118
145 135
145 136
145 185
145 187
145 202
145 207
145 211
145 212
145 214
145 228
145 245
145 251
145 295
145 307
145 314
145 325
145 333
145 337
145 340
145 375
145 385
145 395
145 472
145 474
145 478
146 21
146 52
146 69
146 77
146 110
146 160
146 188
146 217
146 218
146 226
146 234
146 250
146 256
146 310
146 320
146 345
146 354
146 385
146 398
146 420
146 498
147 52
147 78
147 95
147 96
147 107
147 130
147 143
147 166
147 197
147 209
147 232
147 245
147 267
147 282
147 310
147 330
147 336
147 378
147 385
147 403
147 411
147 428
147 441
147 472
147 490
148 13
148 14
148 54
148 75
148 115
148 144
148 168
148 188
148 195
148 202
148 205
148 222
148 231
148 239
148 243
148 258
148 270
148 282
148 305
148 336
148 339
148 387
148 388
148 392
148 424
148 430
148 442
148 446
148 460
149 14
149 31
149 32
149 46
149 61
149 116
149 117
149 142
149 178
149 255
149 284
149 290
149 299
149 301
149 304
149 310
149 340
149 353
149 386
149 392
149 396
149 435
149 452
149 461
149 484
150 11
150 16
150 86
150 87
150 101
150 122
150 189
150 207
150 211
150 223
150 248
150 249
150 295
150 314
150 328
150 361
150 366
150 376
150 385
150 435
150 469
150 484
151 15
151 24
151 86
151 91
151 94
151 98
151 127
151 136
151 155
151 210
151 237
151 270
151 279
151 291
151 300
151 313
151 366
151 425
151 427
151 495
152 32
152 58
152 75
152 107
152 113
152 155
152 161
152 178
152 251
152 263
152 310
152 350
152 355
152 361
152 390
152 397
152 399
152 430
152 439
152 448
152 492
153 6
153 57
153 69
153 77
153 102
153 162
153 166
153 167
153 183
153 195
153 209
153 218
153 273
153 284
153 317
153 345
153 355
153 452
153 464
153 479
153 484
153 486
153 495
154 36
154 55
154 60
154 78
154 87
154 110
154 167
154 181
154 197
154 203
154 236
154 251
154 260
154 261
154 279
154 298
154 413
154 439
154 458
155 8
155 21
155 32
155 53
155 96
155 106
155 135
155 151
155 152
155 167
155 196
155 214
155 278
155 282
155 290
155 292
155 293
155 329
155 344
155 379
155 404
155 427
155 433
155 440
155 445
155 462
156 20
156 53
156 80
156 106
156 118
156 175
156 183
156 196
156 206
156 209
156 228
156 249
156 260
156 282
156 311
156 319
156 396
156 408
156 418
156 420
156 430
156 460
156 461
156 473
156 496
157 3
157 19
157 34
157 56
157 65
157 87
157 126
157 173
157 182
157 183
157 189
157 228
157 233
157 254
157 257
157 274
157 279
157 297
157 300
157 302
157 329
157 338
157 345
157 388
157 398
157 404
157 411
157 474
157 484
157 485
158 13
158 97
158 116
158 119
158 125
158 175
158 182
158 243
158 346
158 370
158 373
158 392
158 433
158 451
158 462
158 463
158 472
159 9
159 28
159 104
159 110
159 121
159 122
159 133
159 184
159 210
159 220
159 245
159 254
159 261
159 290
159 303
159 304
159 310
159 326
159 349
159 358
159 364
159 399
159 430
159 477
160 31
160 37
160 51
160 53
160 59
160 106
160 117
160 130
160 136
160 140
160 146
160 175
160 177
160 180
160 183
160 198
160 201
160 250
160 261
160 296
160 318
160 350
160 387
160 399
160 404
160 416
160 441
160 442
160 445
160 464
160 488
160 491
160 494
160 495
160 496
161 16
161 31
161 33
161 57
161 128
161 152
161 171
161 182
161 192
161 195
161 235
161 268
161 271
161 296
161 298
161 315
161 334
161 335
161 440
161 445
161 496
162 22
162 40
162 48
162 51
162 64
162 77
162 104
162 116
162 137
162 153
162 202
162 218
162 252
162 277
162 291
162 293
162 330
162 341
162 344
162 352
162 357
162 358
162 366
162 394
162 419
162 456
162 472
162 475
162 479
162 481
162 488
162 498
163 12
163 58
163 111
163 172
163 189
163 192
163 195
163 197
163 263
163 275
163 276
163 282
163 335
163 350
163 371
163 397
163 419
163 426
163 443
163 457
163 476
163 487
163 494
164 16
164 55
164 64
164 70
164 88
164 95
164 111
164 128
164 134
164 195
164 317
164 369
164 378
164 418
164 449
164 483
164 489
165 1
165 18
165 26
165 27
165 28
165 46
165 48
165 61
165 71
165 88
165 94
165 121
165 129
165 185
165 186
165 243
165 254
165 305
165 318
165 381
165 399
165 476
165 490
166 13
166 33
166 44
166 62
166 83
166 90
166 147
166 153
166 172
166 176
166 234
166 258
166 286
166 295
166 318
166 355
166 403
166 441
166 454
166 467
166 476
166 493
167 5
167 7
167 20
167 36
167 65
167 126
167 136
167 153
167 154
167 155
167 178
167 180
167 229
167 231
167 270
167 286
167 310
167 320
167 339
167 340
167 341
167 342
167 372
167 392
167 421
167 425
167 427
167 429
167 495
168 6
168 17
168 55
168 66
168 94
168 108
168 114
168 126
168 148
168 216
168 229
168 258
168 259
168 266
168 317
168 319
168 335
168 357
168 362
168 379
168 390
168 407
168 418
168 448
168 452
168 492
169 5
169 7
169 40
169 87
169 97
169 100
169 125
169 214
169 265
169 314
169 336
169 377
169 378
169 420
169 438
169 455
169 478
169 479
169 485
170 9
170 29
170 41
170 75
170 88
170 97
170 131
170 182
170 231
170 288
170 291
170 302
170 316
170 337
170 346
170 368
170 384
170 410
170 447
170 457
170 482
170 496
170 499
171 54
171 83
171 89
171 109
171 117
171 131
171 141
171 161
171 188
171 200
171 201
171 212
171 228
171 231
171 253
171 270
171 277
171 316
171 320
171 332
171 346
171 371
171 402
171 441
171 456
171 472
171 482
172 30
172 51
172 63
172 92
172 93
172 94
172 135
172 144
172 163
172 166
172 177
172 198
172 216
172 240
172 265
172 277
172 290
172 303
172 320
172 355
172 365
172 408
172 409
172 413
172 444
172 455
172 488
172 490
172 494
173 56
173 64
173 96
173 105
173 107
173 157
173 184
173 192
173 274
173 285
173 287
173 310
173 327
173 329
173 333
173 337
173 353
173 361
173 367
173 405
173 427
173 435
173 460
173 487
174 7
174 9
174 63
174 73
174 102
174 104
174 106
174 130
174 135
174 206
174 237
174 252
174 262
174 268
174 287
174 297
174 300
174 309
174 319
174 379
174 380
174 431
174 481
174 488
175 15
175 36
175 53
175 89
175 110
175 112
175 140
175 156
175 158
175 160
175 189
175 190
175 193
175 224
175 233
175 234
175 235
175 291
175 292
175 326
175 356
175 395
175 403
175 421
175 441
176 14
176 21
176 40
176 56
176 77
176 83
176 86
176 135
176 137
176 166
176 270
176 277
176 324
176 337
176 349
176 382
176 399
176 414
176 418
176 457
176 479
177 28
177 29
177 34
177 67
177 69
177 72
177 141
177 160
177 172
177 181
177 189
177 208
177 227
177 241
177 302
177 329
177 347
177 438
177 476
178 51
178 112
178 124
178 127
178 149
178 152
178 167
178 190
178 217
178 229
178 240
178 255
178 273
178 293
178 301
178 317
178 342
178 349
178 377
178 392
179 8
179 21
179 53
179 84
179 87
179 110
179 118
179 124
179 203
179 225
179 227
179 238
179 245
179 256
179 273
179 329
179 337
179 346
179 356
179 361
179 374
179 386
179 390
179 393
179 419
179 424
179 432
179 440
180 13
180 18
180 89
180 96
180 160
180 167
180 238
180 251
180 266
180 286
180 312
180 318
180 319
180 336
180 413
180 415
180 424
180 432
180 433
180 439
180 440
180 441
180 455
180 460
180 465
180 483
180 497
181 23
181 43
181 46
181 52
181 106
181 139
181 154
181 177
181 184
181 216
181 240
181 244
181 250
181 278
181 300
181 313
181 336
181 337
181 338
181 351
181 364
181 454
181 456
181 478
181 483
182 1
182 15
182 34
182 59
182 60
182 136
182 137
182 141
182 157
182 158
182 161
182 170
182 184
182 200
182 207
182 213
182 259
182 270
182 312
182 345
182 372
182 375
182 379
182 384
182 408
182 433
182 446
182 454
182 463
182 492
183 29
183 42
183 43
183 141
183 153
183 156
183 157
183 160
183 186
183 221
183 228
183 237
183 249
183 251
183 271
183 286
183 307
183 343
183 358
183 374
183 375
183 378
183 380
183 381
183 399
183 428
183 435
183 461
183 472
183 475
183 476
183 483
184 33
184 37
184 71
184 98
184 129
184 138
184 159
184 173
184 181
184 182
184 203
184 233
184 239
184 254
184 257
184 277
184 279
184 304
184 327
184 355
184 425
184 427
184 433
184 474
184 477
184 487
184 498
185 29
185 38
185 41
185 44
185 52
185 62
185 87
185 91
185 99
185 102
185 117
185 120
185 133
185 145
185 165
185 196
185 251
185 298
185 307
185 317
185 345
185 349
185 358
186 39
186 58
186 76
186 77
186 79
186 84
186 85
186 122
186 126
186 130
186 137
186 165
186 183
186 210
186 212
186 293
186 328
186 344
186 351
186 368
186 378
186 384
186 422
186 480
187 1
187 42
187 46
187 71
187 83
187 99
187 103
187 145
187 201
187 204
187 213
187 232
187 260
187 261
187 264
187 290
187 292
187 317
187 326
187 361
187 408
187 410
187 415
187 493
188 0
188 11
188 42
188 52
188 64
188 80
188 83
188 84
188 85
188 92
188 93
188 105
188 146
188 148
188 171
188 204
188 217
188 227
188 232
188 237
188 258
188 270
188 295
188 301
188 347
188 371
188 372
188 375
188 381
188 411
188 423
188 447
188 473
188 490
189 17
189 47
189 85
189 96
189 105
189 106
189 107
189 138
189 144
189 150
189 157
189 163
189 175
189 177
189 193
189 220
189 303
189 380
189 393
189 397
189 406
189 411
189 427
189 468
189 473
190 18
190 69
190 74
190 89
190 115
190 135
190 137
190 139
190 175
190 178
190 206
190 227
190 260
190 272
190 278
190 309
190 427
190 435
190 469
190 472
190 492
190 494
191 26
191 33
191 60
191 76
191 129
191 139
191 143
191 144
191 261
191 296
191 316
191 322
191 327
191 354
191 370
191 459
191 473
191 488
192 31
192 34
192 41
192 75
192 78
192 106
192 108
192 120
192 125
192 135
192 161
192 163
192 173
192 232
192 256
192 262
192 290
192 297
192 306
192 331
192 342
192 346
192 350
192 371
192 372
192 411
192 454
192 459
192 485
193 0
193 2
193 4
193 66
193 93
193 116
193 175
193 189
193 213
193 230
193 254
193 313
193 392
193 399
193 465
194 11
194 15
194 28
194 39
194 61
194 80
194 115
194 123
194 127
194 141
194 202
194 308
194 313
194 322
194 336
194 365
194 378
194 383
194 393
194 395
194 430
194 450
194 472
194 473
194 477
194 478
195 7
195 8
195 20
195 73
195 77
195 101
195 102
195 143
195 148
195 153
195 161
195 163
195 164
195 232
195 234
195 291
195 293
195 317
195 322
195 323
195 325
195 327
195 361
195 377
195 384
195 395
195 398
195 439
195 440
195 456
195 475
195 482
196 2
196 38
196 50
196 108
196 110
196 123
196 131
196 155
196 156
196 185
196 205
196 213
196 226
196 247
196 283
196 321
196 323
196 341
196 357
196 374
196 380
196 419
196 428
196 433
196 455
196 461
196 486
197 5
197 14
197 43
197 88
197 100
197 120
197 147
197 154
197 163
197 233
197 234
197 235
197 240
197 256
197 302
197 304
197 366
197 370
197 371
197 374
197 380
197 403
197 411
197 424
197 437
197 448
197 453
197 476
197 485
197 488
197 489
197 492
197 497
198 31
198 36
198 54
198 68
198 75
198 81
198 110
198 111
198 113
198 119
198 126
198 129
198 135
198 142
198 144
198 160
198 172
198 206
198 276
198 303
198 304
198 349
198 379
198 425
198 499
199 58
199 229
199 238
199 239
199 264
199 280
199 307
199 381
199 383
199 391
199 449
199 454
199 483
199 484
199 490
200 3
200 48
200 53
200 65
200 97
200 113
200 116
200 131
200 136
200 171
200 182
200 237
200 281
200 293
200 325
200 347
200 374
200 379
200 380
200 390
200 400
200 420
200 439
200 445
200 485
200 489
201 51
201 57
201 61
201 68
201 77
201 94
201 114
201 116
201 139
201 160
201 171
201 187
201 227
201 228
201 256
201 266
201 274
201 288
201 303
201 377
201 378
201 395
201 396
201 428
201 461
201 465
201 478
202 3
202 47
202 63
202 80
202 83
202 137
202 138
202 145
202 148
202 162
202 194
202 237
202 246
202 395
202 404
202 428
202 447
202 461
202 474
202 484
203 14
203 44
203 48
203 79
203 108
203 116
203 142
203 154
203 179
203 184
203 217
203 235
203 242
203 246
203 248
203 273
203 297
203 308
203 312
203 343
203 349
203 359
203 370
203 389
203 399
203 415
203 443
203 458
203 482
204 8
204 13
204 21
204 37
204 40
204 46
204 55
204 77
204 100
204 109
204 119
204 120
204 138
204 144
204 187
204 188
204 205
204 207
204 222
204 235
204 291
204 305
204 311
204 338
204 346
204 355
204 357
204 393
204 401
204 424
204 440
204 479
204 480
205 8
205 25
205 64
205 88
205 94
205 119
205 148
205 196
205 204
205 302
205 306
205 334
205 360
205 395
205 403
205 461
205 475
205 493
205 495
206 25
206 27
206 51
206 126
206 156
206 174
206 190
206 198
206 208
206 210
206 228
206 233
206 235
206 261
206 270
206 273
206 312
206 318
206 345
206 372
206 410
206 418
206 429
206 441
206 452
206 478
206 482
206 483
207 25
207 44
207 111
207 112
207 117
207 144
207 145
207 150
207 182
207 204
207 249
207 280
207 290
207 331
207 403
207 408
207 416
207 421
207 426
207 439
207 451
207 458
207 467
207 471
207 475
207 481
207 482
208 1
208 5
208 30
208 46
208 55
208 68
208 70
208 100
208 120
208 177
208 206
208 224
208 255
208 267
208 316
208 322
208 324
208 369
208 371
208 382
208 457
208 481
208 498
209 2
209 11
209 42
209 79
209 96
209 112
209 114
209 117
209 147
209 153
209 156
209 225
209 268
209 308
209 315
209 345
209 346
209 401
209 405
209 444
209 455
209 458
209 473
210 15
210 22
210 35
210 40
210 57
210 82
210 91
210 107
210 151
210 159
210 186
210 206
210 255
210 266
210 273
210 286
210 307
210 317
210 339
210 341
210 430
210 458
210 484
211 0
211 2
211 49
211 63
211 66
211 68
211 75
211 96
211 100
211 115
211 120
211 126
211 127
211 143
211 145
211 150
211 240
211 241
211 262
211 318
211 330
211 391
211 474
211 476
211 482
211 483
212 15
212 23
212 78
212 87
212 90
212 130
212 144
212 145
212 171
212 186
212 228
212 236
212 321
212 326
212 373
212 384
212 399
212 431
212 437
212 448
212 457
212 473
212 482
213 5
213 49
213 108
213 142
213 182
213 187
213 193
213 196
213 256
213 290
213 306
213 329
213 387
213 391
213 393
213 423
213 457
213 463
213 491
214 5
214 10
214 22
214 27
214 32
214 67
214 80
214 133
214 144
214 145
214 155
214 169
214 226
214 252
214 260
214 271
214 273
214 307
214 322
214 356
214 372
214 377
214 405
214 417
214 434
214 436
214 442
214 483
214 488
214 495
215 5
215 11
215 12
215 40
215 42
215 53
215 75
215 106
215 131
215 228
215 245
215 254
215 267
215 278
215 296
215 313
215 338
215 373
215 389
215 401
215 488
216 140
216 168
216 172
216 181
216 243
216 259
216 275
216 319
216 365
216 448
216 465
217 2
217 30
217 45
217 55
217 90
217 96
217 99
217 108
217 112
217 120
217 131
217 136
217 146
217 178
217 188
217 203
217 260
217 305
217 308
217 311
217 314
217 345
217 372
217 390
217 400
217 411
217 416
217 420
217 421
217 466
218 35
218 39
218 40
218 53
218 65
218 140
218 146
218 153
218 162
218 227
218 261
218 268
218 272
218 281
218 293
218 331
218 379
218 450
218 456
218 468
219 6
219 28
219 33
219 84
219 101
219 105
219 112
219 120
219 246
219 247
219 284
219 291
219 314
219 323
219 361
219 389
219 390
219 451
219 461
219 468
219 478
220 31
220 38
220 48
220 60
220 74
220 95
220 115
220 119
220 125
220 127
220 132
220 141
220 159
220 189
220 238
220 264
220 268
220 289
220 291
220 298
220 358
220 360
220 388
220 394
220 398
220 434
220 456
220 478
220 483
221 20
221 48
221 79
221 82
221 105
221 122
221 143
221 183
221 223
221 236
221 238
221 247
221 261
221 277
221 292
221 293
221 299
221 335
221 376
221 412
221 421
221 443
221 454
221 461
221 477
221 484
222 4
222 18
222 48
222 53
222 54
222 62
222 104
222 108
222 112
222 125
222 129
222 133
222 148
222 204
222 340
222 354
222 390
222 410
222 430
222 465
222 480
223 18
223 43
223 75
223 114
223 150
223 221
223 284
223 286
223 289
223 301
223 353
223 358
223 407
223 417
223 435
223 462
223 489
223 499
224 17
224 36
224 38
224 47
224 105
224 140
224 175
224 208
224 227
224 238
224 264
224 280
224 282
224 287
224 323
224 332
224 346
224 402
224 404
224 443
224 469
224 474
224 489
224 492
225 6
225 25
225 27
225 44
225 69
225 78
225 89
225 100
225 102
225 115
225 129
225 179
225 209
225 232
225 236
225 249
225 251
225 271
225 297
225 323
225 392
225 398
225 436
225 443
225 457
225 469
225 478
225 480
226 5
226 10
226 14
226 32
226 54
226 57
226 146
226 196
226 214
226 229
226 279
226 285
226 291
226 299
226 319
226 375
226 412
226 448
226 454
226 499
227 13
227 34
227 35
227 46
227 62
227 72
227 78
227 105
227 106
227 144
227 177
227 179
227 188
227 190
227 201
227 218
227 224
227 247
227 266
227 288
227 301
227 313
227 320
227 324
227 325
227 348
227 375
227 380
227 392
227 447
227 451
227 476
227 483
227 497
228 1
228 16
228 29
228 33
228 47
228 51
228 60
228 65
228 88
228 105
228 113
228 134
228 145
228 156
228 157
228 171
228 183
228 201
228 206
228 212
228 215
228 266
228 343
228 355
228 404
228 437
228 484
228 493
228 497
229 13
229 21
229 42
229 45
229 54
229 67
229 77
229 111
229 167
229 168
229 178
229 199
229 226
229 296
229 338
229 359
229 425
229 435
229 452
229 477
230 5
230 7
230 63
230 102
230 121
230 126
230 193
230 231
230 234
230 249
230 257
230 267
230 282
230 298
230 307
230 310
230 340
230 378
230 379
230 400
230 431
230 439
230 464
231 6
231 40
231 66
231 90
231 106
231 115
231 148
231 167
231 170
231 171
231 230
231 234
231 262
231 263
231 264
231 294
231 300
231 314
231 349
231 361
231 372
231 396
231 397
231 446
231 453
231 454
231 470
231 472
231 488
232 1
232 29
232 77
232 82
232 125
232 126
232 127
232 147
232 187
232 188
232 192
232 195
232 225
232 233
232 272
232 297
232 303
232 381
232 382
232 403
232 411
232 422
232 435
232 470
232 483
232 496
233 10
233 24
233 38
233 56
233 98
233 112
233 137
233 157
233 175
233 184
233 197
233 206
233 232
233 253
233 259
233 304
233 314
233 316
233 323
233 329
233 399
233 411
233 464
233 472
233 488
233 496
234 48
234 67
234 86
234 128
234 143
234 146
234 166
234 175
234 195
234 197
234 230
234 231
234 248
234 311
234 314
234 326
234 334
234 366
234 372
234 402
234 418
234 433
234 472
235 5
235 8
235 20
235 68
235 103
235 105
235 123
235 124
235 133
235 143
235 161
235 175
235 197
235 203
235 204
235 206
235 262
235 320
235 325
235 385
235 389
235 418
235 487
235 494
236 20
236 58
236 127
236 138
236 140
236 154
236 212
236 221
236 225
236 262
236 296
236 395
236 428
236 435
236 437
236 476
237 1
237 3
237 49
237 54
237 76
237 103
237 110
237 137
237 151
237 174
237 183
237 188
237 200
237 202
237 241
237 244
237 298
237 333
237 353
237 364
237 372
237 377
237 404
237 415
237 421
238 11
238 43
238 51
238 69
238 70
238 126
238 144
238 179
238 180
238 199
238 220
238 221
238 224
238 253
238 282
238 305
238 307
238 340
238 372
238 376
238 385
238 394
238 431
238 461
238 463
238 465
238 469
238 487
238 496
239 11
239 33
239 40
239 73
239 75
239 78
239 148
239 184
239 199
239 246
239 286
239 292
239 320
239 333
239 351
239 447
240 23
240 31
240 47
240 122
240 172
240 178
240 181
240 197
240 211
240 272
240 293
240 324
240 334
240 336
240 351
240 382
240 393
240 453
240 455
240 456
240 484
241 8
241 10
241 15
241 52
241 61
241 91
241 101
241 137
241 143
241 177
241 211
241 237
241 250
241 254
241 302
241 323
241 356
241 363
241 477
242 44
242 45
242 52
242 66
242 70
242 82
242 121
242 137
242 142
242 203
242 251
242 269
242 274
242 289
242 290
242 298
242 368
242 389
242 392
242 402
242 404
242 424
242 440
242 449
242 471
242 474
243 7
243 21
243 30
243 39
243 72
243 100
243 102
243 104
243 116
243 148
243 158
243 165
243 216
243 298
243 305
243 319
243 330
243 429
243 466
243 496
244 26
244 41
244 42
244 46
244 49
244 63
244 89
244 91
244 109
244 113
244 181
244 237
244 293
244 298
244 303
244 333
244 374
244 377
244 390
244 392
244 395
244 439
244 446
244 452
244 467
244 474
244 483
244 484
245 10
245 58
245 69
245 79
245 106
245 111
245 113
245 119
245 120
245 127
245 145
245 147
245 159
245 179
245 215
245 271
245 289
245 301
245 311
245 355
245 383
245 395
245 404
245 417
245 453
245 472
245 477
245 478
246 18
246 83
246 123
246 202
246 203
246 219
246 239
246 250
246 325
246 327
246 349
246 367
246 372
246 404
246 418
246 449
246 491
247 0
247 14
247 38
247 88
247 105
247 196
247 219
247 221
247 227
247 292
247 327
247 338
247 367
247 377
247 383
247 434
247 455
247 458
247 465
247 486
247 497
248 27
248 44
248 47
248 77
248 87
248 89
248 97
248 150
248 203
248 234
248 256
248 276
248 293
248 339
248 377
248 386
248 394
248 431
248 497
249 10
249 16
249 20
249 53
249 61
249 94
249 96
249 107
249 116
249 150
249 156
249 183
249 207
249 225
249 230
249 256
249 272
249 274
249 291
249 296
249 316
249 333
249 347
249 366
249 407
249 446
249 456
249 466
250 15
250 29
250 40
250 62
250 81
250 84
250 87
250 146
250 160
250 181
250 241
250 246
250 262
250 264
250 277
250 406
250 414
250 461
250 464
250 472
250 496
251 2
251 17
251 21
251 24
251 28
251 54
251 89
251 94
251 124
251 134
251 145
251 152
251 154
251 180
251 183
251 185
251 225
251 242
251 289
251 299
251 346
251 361
251 373
251 400
251 439
251 475
251 481
251 489
251 494
252 3
252 57
252 84
252 94
252 97
252 105
252 113
252 162
252 174
252 214
252 258
252 260
252 280
252 339
252 410
252 411
252 431
252 432
252 465
252 489
253 0
253 35
253 37
253 49
253 81
253 119
253 142
253 171
253 233
253 238
253 266
253 341
253 418
253 485
254 2
254 10
254 14
254 22
254 42
254 53
254 62
254 92
254 117
254 119
254 120
254 157
254 159
254 165
254 184
254 193
254 215
254 241
254 269
254 291
254 304
254 322
254 330
254 336
254 341
254 360
254 389
254 390
254 411
254 412
254 413
254 424
254 449
254 498
254 499
255 10
255 11
255 31
255 69
255 102
255 127
255 128
255 149
255 178
255 208
255 210
255 308
255 313
255 351
255 356
255 391
255 435
255 436
255 481
256 19
256 28
256 45
256 56
256 86
256 102
256 115
256 146
256 179
256 192
256 197
256 201
256 213
256 248
256 249
256 261
256 325
256 332
256 351
256 355
256 367
256 379
256 422
256 425
256 428
256 437
256 452
257 17
257 84
257 138
257 157
257 184
257 230
257 263
257 268
257 269
257 274
257 275
257 276
257 317
257 320
257 396
257 398
257 409
257 411
257 442
257 443
258 75
258 112
258 134
258 138
258 140
258 148
258 166
258 168
258 188
258 252
258 267
258 273
258 312
258 321
258 327
258 336
258 357
258 454
258 457
258 488
258 498
258 499
259 1
259 22
259 40
259 46
259 54
259 70
259 168
259 182
259 216
259 233
259 261
259 264
259 286
259 291
259 344
259 440
259 443
259 463
260 16
260 18
260 31
260 32
260 76
260 80
260 92
260 112
260 129
260 134
260 136
260 141
260 154
260 156
260 187
260 190
260 214
260 217
260 252
260 288
260 304
260 311
260 339
260 341
260 345
260 396
260 397
260 416
260 437
260 455
260 456
260 466
260 495
261 34
261 35
261 57
261 67
261 68
261 73
261 81
261 94
261 97
261 98
261 114
261 135
261 154
261 159
261 160
261 187
261 191
261 206
261 218
261 221
261 256
261 259
261 263
261 276
261 290
261 316
261 362
261 363
261 367
261 368
261 389
262 4
262 44
262 46
262 53
262 64
262 129
262 174
262 192
262 211
262 231
262 235
262 236
262 250
262 266
262 270
262 274
262 309
262 333
262 344
262 360
262 385
262 401
262 416
262 419
262 433
262 460
262 496
263 30
263 61
263 99
263 112
263 123
263 152
263 163
263 231
263 257
263 261
263 271
263 276
263 287
263 303
263 304
263 342
263 347
263 367
263 369
263 378
263 392
263 399
263 406
263 414
263 423
263 440
263 489
264 3
264 5
264 48
264 49
264 85
264 87
264 114
264 119
264 125
264 135
264 144
264 187
264 199
264 220
264 224
264 231
264 250
264 259
264 322
264 362
264 439
264 449
264 460
264 461
264 462
264 472
264 475
264 487
264 488
264 494
265 6
265 31
265 62
265 82
265 105
265 107
265 116
265 121
265 125
265 129
265 139
265 142
265 169
265 172
265 304
265 335
265 354
265 361
265 371
265 439
265 449
265 451
265 454
265 459
265 472
266 21
266 80
266 86
266 168
266 180
266 201
266 210
266 227
266 228
266 253
266 262
266 279
266 304
266 329
266 340
266 346
266 349
266 358
266 383
266 387
266 388
266 391
266 413
266 432
266 442
266 461
266 485
267 3
267 12
267 41
267 74
267 86
267 92
267 96
267 141
267 147
267 208
267 215
267 230
267 258
267 271
267 296
267 315
267 316
267 330
267 356
267 378
267 396
267 415
267 446
267 484
267 499
268 10
268 45
268 52
268 66
268 96
268 127
268 161
268 174
268 209
268 218
268 220
268 257
268 274
268 309
268 349
268 369
268 422
268 436
268 460
268 482
268 493
269 15
269 25
269 41
269 55
269 57
269 58
269 74
269 76
269 242
269 254
269 257
269 302
269 312
269 328
269 342
269 346
269 381
269 382
269 416
269 452
269 465
270 35
270 55
270 94
270 97
270 102
270 109
270 125
270 141
270 148
270 151
270 167
270 171
270 176
270 182
270 188
270 206
270 262
270 272
270 287
270 290
270 337
270 372
270 397
270 410
270 420
270 462
270 475
270 486
270 492
271 12
271 13
271 43
271 52
271 73
271 74
271 86
271 99
271 100
271 102
271 137
271 161
271 183
271 214
271 225
271 245
271 263
271 267
271 279
271 299
271 356
271 367
271 400
271 404
271 409
271 439
271 443
271 485
272 70
272 76
272 78
272 81
272 110
272 129
272 132
272 190
272 218
272 232
272 240
272 249
272 270
272 273
272 285
272 310
272 330
272 358
272 371
272 420
272 434
272 438
272 475
273 22
273 27
273 54
273 73
273 96
273 105
273 126
273 142
273 153
273 178
273 179
273 203
273 206
273 210
273 214
273 258
273 272
273 283
273 301
273 331
273 346
273 356
273 393
273 394
273 419
273 443
274 37
274 63
274 87
274 157
274 173
274 201
274 242
274 249
274 257
274 262
274 268
274 289
274 298
274 322
274 335
274 375
274 400
274 407
274 412
274 418
274 458
275 29
275 30
275 78
275 106
275 163
275 216
275 257
275 285
275 304
275 323
275 364
275 371
275 375
275 395
275 432
275 448
275 458
276 12
276 17
276 51
276 54
276 58
276 91
276 97
276 106
276 139
276 163
276 198
276 248
276 257
276 261
276 263
276 325
276 365
276 382
276 391
276 435
276 440
276 468
276 472
276 499
277 37
277 43
277 56
277 66
277 121
277 130
277 134
277 139
277 142
277 162
277 171
277 172
277 176
277 184
277 221
277 250
277 283
277 294
277 336
277 344
277 408
277 419
277 428
277 450
277 458
277 460
277 462
278 23
278 25
278 69
278 73
278 78
278 100
278 134
278 155
278 181
278 190
278 215
278 318
278 333
278 359
278 369
278 379
278 382
278 389
278 393
278 407
278 439
278 484
278 489
279 3
279 22
279 42
279 66
279 70
279 82
279 96
279 114
279 141
279 143
279 151
279 154
279 157
279 184
279 226
279 266
279 271
279 282
279 283
279 291
279 294
279 304
279 337
279 339
279 440
279 478
279 488
280 29
280 81
280 82
280 83
280 105
280 124
280 128
280 144
280 199
280 207
280 224
280 252
280 337
280 417
280 428
280 477
280 484
280 492
281 68
281 84
281 107
281 121
281 129
281 200
281 218
281 287
281 289
281 301
281 323
281 332
281 374
281 382
281 388
281 399
281 463
281 481
281 489
282 56
282 62
282 89
282 106
282 108
282 127
282 140
282 147
282 148
282 155
282 156
282 163
282 224
282 230
282 238
282 279
282 287
282 296
282 301
282 313
282 343
282 394
282 409
282 470
282 471
282 478
282 480
283 8
283 35
283 36
283 108
283 117
283 118
283 123
283 144
283 196
283 273
283 277
283 279
283 290
283 297
283 322
283 340
283 352
283 354
283 377
283 381
283 395
283 404
283 413
283 419
283 457
284 7
284 25
284 80
284 90
284 94
284 96
284 101
284 107
284 132
284 137
284 141
284 142
284 149
284 153
284 219
284 223
284 285
284 291
284 304
284 319
284 331
284 335
284 346
284 351
284 352
284 385
284 435
284 460
284 498
284 499
285 1
285 47
285 50
285 51
285 52
285 93
285 97
285 111
285 134
285 173
285 226
285 272
285 275
285 284
285 302
285 315
285 360
285 418
285 438
285 457
285 459
285 477
286 83
286 91
286 94
286 98
286 102
286 122
286 133
286 134
286 143
286 166
286 167
286 180
286 183
286 210
286 223
286 239
286 259
286 293
286 294
286 302
286 303
286 306
286 328
286 373
286 378
286 397
286 420
286 448
286 463
286 493
287 22
287 31
287 48
287 75
287 82
287 94
287 102
287 110
287 173
287 174
287 224
287 263
287 270
287 281
287 282
287 288
287 305
287 311
287 370
287 377
287 388
287 406
287 413
287 414
287 421
287 423
287 434
287 470
287 483
287 490
288 21
288 26
288 57
288 78
288 80
288 102
288 107
288 119
288 127
288 143
288 170
288 201
288 227
288 260
288 287
288 309
288 334
288 344
288 355
288 362
288 367
288 380
288 383
288 425
289 10
289 39
289 68
289 82
289 107
289 114
289 125
289 220
289 223
289 242
289 245
289 251
289 274
289 281
289 294
289 346
289 356
289 357
289 382
289 386
289 448
289 469
289 477
289 484
289 485
290 2
290 22
290 38
290 42
290 57
290 89
290 136
290 149
290 155
290 159
290 172
290 187
290 192
290 207
290 213
290 242
290 261
290 270
290 283
290 302
290 308
290 325
290 374
290 386
290 392
291 0
291 9
291 22
291 32
291 37
291 40
291 44
291 93
291 109
291 151
291 162
291 170
291 175
291 195
291 204
291 219
291 220
291 226
291 249
291 254
291 259
291 279
291 284
291 306
291 314
291 328
291 339
291 344
291 372
291 409
291 437
291 438
291 495
291 496
291 498
292 65
292 67
292 109
292 120
292 155
292 175
292 187
292 221
292 239
292 247
292 299
292 355
292 368
292 393
292 431
292 436
292 470
293 4
293 11
293 21
293 39
293 52
293 69
293 75
293 114
293 155
293 162
293 178
293 186
293 195
293 200
293 218
293 221
293 240
293 244
293 248
293 286
293 323
293 326
293 330
293 340
293 360
293 366
293 377
293 387
293 402
293 419
293 435
293 464
293 468
293 474
293 479
294 19
294 58
294 97
294 106
294 118
294 119
294 231
294 277
294 279
294 286
294 289
294 307
294 317
294 326
294 327
294 338
294 353
294 356
294 365
294 368
294 369
294 391
294 393
294 405
294 417
294 423
294 445
294 494
294 495
294 496
295 0
295 2
295 3
295 22
295 31
295 71
295 78
295 81
295 107
295 145
295 150
295 166
295 188
295 306
295 307
295 326
295 331
295 406
295 452
295 461
295 483
295 484
295 487
296 27
296 47
296 99
296 160
296 161
296 191
296 215
296 229
296 236
296 249
296 267
296 282
296 297
296 324
296 329
296 375
296 380
296 381
296 384
296 446
296 466
297 9
297 10
297 83
297 87
297 140
297 157
297 174
297 192
297 203
297 225
297 232
297 283
297 296
297 302
297 308
297 321
297 324
297 345
297 363
297 376
297 388
297 398
297 419
297 447
297 464
297 478
297 481
297 484
298 8
298 22
298 28
298 31
298 44
298 61
298 133
298 154
298 161
298 185
298 220
298 230
298 237
298 242
298 243
298 244
298 274
298 318
298 329
298 332
298 348
298 403
298 446
298 447
298 497
299 6
299 40
299 77
299 98
299 149
299 221
299 226
299 251
299 271
299 292
299 333
299 366
299 385
299 387
299 388
299 424
299 425
299 427
299 443
299 449
299 457
299 463
299 480
300 54
300 71
300 79
300 83
300 100
300 130
300 133
300 151
300 157
300 174
300 181
300 231
300 320
300 326
300 328
300 332
300 334
300 349
300 354
300 393
300 394
300 396
300 403
300 411
300 417
300 420
300 462
300 487
300 492
301 6
301 52
301 82
301 111
301 149
301 178
301 188
301 223
301 227
301 245
301 273
301 281
301 282
301 328
301 353
301 436
301 439
301 447
301 484
301 491
301 498
302 0
302 53
302 93
302 95
302 132
302 157
302 170
302 177
302 197
302 205
302 241
302 269
302 285
302 286
302 290
302 297
302 305
302 321
302 353
302 384
302 409
302 420
302 440
302 448
302 460
303 39
303 41
303 58
303 67
303 94
303 125
303 134
303 159
303 172
303 189
303 198
303 201
303 232
303 244
303 263
303 286
303 329
303 371
303 382
303 392
303 394
303 478
304 0
304 5
304 61
304 82
304 142
304 149
304 159
304 184
304 197
304 198
304 233
304 254
304 260
304 263
304 265
304 266
304 275
304 279
304 284
304 349
304 383
304 384
304 392
304 397
304 410
304 413
304 430
304 445
305 19
305 22
305 24
305 68
305 104
305 111
305 119
305 148
305 165
305 204
305 217
305 238
305 243
305 287
305 302
305 311
305 313
305 339
305 352
305 386
305 417
305 436
305 440
305 458
305 466
305 478
305 496
305 498
306 57
306 81
306 107
306 131
306 192
306 205
306 213
306 286
306 291
306 295
306 330
306 342
306 385
306 410
306 412
306 425
306 428
306 456
306 470
306 471
306 478
306 496
307 35
307 46
307 52
307 58
307 65
307 81
307 87
307 98
307 113
307 116
307 122
307 143
307 145
307 183
307 185
307 199
307 210
307 214
307 230
307 238
307 294
307 295
307 341
307 343
307 359
307 376
307 377
307 407
307 428
307 448
307 459
307 461
307 476
307 485
307 498
308 44
308 67
308 78
308 92
308 128
308 140
308 194
308 203
308 209
308 217
308 255
308 290
308 297
308 310
308 341
308 364
308 409
308 430
308 431
308 442
308 458
308 476
308 484
309 8
309 17
309 40
309 57
309 103
309 123
309 130
309 133
309 174
309 190
309 262
309 268
309 288
309 316
309 365
309 373
309 379
309 401
309 451
309 457
309 462
309 471
309 474
310 53
310 118
310 120
310 146
310 147
310 149
310 152
310 159
310 167
310 173
310 230
310 272
310 308
310 341
310 356
310 363
310 371
310 374
310 377
310 399
310 416
310 425
310 426
310 431
310 432
310 433
310 438
310 464
310 474
310 482
310 484
310 489
310 497
311 16
311 38
311 60
311 68
311 84
311 95
311 105
311 110
311 127
311 156
311 204
311 217
311 234
311 245
311 260
311 287
311 305
311 318
311 329
311 412
311 427
311 441
311 498
312 2
312 60
312 119
312 130
312 140
312 180
312 182
312 203
312 206
312 258
312 269
312 319
312 387
312 400
312 442
312 464
312 477
312 491
313 11
313 31
313 33
313 39
313 117
313 151
313 181
313 193
313 194
313 215
313 227
313 255
313 282
313 305
313 315
313 370
313 372
313 395
313 409
313 412
313 422
313 428
313 456
313 466
313 469
313 485
313 498
314 13
314 21
314 23
314 67
314 92
314 93
314 135
314 139
314 144
314 145
314 150
314 169
314 217
314 219
314 231
314 233
314 234
314 291
314 316
314 340
314 344
314 350
314 412
314 435
314 448
314 449
314 459
315 1
315 20
315 24
315 161
315 209
315 267
315 285
315 313
315 343
315 345
315 402
315 418
315 497
316 3
316 60
316 62
316 111
316 116
316 132
316 133
316 142
316 170
316 171
316 191
316 208
316 233
316 249
316 261
316 267
316 309
316 314
316 317
316 322
316 357
316 418
316 422
316 429
316 441
316 468
316 473
317 5
317 94
317 153
317 164
317 168
317 178
317 185
317 187
317 195
317 210
317 257
317 294
317 316
317 340
317 341
317 345
317 357
317 365
317 390
317 404
317 409
317 416
317 422
317 428
317 439
317 460
317 485
318 1
318 6
318 13
318 15
318 54
318 79
318 80
318 102
318 160
318 165
318 166
318 180
318 206
318 211
318 278
318 298
318 311
318 336
318 355
318 410
318 454
318 476
318 492
319 1
319 25
319 30
319 40
319 53
319 54
319 74
319 79
319 136
319 156
319 168
319 174
319 180
319 216
319 226
319 243
319 284
319 312
319 337
319 341
319 390
319 407
319 408
319 438
319 489
320 11
320 13
320 39
320 41
320 44
320 59
320 99
320 118
320 127
320 131
320 132
320 146
320 167
320 171
320 172
320 227
320 235
320 239
320 257
320 300
320 329
320 364
320 365
320 384
320 400
320 412
320 413
320 416
320 438
320 440
320 452
320 453
320 476
320 497
321 7
321 36
321 45
321 85
321 112
321 118
321 196
321 212
321 258
321 297
321 302
321 328
321 346
321 356
321 394
321 432
321 437
321 474
321 486
321 487
322 4
322 8
322 9
322 30
322 44
322 45
322 134
322 135
322 191
322 194
322 195
322 208
322 214
322 254
322 264
322 274
322 283
322 316
322 343
322 356
322 368
322 373
322 379
322 389
322 391
322 393
322 401
322 430
323 25
323 34
323 51
323 59
323 136
323 141
323 143
323 195
323 196
323 219
323 224
323 225
323 233
323 241
323 275
323 281
323 293
323 342
323 352
323 359
323 413
323 416
323 419
323 451
323 453
323 460
323 462
323 475
324 16
324 29
324 52
324 59
324 61
324 80
324 95
324 114
324 143
324 176
324 208
324 227
324 240
324 296
324 297
324 343
324 347
324 351
324 367
324 373
324 461
324 479
325 6
325 48
325 76
325 78
325 80
325 84
325 94
325 114
325 127
325 145
325 195
325 200
325 227
325 235
325 246
325 256
325 276
325 290
325 343
325 355
325 363
325 377
325 402
325 404
325 439
325 440
325 444
325 456
325 457
325 471
325 497
326 35
326 43
326 45
326 61
326 76
326 83
326 86
326 93
326 103
326 124
326 125
326 159
326 175
326 187
326 212
326 234
326 293
326 294
326 295
326 300
326 330
326 359
326 376
326 377
326 447
326 452
326 454
326 475
326 483
327 1
327 4
327 22
327 46
327 112
327 119
327 135
327 143
327 173
327 184
327 191
327 195
327 246
327 247
327 258
327 294
327 356
327 413
327 417
327 422
327 464
328 8
328 21
328 73
328 99
328 150
328 186
328 269
328 286
328 291
328 300
328 301
328 321
328 333
328 356
328 387
328 408
328 428
328 459
328 470
328 475
329 41
329 64
329 65
329 66
329 102
329 112
329 128
329 155
329 157
329 173
329 177
329 179
329 213
329 233
329 266
329 296
329 298
329 303
329 311
329 320
329 355
329 382
329 411
329 422
329 445
329 458
330 14
330 21
330 23
330 29
330 66
330 76
330 80
330 96
330 101
330 103
330 107
330 113
330 132
330 138
330 147
330 162
330 211
330 243
330 254
330 267
330 272
330 293
330 306
330 326
330 336
330 358
330 369
330 405
330 442
331 4
331 12
331 19
331 48
331 56
331 58
331 65
331 102
331 116
331 129
331 133
331 140
331 192
331 207
331 218
331 273
331 284
331 295
331 335
331 345
331 416
331 428
331 448
331 481
332 15
332 33
332 48
332 69
332 73
332 101
332 126
332 130
332 144
332 171
332 224
332 256
332 281
332 298
332 300
332 343
332 352
332 363
332 368
332 370
332 373
332 383
332 387
332 403
332 407
332 416
332 417
332 419
332 443
332 492
333 7
333 86
333 120
333 126
333 132
333 145
333 173
333 237
333 239
333 244
333 249
333 262
333 278
333 299
333 328
333 345
333 351
333 352
333 357
333 367
333 373
333 389
333 480
333 482
334 3
334 109
334 161
334 205
334 234
334 240
334 288
334 300
334 339
334 341
334 343
334 352
334 357
334 378
334 412
334 437
334 453
334 465
334 467
334 471
334 483
334 489
334 495
335 19
335 30
335 41
335 51
335 106
335 141
335 142
335 161
335 163
335 168
335 221
335 265
335 274
335 284
335 331
335 359
335 360
335 363
335 391
335 399
335 405
335 409
335 424
335 440
335 443
335 444
335 446
335 448
335 469
335 475
336 18
336 22
336 30
336 53
336 58
336 60
336 69
336 82
336 85
336 91
336 93
336 96
336 147
336 148
336 169
336 180
336 181
336 194
336 240
336 254
336 258
336 277
336 318
336 330
336 359
336 362
336 364
336 369
336 391
336 413
336 431
336 468
336 490
337 4
337 28
337 43
337 91
337 108
337 137
337 144
337 145
337 170
337 173
337 176
337 179
337 181
337 270
337 279
337 280
337 319
337 382
337 410
337 452
337 499
338 11
338 17
338 28
338 30
338 63
338 126
338 157
338 181
338 204
338 215
338 229
338 247
338 294
338 357
338 449
339 7
339 11
339 47
339 56
339 65
339 74
339 82
339 148
339 167
339 210
339 248
339 252
339 260
339 279
339 291
339 305
339 334
339 362
339 368
339 371
339 385
339 410
339 414
339 479
340 37
340 45
340 48
340 57
340 118
340 127
340 134
340 145
340 149
340 167
340 222
340 230
340 238
340 266
340 283
340 293
340 314
340 317
340 353
340 362
340 421
340 446
340 491
341 10
341 50
341 62
341 123
341 143
341 162
341 167
341 196
341 210
341 253
341 254
341 260
341 307
341 308
341 310
341 317
341 319
341 334
341 368
341 411
341 425
341 445
341 448
341 461
342 83
342 99
342 111
342 113
342 124
342 167
342 178
342 192
342 263
342 269
342 306
342 323
342 363
342 404
342 424
342 430
342 459
342 469
342 484
342 496
343 1
343 2
343 33
343 39
343 52
343 97
343 117
343 130
343 183
343 203
343 228
343 282
343 307
343 315
343 322
343 324
343 325
343 332
343 334
343 387
343 394
343 405
343 406
343 476
343 479
344 22
344 30
344 41
344 43
344 93
344 111
344 115
344 131
344 155
344 162
344 186
344 259
344 262
344 277
344 288
344 291
344 314
344 354
344 365
344 381
344 384
344 392
344 401
344 429
344 484
345 2
345 104
345 114
345 120
345 142
345 146
345 153
345 157
345 182
345 185
345 206
345 209
345 217
345 260
345 297
345 315
345 317
345 331
345 333
345 346
345 368
345 387
345 429
345 470
346 12
346 13
346 14
346 29
346 31
346 112
346 121
346 128
346 158
346 170
346 171
346 179
346 192
346 204
346 209
346 224
346 251
346 266
346 269
346 273
346 284
346 289
346 321
346 345
346 363
346 397
346 448
346 451
346 478
347 7
347 20
347 42
347 45
347 54
347 65
347 92
347 123
347 177
347 188
347 200
347 249
347 263
347 324
347 360
347 383
347 390
347 410
347 417
347 424
347 463
347 481
348 0
348 17
348 63
348 95
348 97
348 103
348 128
348 143
348 227
348 298
348 381
348 396
348 437
348 461
348 468
348 477
349 8
349 19
349 35
349 36
349 54
349 62
349 72
349 92
349 159
349 176
349 178
349 185
349 198
349 203
349 231
349 246
349 266
349 268
349 300
349 304
349 353
349 366
349 377
349 387
349 391
349 413
349 421
349 426
349 436
349 437
349 451
349 453
349 456
349 461
349 493
350 16
350 47
350 48
350 57
350 61
350 73
350 78
350 81
350 102
350 131
350 152
350 160
350 163
350 192
350 314
350 359
350 370
350 375
350 408
350 432
350 438
350 445
350 448
350 458
350 468
350 479
350 481
350 486
350 488
351 35
351 36
351 61
351 71
351 79
351 87
351 126
351 138
351 181
351 186
351 239
351 240
351 255
351 256
351 284
351 324
351 333
351 357
351 438
351 441
351 456
351 498
352 4
352 21
352 39
352 51
352 58
352 59
352 68
352 77
352 81
352 102
352 103
352 111
352 117
352 132
352 136
352 162
352 283
352 284
352 305
352 323
352 332
352 333
352 334
352 366
352 395
352 402
352 407
352 414
352 445
352 470
353 26
353 28
353 38
353 69
353 71
353 103
353 133
353 134
353 149
353 173
353 223
353 237
353 294
353 301
353 302
353 340
353 349
353 387
353 391
353 406
353 408
353 416
353 423
353 434
353 441
353 460
353 476
354 3
354 26
354 56
354 66
354 68
354 98
354 102
354 118
354 146
354 191
354 222
354 265
354 283
354 300
354 344
354 361
354 363
354 383
354 424
354 437
354 466
355 8
355 16
355 17
355 23
355 73
355 86
355 88
355 106
355 152
355 153
355 166
355 172
355 184
355 204
355 228
355 245
355 256
355 288
355 292
355 318
355 325
355 329
355 362
355 366
355 418
355 445
355 451
355 475
355 491
356 13
356 30
356 61
356 98
356 100
356 135
356 175
356 179
356 214
356 241
356 255
356 267
356 271
356 273
356 289
356 294
356 310
356 321
356 322
356 327
356 328
356 358
356 364
356 382
356 384
356 486
356 487
356 489
356 497
357 16
357 36
357 78
357 81
357 144
357 162
357 168
357 196
357 204
357 258
357 289
357 316
357 317
357 333
357 334
357 338
357 351
357 363
357 364
357 392
357 402
357 418
357 439
358 13
358 51
358 127
358 138
358 139
358 143
358 159
358 162
358 183
358 185
358 220
358 223
358 266
358 272
358 330
358 356
358 360
358 382
358 427
358 435
358 440
358 451
358 465
358 492
359 4
359 13
359 39
359 43
359 47
359 61
359 73
359 96
359 203
359 229
359 278
359 307
359 323
359 326
359 335
359 336
359 350
359 372
359 452
359 486
360 33
360 36
360 48
360 67
360 112
360 121
360 134
360 205
360 220
360 254
360 262
360 285
360 293
360 335
360 347
360 358
360 389
360 400
360 412
360 444
360 455
360 475
360 479
360 481
360 496
360 499
361 6
361 58
361 61
361 62
361 131
361 150
361 152
361 173
361 179
361 187
361 195
361 219
361 231
361 251
361 265
361 354
361 366
361 367
361 388
361 395
361 412
361 416
361 445
361 446
361 448
361 452
361 484
361 486
362 38
362 54
362 67
362 68
362 86
362 89
362 94
362 102
362 117
362 127
362 129
362 132
362 168
362 261
362 264
362 288
362 336
362 339
362 340
362 355
362 363
362 373
362 383
362 391
362 424
362 428
362 444
362 469
362 497
363 10
363 21
363 22
363 55
363 56
363 77
363 87
363 89
363 123
363 124
363 141
363 241
363 261
363 297
363 310
363 325
363 332
363 335
363 342
363 346
363 354
363 357
363 362
363 378
363 399
363 422
363 456
363 491
364 8
364 35
364 51
364 159
364 181
364 237
364 275
364 308
364 320
364 336
364 356
364 357
364 410
364 427
364 441
364 442
364 474
364 488
364 493
365 13
365 47
365 95
365 96
365 172
365 194
365 216
365 276
365 294
365 309
365 317
365 320
365 344
365 428
365 446
365 447
365 456
365 485
366 4
366 23
366 83
366 88
366 93
366 98
366 104
366 150
366 151
366 162
366 197
366 234
366 249
366 293
366 299
366 349
366 352
366 355
366 361
366 370
366 372
366 421
366 460
366 461
366 467
366 481
366 492
366 497
367 82
367 83
367 132
367 173
367 246
367 247
367 256
367 261
367 263
367 271
367 288
367 324
367 333
367 361
367 399
367 436
367 443
367 471
367 480
368 9
368 52
368 80
368 85
368 86
368 87
368 93
368 104
368 121
368 138
368 170
368 186
368 242
368 261
368 292
368 294
368 322
368 332
368 339
368 341
368 345
368 376
368 381
368 409
368 419
368 461
368 475
368 480
368 482
368 494
369 71
369 130
369 133
369 164
369 208
369 263
369 268
369 278
369 294
369 330
369 336
369 393
369 413
369 452
369 473
369 480
369 485
369 491
370 15
370 20
370 26
370 35
370 52
370 68
370 79
370 88
370 107
370 158
370 191
370 197
370 203
370 287
370 313
370 332
370 350
370 366
370 394
370 452
370 453
370 471
370 498
371 7
371 163
371 171
371 188
371 192
371 197
371 208
371 265
371 272
371 275
371 303
371 310
371 339
371 408
371 414
371 431
371 463
371 474
371 480
372 1
372 22
372 36
372 63
372 66
372 67
372 71
372 72
372 76
372 82
372 119
372 167
372 182
372 188
372 192
372 206
372 214
372 217
372 231
372 234
372 237
372 238
372 246
372 270
372 291
372 313
372 359
372 366
372 373
372 396
372 399
372 419
372 443
372 467
372 475
373 42
373 66
373 72
373 100
373 107
373 124
373 136
373 158
373 212
373 215
373 251
373 286
373 309
373 322
373 324
373 332
373 333
373 362
373 372
373 409
373 410
373 437
373 468
373 495
374 1
374 2
374 5
374 40
374 63
374 72
374 74
374 108
374 120
374 137
374 179
374 183
374 196
374 197
374 200
374 244
374 281
374 290
374 310
374 402
374 414
374 431
374 442
374 463
374 469
374 485
375 1
375 11
375 12
375 23
375 32
375 54
375 83
375 86
375 115
375 135
375 143
375 145
375 182
375 183
375 188
375 226
375 227
375 274
375 275
375 296
375 350
375 379
375 404
375 428
375 443
375 444
375 465
375 484
375 498
376 18
376 41
376 44
376 61
376 92
376 150
376 221
376 238
376 297
376 307
376 326
376 368
376 426
376 431
376 434
376 457
376 467
376 478
377 22
377 37
377 76
377 84
377 117
377 124
377 169
377 178
377 195
377 201
377 214
377 237
377 244
377 247
377 248
377 283
377 287
377 293
377 307
377 310
377 325
377 326
377 349
377 393
377 396
377 399
377 438
377 442
377 467
377 472
377 483
378 7
378 44
378 59
378 66
378 80
378 84
378 103
378 114
378 147
378 164
378 169
378 183
378 186
378 194
378 201
378 230
378 263
378 267
378 286
378 334
378 363
378 383
378 413
378 457
378 458
378 478
378 480
379 3
379 11
379 60
379 98
379 107
379 122
379 155
379 168
379 174
379 182
379 198
379 200
379 218
379 230
379 256
379 278
379 309
379 322
379 375
379 382
379 385
379 406
379 413
379 481
379 489
380 56
380 59
380 73
380 87
380 113
380 114
380 122
380 174
380 183
380 189
380 196
380 197
380 200
380 227
380 288
380 296
380 393
380 430
380 442
380 458
380 467
381 7
381 33
381 75
381 77
381 106
381 137
381 143
381 165
381 183
381 188
381 199
381 232
381 269
381 283
381 296
381 344
381 348
381 368
381 396
381 412
381 416
381 442
381 459
381 460
381 474
381 482
381 490
382 6
382 24
382 28
382 51
382 55
382 60
382 89
382 115
382 117
382 120
382 176
382 208
382 232
382 240
382 269
382 276
382 278
382 281
382 289
382 303
382 329
382 337
382 356
382 358
382 379
382 426
382 432
382 450
382 465
382 472
382 487
382 488
383 2
383 29
383 43
383 98
383 123
383 194
383 199
383 245
383 247
383 266
383 288
383 304
383 332
383 347
383 354
383 362
383 378
383 385
383 400
383 435
383 461
384 3
384 22
384 26
384 29
384 30
384 64
384 66
384 95
384 128
384 131
384 170
384 182
384 186
384 195
384 212
384 296
384 302
384 304
384 320
384 344
384 356
384 394
384 429
384 432
384 434
384 468
384 471
384 486
385 5
385 29
385 86
385 106
385 115
385 126
385 127
385 145
385 146
385 147
385 150
385 235
385 238
385 262
385 284
385 299
385 306
385 339
385 379
385 383
385 398
385 401
385 418
385 443
386 49
386 82
386 122
386 127
386 149
386 179
386 248
386 289
386 290
386 305
386 394
386 401
386 422
386 434
386 454
386 465
386 478
386 485
386 498
387 29
387 30
387 61
387 91
387 111
387 125
387 148
387 160
387 213
387 266
387 293
387 299
387 312
387 328
387 332
387 343
387 345
387 349
387 353
387 413
387 418
387 424
387 462
387 463
388 14
388 22
388 23
388 31
388 34
388 51
388 65
388 87
388 91
388 126
388 130
388 148
388 157
388 220
388 266
388 281
388 287
388 297
388 299
388 361
388 390
388 403
388 407
388 424
388 426
388 471
388 493
388 497
389 1
389 7
389 27
389 28
389 39
389 57
389 68
389 72
389 87
389 94
389 141
389 203
389 215
389 219
389 235
389 242
389 254
389 261
389 278
389 322
389 333
389 360
389 440
389 490
390 2
390 13
390 23
390 39
390 44
390 60
390 152
390 168
390 179
390 200
390 217
390 219
390 222
390 244
390 254
390 317
390 319
390 347
390 388
390 395
390 421
390 436
390 444
390 452
390 479
390 491
391 64
391 82
391 90
391 199
391 211
391 213
391 255
391 266
391 276
391 294
391 322
391 335
391 336
391 349
391 353
391 362
391 420
391 443
391 462
391 472
392 5
392 34
392 52
392 62
392 68
392 74
392 148
392 149
392 158
392 167
392 178
392 193
392 225
392 227
392 242
392 244
392 263
392 290
392 303
392 304
392 344
392 357
392 410
392 416
392 428
392 439
392 448
392 484
393 83
393 90
393 139
393 179
393 189
393 194
393 204
393 213
393 240
393 273
393 278
393 292
393 294
393 300
393 322
393 369
393 377
393 380
393 398
393 413
393 415
393 416
393 421
393 424
393 436
393 439
393 447
393 455
393 469
393 489
394 7
394 49
394 59
394 97
394 122
394 137
394 138
394 162
394 220
394 238
394 248
394 273
394 282
394 300
394 303
394 321
394 343
394 370
394 384
394 386
394 397
394 411
394 416
394 451
394 459
394 492
395 4
395 28
395 29
395 49
395 70
395 117
395 143
395 145
395 175
395 194
395 195
395 201
395 202
395 205
395 236
395 244
395 245
395 275
395 283
395 313
395 352
395 361
395 390
395 424
395 454
395 461
396 10
396 32
396 61
396 92
396 106
396 120
396 124
396 137
396 149
396 156
396 201
396 231
396 257
396 260
396 267
396 300
396 348
396 372
396 377
396 381
396 398
396 410
396 417
396 422
396 431
396 457
396 462
396 498
397 24
397 74
397 78
397 103
397 107
397 118
397 127
397 152
397 163
397 189
397 231
397 260
397 270
397 286
397 304
397 346
397 394
397 406
397 418
397 440
397 447
397 466
397 497
398 12
398 18
398 55
398 59
398 104
398 117
398 146
398 157
398 195
398 220
398 225
398 257
398 297
398 385
398 393
398 396
398 458
399 52
399 91
399 104
399 107
399 130
399 141
399 152
399 159
399 160
399 165
399 176
399 183
399 193
399 203
399 212
399 233
399 263
399 281
399 310
399 335
399 363
399 367
399 372
399 377
399 403
399 409
399 420
399 424
399 431
399 440
399 443
400 37
400 40
400 66
400 120
400 131
400 132
400 137
400 144
400 200
400 217
400 230
400 251
400 271
400 274
400 312
400 320
400 360
400 383
400 428
400 496
401 14
401 51
401 129
401 204
401 209
401 215
401 262
401 309
401 322
401 344
401 385
401 386
401 402
401 411
401 449
401 470
401 476
402 7
402 10
402 22
402 24
402 28
402 48
402 81
402 91
402 118
402 129
402 171
402 224
402 234
402 242
402 293
402 315
402 325
402 352
402 357
402 374
402 401
402 410
402 421
402 437
402 444
402 452
402 460
402 465
402 466
402 494
403 5
403 54
403 62
403 94
403 97
403 98
403 126
403 133
403 147
403 166
403 175
403 197
403 205
403 207
403 232
403 298
403 300
403 332
403 388
403 399
403 412
403 415
403 440
403 453
403 475
403 482
403 496
404 2
404 26
404 43
404 55
404 62
404 136
404 142
404 155
404 157
404 160
404 202
404 224
404 228
404 237
404 242
404 245
404 246
404 271
404 283
404 317
404 325
404 342
404 375
404 472
404 474
404 498
405 0
405 4
405 22
405 32
405 37
405 67
405 88
405 96
405 107
405 115
405 173
405 209
405 214
405 294
405 330
405 335
405 343
405 410
405 447
405 449
405 499
406 10
406 54
406 62
406 72
406 189
406 250
406 263
406 287
406 295
406 343
406 353
406 379
406 397
406 419
406 424
406 438
406 444
406 467
406 472
406 498
407 0
407 5
407 23
407 28
407 39
407 59
407 60
407 125
407 127
407 168
407 223
407 249
407 274
407 278
407 307
407 319
407 332
407 352
407 388
407 412
407 423
407 463
407 474
407 484
407 488
407 496
408 61
408 106
408 156
408 172
408 182
408 187
408 207
408 277
408 319
408 328
408 350
408 353
408 371
408 415
408 437
408 454
408 460
408 479
409 2
409 8
409 33
409 57
409 62
409 77
409 106
409 172
409 257
409 271
409 282
409 291
409 302
409 308
409 313
409 317
409 335
409 368
409 373
409 399
409 439
409 463
409 487
409 490
410 1
410 12
410 40
410 71
410 76
410 113
410 131
410 133
410 170
410 187
410 206
410 222
410 252
410 270
410 304
410 306
410 318
410 337
410 339
410 347
410 364
410 373
410 392
410 396
410 402
410 405
410 441
410 499
411 54
411 64
411 74
411 86
411 125
411 147
411 157
411 188
411 189
411 192
411 197
411 217
411 232
411 233
411 252
411 254
411 257
411 300
411 329
411 341
411 394
411 401
411 435
411 459
411 464
411 484
412 12
412 118
412 221
412 226
412 254
412 274
412 306
412 311
412 313
412 314
412 320
412 334
412 360
412 361
412 381
412 403
412 407
412 420
412 424
412 475
412 476
412 483
412 489
413 1
413 5
413 16
413 25
413 48
413 119
413 154
413 172
413 180
413 254
413 266
413 283
413 287
413 304
413 320
413 323
413 327
413 336
413 349
413 369
413 378
413 379
413 387
413 393
413 437
413 441
414 13
414 15
414 80
414 106
414 176
414 250
414 263
414 287
414 339
414 352
414 371
414 374
414 430
414 448
414 456
415 11
415 31
415 40
415 44
415 65
415 76
415 143
415 180
415 187
415 203
415 237
415 267
415 393
415 403
415 408
415 434
415 447
415 471
415 492
416 1
416 14
416 39
416 56
416 86
416 98
416 105
416 111
416 121
416 128
416 160
416 207
416 217
416 260
416 262
416 269
416 310
416 317
416 320
416 323
416 331
416 332
416 353
416 361
416 381
416 392
416 393
416 394
416 451
416 472
416 477
416 493
417 23
417 63
417 73
417 108
417 119
417 127
417 133
417 214
417 223
417 245
417 280
417 294
417 300
417 305
417 327
417 332
417 347
417 396
417 423
417 424
417 431
417 467
417 470
418 10
418 46
418 49
418 66
418 76
418 125
418 137
418 156
418 164
418 168
418 176
418 206
418 234
418 235
418 246
418 253
418 274
418 285
418 315
418 316
418 355
418 357
418 385
418 387
418 397
418 429
418 431
418 446
418 450
418 469
419 58
419 110
419 141
419 162
419 163
419 179
419 196
419 262
419 273
419 277
419 283
419 293
419 297
419 323
419 332
419 368
419 372
419 406
419 434
419 435
419 444
419 466
419 476
419 486
420 2
420 5
420 8
420 23
420 116
420 119
420 138
420 139
420 140
420 146
420 156
420 169
420 200
420 217
420 270
420 272
420 286
420 300
420 302
420 391
420 399
420 412
420 465
420 484
420 496
421 87
421 115
421 167
421 175
421 207
421 217
421 221
421 237
421 287
421 340
421 349
421 366
421 390
421 393
421 402
421 426
421 439
421 446
421 457
421 463
421 485
421 495
421 498
422 17
422 28
422 59
422 73
422 121
422 186
422 232
422 256
422 268
422 313
422 316
422 317
422 327
422 329
422 363
422 386
422 396
422 427
422 446
422 482
423 0
423 19
423 30
423 45
423 46
423 59
423 65
423 79
423 93
423 95
423 115
423 188
423 213
423 263
423 287
423 294
423 353
423 407
423 417
423 424
423 432
423 454
423 464
423 499
424 17
424 38
424 59
424 75
424 91
424 143
424 148
424 179
424 180
424 197
424 204
424 242
424 254
424 299
424 335
424 342
424 347
424 354
424 362
424 387
424 388
424 393
424 395
424 399
424 406
424 412
424 417
424 423
424 437
424 445
424 455
424 465
424 472
425 17
425 19
425 29
425 59
425 61
425 63
425 79
425 87
425 100
425 115
425 132
425 151
425 167
425 184
425 198
425 229
425 256
425 288
425 299
425 306
425 310
425 341
425 457
425 478
426 19
426 52
426 84
426 117
426 163
426 207
426 310
426 349
426 376
426 382
426 388
426 421
426 436
426 444
426 446
426 475
426 481
426 485
426 492
427 12
427 16
427 82
427 100
427 106
427 112
427 129
427 144
427 151
427 155
427 167
427 173
427 184
427 189
427 190
427 299
427 311
427 358
427 364
427 422
427 482
427 486
427 496
428 0
428 13
428 35
428 37
428 38
428 71
428 76
428 77
428 92
428 147
428 183
428 196
428 201
428 202
428 236
428 256
428 277
428 280
428 306
428 307
428 313
428 317
428 328
428 331
428 362
428 365
428 375
428 392
428 400
428 436
428 448
428 471
428 480
428 485
428 491
429 29
429 43
429 75
429 76
429 77
429 79
429 167
429 206
429 243
429 316
429 344
429 345
429 384
429 418
429 443
429 464
429 465
429 468
430 10
430 18
430 51
430 69
430 70
430 84
430 103
430 141
430 148
430 152
430 156
430 159
430 194
430 210
430 222
430 304
430 308
430 322
430 342
430 380
430 414
430 442
430 464
430 475
430 499
431 36
431 46
431 50
431 82
431 98
431 121
431 132
431 135
431 174
431 212
431 230
431 238
431 248
431 252
431 292
431 308
431 310
431 336
431 371
431 374
431 376
431 396
431 399
431 417
431 418
431 439
431 445
431 452
431 477
431 490
432 2
432 30
432 33
432 42
432 53
432 69
432 114
432 129
432 136
432 179
432 180
432 252
432 266
432 275
432 310
432 321
432 350
432 382
432 384
432 423
432 448
432 460
432 498
433 24
433 67
433 92
433 105
433 111
433 114
433 128
433 155
433 158
433 180
433 182
433 184
433 196
433 234
433 262
433 310
433 486
433 494
434 6
434 37
434 57
434 85
434 87
434 99
434 117
434 127
434 133
434 214
434 220
434 247
434 272
434 287
434 353
434 376
434 384
434 386
434 415
434 419
434 450
434 466
434 470
435 9
435 13
435 18
435 41
435 70
435 73
435 76
435 78
435 99
435 107
435 116
435 122
435 144
435 149
435 150
435 173
435 183
435 190
435 223
435 229
435 232
435 236
435 255
435 276
435 284
435 293
435 314
435 358
435 383
435 411
435 419
435 440
436 1
436 16
436 45
436 214
436 225
436 255
436 268
436 292
436 301
436 305
436 349
436 367
436 390
436 393
436 426
436 428
436 437
436 443
436 469
436 498
437 4
437 11
437 21
437 58
437 126
437 197
437 212
437 228
437 236
437 256
437 260
437 291
437 321
437 334
437 348
437 349
437 354
437 373
437 402
437 408
437 413
437 424
437 436
437 445
437 462
437 494
438 3
438 22
438 25
438 27
438 48
438 90
438 93
438 105
438 110
438 115
438 143
438 169
438 177
438 272
438 285
438 291
438 310
438 319
438 320
438 350
438 351
438 377
438 406
438 458
438 459
438 488
439 13
439 22
439 87
439 111
439 133
439 152
439 154
439 180
439 195
439 200
439 207
439 230
439 244
439 251
439 264
439 265
439 271
439 278
439 301
439 317
439 325
439 357
439 392
439 393
439 409
439 421
439 431
439 465
439 471
439 473
439 494
440 8
440 9
440 42
440 119
440 121
440 128
440 155
440 161
440 179
440 180
440 195
440 204
440 242
440 259
440 263
440 276
440 279
440 302
440 305
440 320
440 325
440 335
440 358
440 389
440 397
440 399
440 403
440 435
440 443
440 479
441 27
441 28
441 58
441 80
441 111
441 128
441 132
441 147
441 160
441 166
441 171
441 175
441 180
441 206
441 311
441 316
441 351
441 353
441 364
441 410
441 413
441 446
441 473
442 13
442 91
442 132
442 142
442 144
442 148
442 160
442 214
442 257
442 266
442 308
442 312
442 330
442 364
442 374
442 377
442 380
442 381
442 430
442 448
442 463
443 25
443 51
443 106
443 163
443 203
443 221
443 224
443 225
443 257
443 259
443 271
443 273
443 299
443 332
443 335
443 367
443 372
443 375
443 385
443 391
443 399
443 429
443 436
443 440
443 469
444 18
444 92
444 172
444 209
444 325
444 335
444 360
444 362
444 375
444 390
444 402
444 406
444 419
444 426
444 487
444 499
445 4
445 43
445 53
445 63
445 70
445 71
445 79
445 91
445 113
445 117
445 139
445 140
445 143
445 155
445 160
445 161
445 200
445 294
445 304
445 329
445 341
445 350
445 352
445 355
445 361
445 424
445 431
445 437
445 459
445 478
445 480
445 497
446 13
446 16
446 29
446 44
446 45
446 54
446 55
446 104
446 105
446 120
446 130
446 148
446 182
446 231
446 244
446 249
446 267
446 296
446 298
446 335
446 340
446 361
446 365
446 418
446 421
446 422
446 426
446 441
446 447
446 467
446 478
446 496
447 7
447 24
447 28
447 69
447 86
447 115
447 170
447 188
447 202
447 227
447 239
447 297
447 298
447 301
447 326
447 365
447 393
447 397
447 405
447 415
447 446
447 458
447 485
448 0
448 14
448 46
448 50
448 105
448 106
448 133
448 152
448 168
448 197
448 212
448 216
448 226
448 275
448 286
448 289
448 302
448 307
448 314
448 331
448 335
448 341
448 346
448 350
448 361
448 392
448 414
448 428
448 432
448 442
448 476
448 479
449 23
449 27
449 63
449 114
449 139
449 164
449 199
449 242
449 246
449 254
449 264
449 265
449 299
449 314
449 338
449 401
449 405
449 450
449 461
449 475
449 485
449 494
449 496
450 27
450 38
450 45
450 59
450 66
450 80
450 86
450 112
450 122
450 132
450 139
450 194
450 218
450 277
450 382
450 418
450 434
450 449
450 498
451 50
451 66
451 82
451 91
451 101
451 102
451 104
451 118
451 126
451 134
451 158
451 207
451 219
451 227
451 265
451 309
451 323
451 346
451 349
451 355
451 358
451 394
451 416
451 472
451 478
452 0
452 22
452 81
452 91
452 103
452 142
452 149
452 153
452 168
452 206
452 229
452 244
452 256
452 269
452 295
452 320
452 326
452 337
452 359
452 361
452 369
452 370
452 390
452 402
452 431
452 461
452 465
452 471
452 484
453 62
453 76
453 111
453 117
453 136
453 197
453 231
453 240
453 245
453 320
453 323
453 334
453 349
453 370
453 403
453 465
453 471
453 495
454 6
454 15
454 28
454 29
454 54
454 86
454 100
454 122
454 135
454 142
454 166
454 181
454 182
454 192
454 199
454 221
454 226
454 231
454 258
454 265
454 318
454 326
454 386
454 395
454 408
454 423
454 461
454 490
455 31
455 33
455 64
455 75
455 77
455 92
455 98
455 99
455 102
455 169
455 172
455 180
455 196
455 209
455 240
455 247
455 260
455 360
455 393
455 424
455 461
455 485
455 487
456 10
456 58
456 65
456 76
456 77
456 78
456 86
456 132
456 139
456 140
456 162
456 171
456 181
456 195
456 218
456 220
456 240
456 249
456 260
456 306
456 313
456 325
456 349
456 351
456 363
456 365
456 414
456 459
457 0
457 15
457 98
457 105
457 114
457 163
457 170
457 176
457 208
457 212
457 213
457 225
457 258
457 283
457 285
457 299
457 309
457 325
457 376
457 378
457 396
457 421
457 425
458 0
458 20
458 21
458 29
458 71
458 154
458 203
458 207
458 209
458 210
458 247
458 274
458 275
458 277
458 305
458 308
458 329
458 350
458 378
458 380
458 398
458 438
458 447
458 475
458 478
458 485
458 497
459 11
459 18
459 38
459 57
459 61
459 79
459 83
459 101
459 107
459 114
459 191
459 192
459 265
459 285
459 307
459 314
459 328
459 342
459 381
459 394
459 411
459 438
459 445
459 456
459 483
459 487
460 22
460 57
460 63
460 91
460 115
460 148
460 156
460 173
460 180
460 262
460 264
460 268
460 277
460 284
460 302
460 317
460 323
460 353
460 366
460 381
460 402
460 408
460 432
460 473
461 8
461 18
461 30
461 37
461 52
461 54
461 73
461 87
461 89
461 136
461 149
461 156
461 183
461 196
461 201
461 202
461 205
461 219
461 221
461 238
461 250
461 264
461 266
461 295
461 307
461 324
461 341
461 348
461 349
461 366
461 368
461 383
461 395
461 449
461 452
461 454
461 455
461 463
461 467
461 468
462 36
462 41
462 55
462 74
462 77
462 84
462 101
462 109
462 127
462 155
462 158
462 223
462 264
462 270
462 277
462 300
462 309
462 323
462 387
462 391
462 396
462 437
462 471
462 479
462 493
463 63
463 64
463 86
463 95
463 98
463 101
463 131
463 141
463 158
463 182
463 213
463 238
463 259
463 281
463 286
463 299
463 347
463 371
463 374
463 387
463 407
463 409
463 421
463 442
463 461
463 483
464 14
464 24
464 31
464 64
464 73
464 80
464 129
464 134
464 143
464 153
464 160
464 230
464 233
464 250
464 293
464 297
464 310
464 312
464 327
464 411
464 423
464 429
464 430
464 473
464 483
465 7
465 19
465 32
465 54
465 67
465 84
465 106
465 119
465 143
465 180
465 193
465 201
465 216
465 222
465 238
465 247
465 252
465 269
465 334
465 358
465 375
465 382
465 386
465 402
465 420
465 424
465 429
465 439
465 452
465 453
466 8
466 9
466 15
466 45
466 53
466 79
466 82
466 83
466 108
466 137
466 217
466 243
466 249
466 260
466 296
466 305
466 313
466 354
466 397
466 402
466 419
466 434
467 28
467 60
467 67
467 78
467 86
467 97
467 138
467 166
467 207
467 244
467 334
467 366
467 372
467 376
467 377
467 380
467 406
467 417
467 446
467 461
467 473
468 12
468 39
468 75
468 91
468 189
468 218
468 219
468 276
468 293
468 316
468 336
468 348
468 350
468 373
468 384
468 429
468 461
468 486
469 34
469 87
469 127
469 150
469 190
469 224
469 225
469 238
469 289
469 313
469 335
469 342
469 362
469 374
469 393
469 418
469 436
469 443
469 473
470 12
470 34
470 38
470 40
470 61
470 68
470 80
470 84
470 108
470 141
470 231
470 232
470 282
470 287
470 292
470 306
470 328
470 345
470 352
470 401
470 417
470 434
470 483
471 14
471 21
471 37
471 66
471 75
471 79
471 129
471 207
471 242
471 282
471 306
471 309
471 325
471 334
471 367
471 370
471 384
471 388
471 415
471 428
471 439
471 452
471 453
471 462
471 476
471 484
472 4
472 30
472 32
472 45
472 46
472 117
472 145
472 147
472 158
472 162
472 171
472 183
472 190
472 194
472 231
472 233
472 234
472 245
472 250
472 264
472 265
472 276
472 377
472 382
472 391
472 404
472 406
472 416
472 424
472 451
472 473
473 4
473 28
473 46
473 49
473 53
473 75
473 80
473 102
473 130
473 156
473 188
473 189
473 191
473 194
473 209
473 212
473 316
473 369
473 439
473 441
473 460
473 464
473 467
473 469
473 472
473 492
474 28
474 119
474 145
474 157
474 184
474 202
474 211
474 224
474 242
474 244
474 293
474 309
474 310
474 321
474 364
474 371
474 381
474 404
474 407
474 482
475 3
475 52
475 62
475 63
475 86
475 89
475 100
475 162
475 183
475 195
475 205
475 207
475 251
475 264
475 270
475 272
475 323
475 326
475 328
475 335
475 355
475 360
475 368
475 372
475 403
475 412
475 426
475 430
475 449
475 458
475 481
475 490
476 28
476 39
476 53
476 74
476 89
476 110
476 111
476 133
476 136
476 137
476 163
476 165
476 166
476 177
476 183
476 197
476 211
476 227
476 236
476 307
476 308
476 318
476 320
476 343
476 353
476 401
476 412
476 419
476 448
476 471
476 486
477 2
477 18
477 37
477 44
477 56
477 91
477 96
477 159
477 184
477 194
477 221
477 229
477 241
477 245
477 280
477 285
477 289
477 312
477 348
477 416
477 431
477 496
478 9
478 14
478 34
478 40
478 60
478 66
478 126
478 145
478 169
478 181
478 194
478 201
478 206
478 219
478 220
478 225
478 245
478 279
478 282
478 297
478 303
478 305
478 306
478 346
478 376
478 378
478 386
478 425
478 445
478 446
478 451
478 458
478 481
479 3
479 36
479 54
479 60
479 73
479 96
479 109
479 131
479 153
479 162
479 169
479 176
479 204
479 293
479 324
479 339
479 343
479 350
479 360
479 390
479 408
479 440
479 448
479 462
479 487
479 493
480 1
480 13
480 19
480 37
480 48
480 49
480 51
480 60
480 64
480 67
480 135
480 139
480 186
480 204
480 222
480 225
480 282
480 299
480 333
480 367
480 368
480 369
480 371
480 378
480 428
480 445
480 499
481 8
481 47
481 48
481 53
481 69
481 77
481 89
481 95
481 108
481 116
481 123
481 134
481 162
481 174
481 207
481 208
481 251
481 255
481 281
481 297
481 331
481 347
481 350
481 360
481 366
481 379
481 426
481 475
481 478
482 7
482 8
482 22
482 27
482 47
482 74
482 89
482 170
482 171
482 195
482 203
482 206
482 207
482 211
482 212
482 268
482 310
482 333
482 368
482 381
482 403
482 422
482 427
482 474
482 484
483 2
483 65
483 89
483 93
483 164
483 180
483 181
483 183
483 199
483 206
483 211
483 214
483 220
483 227
483 232
483 244
483 287
483 295
483 326
483 334
483 377
483 412
483 459
483 463
483 464
483 470
483 484
483 495
484 56
484 107
484 138
484 149
484 150
484 153
484 157
484 199
484 202
484 210
484 221
484 228
484 240
484 244
484 267
484 278
484 280
484 289
484 295
484 297
484 301
484 308
484 310
484 342
484 344
484 361
484 375
484 392
484 407
484 411
484 420
484 452
484 471
484 482
484 483
485 1
485 8
485 33
485 100
485 112
485 120
485 157
485 169
485 192
485 197
485 200
485 253
485 266
485 271
485 289
485 307
485 313
485 317
485 365
485 369
485 374
485 386
485 421
485 426
485 428
485 447
485 449
485 455
485 458
486 5
486 48
486 99
486 107
486 153
486 196
486 247
486 270
486 321
486 350
486 356
486 359
486 361
486 384
486 419
486 427
486 433
486 468
486 476
487 7
487 57
487 77
487 108
487 115
487 163
487 173
487 184
487 235
487 238
487 264
487 295
487 300
487 321
487 356
487 382
487 409
487 444
487 455
487 459
487 479
488 9
488 32
488 35
488 45
488 46
488 51
488 56
488 108
488 120
488 124
488 126
488 160
488 162
488 172
488 174
488 191
488 197
488 214
488 215
488 231
488 233
488 258
488 264
488 279
488 350
488 364
488 382
488 407
488 438
488 495
489 1
489 21
489 32
489 48
489 87
489 93
489 104
489 164
489 197
489 200
489 223
489 224
489 251
489 252
489 263
489 278
489 281
489 310
489 319
489 334
489 356
489 379
489 393
489 412
490 42
490 63
490 88
490 106
490 111
490 140
490 147
490 165
490 172
490 188
490 199
490 287
490 336
490 381
490 389
490 409
490 431
490 454
490 475
490 499
491 82
491 83
491 84
491 115
491 135
491 160
491 213
491 246
491 301
491 312
491 340
491 355
491 363
491 369
491 390
491 428
491 498
492 7
492 11
492 15
492 37
492 91
492 95
492 97
492 132
492 152
492 168
492 182
492 190
492 197
492 224
492 270
492 280
492 300
492 318
492 332
492 358
492 366
492 394
492 415
492 426
492 473
492 494
493 13
493 21
493 37
493 40
493 41
493 48
493 49
493 53
493 84
493 166
493 187
493 205
493 228
493 268
493 286
493 349
493 364
493 388
493 416
493 462
493 479
494 13
494 59
494 69
494 92
494 130
494 132
494 160
494 163
494 172
494 190
494 235
494 251
494 264
494 294
494 368
494 402
494 433
494 437
494 439
494 449
494 492
495 19
495 84
495 120
495 124
495 135
495 151
495 153
495 160
495 167
495 205
495 214
495 260
495 291
495 294
495 334
495 373
495 421
495 453
495 483
495 488
495 496
495 499
496 1
496 10
496 50
496 90
496 121
496 122
496 137
496 140
496 156
496 160
496 161
496 170
496 232
496 233
496 238
496 243
496 250
496 262
496 291
496 294
496 305
496 306
496 342
496 360
496 400
496 403
496 407
496 420
496 427
496 446
496 449
496 477
496 495
497 16
497 20
497 49
497 52
497 94
497 114
497 180
497 197
497 227
497 228
497 247
497 248
497 298
497 310
497 315
497 320
497 325
497 356
497 362
497 366
497 388
497 397
497 445
497 458
498 23
498 37
498 39
498 56
498 61
498 109
498 120
498 127
498 146
498 162
498 184
498 208
498 254
498 258
498 284
498 291
498 301
498 305
498 307
498 311
498 313
498 351
498 370
498 375
498 386
498 396
498 404
498 406
498 421
498 432
498 436
498 450
498 491
499 1
499 10
499 17
499 32
499 86
499 122
499 143
499 170
499 198
499 223
499 226
499 254
499 258
499 267
499 276
499 284
499 337
499 360
499 405
499 410
499 423
499 430
499 444
499 480
499 490
499 495