200 533
0 7
0 114
0 117
0 127
0 185
1 13
1 36
1 46
1 105
1 113
1 178
2 28
2 136
2 198
3 17
3 49
3 95
3 123
3 138
4 40
4 54
4 80
4 148
4 196
5 27
5 120
5 138
6 66
6 168
6 177
7 0
7 12
7 44
7 46
7 73
7 156
8 18
8 44
8 94
8 157
8 167
8 185
9 54
9 131
9 161
10 23
10 109
10 157
10 189
11 65
11 119
11 126
11 169
11 176
12 7
12 13
12 99
12 149
12 166
12 189
13 1
13 12
13 29
13 75
14 25
15 43
15 45
15 70
15 71
15 77
15 124
15 129
15 137
15 152
15 196
16 34
16 41
16 101
16 108
16 152
16 153
17 3
17 55
17 125
17 144
17 178
17 190
18 8
18 34
18 44
18 96
18 147
18 153
18 185
19 32
19 38
19 67
19 79
19 126
19 127
19 128
19 134
19 135
19 148
19 193
20 37
20 79
20 135
20 159
20 169
20 181
21 76
21 135
21 137
21 181
22 53
23 10
23 76
23 85
23 90
23 154
24 98
24 109
24 122
24 135
24 174
25 14
25 134
25 182
26 195
27 5
27 75
27 78
27 119
27 123
27 169
27 199
28 2
28 105
28 110
28 150
29 13
29 60
29 145
29 147
29 176
29 180
29 191
30 55
30 76
30 90
30 131
30 142
30 178
30 181
30 199
31 44
31 47
32 19
32 77
32 153
32 191
33 43
33 115
33 182
33 193
34 16
34 18
34 53
34 55
34 79
34 83
35 126
35 134
35 163
36 1
36 54
36 108
37 20
37 41
37 66
37 68
37 81
37 150
37 168
37 180
38 19
38 67
38 78
38 81
38 101
38 124
39 73
39 98
39 188
40 4
40 45
40 69
40 89
40 103
40 129
40 130
40 165
41 16
41 37
41 78
41 88
41 110
41 122
41 135
42 51
42 66
42 77
42 97
42 118
42 186
43 15
43 33
43 142
44 7
44 8
44 18
44 31
44 48
44 136
44 143
44 181
45 15
45 40
45 50
45 59
45 73
45 78
45 103
45 110
45 169
45 177
46 1
46 7
46 54
47 31
47 117
47 153
47 176
48 44
48 51
48 171
48 172
48 195
49 3
49 155
49 190
50 45
51 42
51 48
51 115
51 145
51 163
51 164
52 78
52 88
52 89
52 132
52 160
52 186
53 22
53 34
53 80
53 85
53 139
53 150
53 178
54 4
54 9
54 36
54 46
54 59
54 123
54 126
54 133
54 158
54 160
54 165
55 17
55 30
55 34
55 57
55 112
55 122
55 125
55 183
56 112
56 144
56 156
56 176
56 181
57 55
57 93
57 162
57 188
58 86
58 111
58 128
58 132
58 137
58 173
58 178
59 45
59 54
59 70
59 89
59 102
59 109
59 126
59 152
59 155
60 29
60 112
60 116
60 146
60 154
61 65
61 68
61 79
61 96
61 125
61 131
61 174
61 189
62 74
62 102
63 139
63 165
64 74
64 105
64 110
64 128
65 11
65 61
65 71
65 128
65 137
65 144
65 167
65 176
66 6
66 37
66 42
66 111
66 146
67 19
67 38
68 37
68 61
68 112
68 116
68 128
68 191
69 40
69 117
69 128
69 162
69 192
70 15
70 59
70 100
70 104
70 118
70 176
71 15
71 65
71 120
71 163
71 175
72 150
72 176
73 7
73 39
73 45
74 62
74 64
74 113
74 181
75 13
75 27
75 126
75 132
75 135
75 180
75 182
76 21
76 23
76 30
77 15
77 32
77 42
77 132
77 198
78 27
78 38
78 41
78 45
78 52
78 82
78 147
78 152
78 183
79 19
79 20
79 34
79 61
79 129
79 133
79 160
80 4
80 53
80 115
80 176
80 194
81 37
81 38
81 89
81 124
81 127
81 132
82 78
82 111
82 113
82 117
82 135
83 34
83 97
83 119
83 134
83 150
83 192
84 91
84 106
84 124
84 130
84 143
84 168
84 190
85 23
85 53
85 142
86 58
86 95
86 99
86 125
86 155
87 104
87 156
87 163
88 41
88 52
88 106
88 175
89 40
89 52
89 59
89 81
89 107
89 143
89 150
89 173
90 23
90 30
90 141
90 150
90 154
90 158
90 195
91 84
91 199
92 145
93 57
93 100
93 105
93 161
94 8
94 185
95 3
95 86
95 115
96 18
96 61
96 105
96 119
96 137
97 42
97 83
97 161
97 182
97 185
98 24
98 39
99 12
99 86
99 128
99 132
99 139
99 178
99 191
100 70
100 93
100 135
100 166
101 16
101 38
101 161
102 59
102 62
102 156
102 160
103 40
103 45
103 139
103 173
104 70
104 87
104 117
104 135
104 144
104 151
105 1
105 28
105 64
105 93
105 96
105 108
105 110
105 147
105 148
105 163
106 84
106 88
106 130
106 132
106 189
106 198
107 89
107 122
107 154
108 16
108 36
108 105
108 155
108 186
108 198
109 10
109 24
109 59
109 133
109 144
110 28
110 41
110 45
110 64
110 105
110 148
110 159
110 197
111 58
111 66
111 82
111 117
111 139
111 184
111 188
111 190
112 55
112 56
112 60
112 68
112 118
112 168
113 1
113 74
113 82
113 118
113 154
113 175
114 0
114 156
114 178
114 183
115 33
115 51
115 80
115 95
115 125
115 189
115 199
116 60
116 68
116 154
116 157
117 0
117 47
117 69
117 82
117 104
117 111
117 139
117 190
118 42
118 70
118 112
118 113
119 11
119 27
119 83
119 96
119 126
119 135
119 180
119 183
120 5
120 71
120 124
120 166
120 181
120 196
121 124
121 135
121 188
122 24
122 41
122 55
122 107
122 188
122 197
123 3
123 27
123 54
123 161
123 175
123 182
124 15
124 38
124 81
124 84
124 120
124 121
124 132
124 196
125 17
125 55
125 61
125 86
125 115
125 146
125 164
125 178
125 191
125 198
126 11
126 19
126 35
126 54
126 59
126 75
126 119
126 136
126 139
127 0
127 19
127 81
127 158
127 191
128 19
128 58
128 64
128 65
128 68
128 69
128 99
128 156
129 15
129 40
129 79
129 195
130 40
130 84
130 106
130 143
130 163
131 9
131 30
131 61
132 52
132 58
132 75
132 77
132 81
132 99
132 106
132 124
132 144
132 147
132 155
133 54
133 79
133 109
134 19
134 25
134 35
134 83
134 170
134 192
135 19
135 20
135 21
135 24
135 41
135 75
135 82
135 100
135 104
135 119
135 121
135 154
135 180
136 2
136 44
136 126
136 152
136 196
137 15
137 21
137 58
137 65
137 96
137 171
137 177
138 3
138 5
138 161
138 166
139 53
139 63
139 99
139 103
139 111
139 117
139 126
140 183
141 90
141 143
141 184
142 30
142 43
142 85
142 163
142 167
142 172
142 189
142 197
143 44
143 84
143 89
143 130
143 141
143 190
144 17
144 56
144 65
144 104
144 109
144 132
144 194
145 29
145 51
145 92
145 194
146 60
146 66
146 125
146 185
147 18
147 29
147 78
147 105
147 132
147 153
147 169
148 4
148 19
148 105
148 110
148 179
148 198
149 12
149 156
150 28
150 37
150 53
150 72
150 83
150 89
150 90
150 182
151 104
151 182
152 15
152 16
152 59
152 78
152 136
153 16
153 18
153 32
153 47
153 147
154 23
154 60
154 90
154 107
154 113
154 116
154 135
154 158
154 159
154 161
154 174
154 192
155 49
155 59
155 86
155 108
155 132
156 7
156 56
156 87
156 102
156 114
156 128
156 149
156 185
156 197
157 8
157 10
157 116
157 171
158 54
158 90
158 127
158 154
158 165
159 20
159 110
159 154
160 52
160 54
160 79
160 102
160 174
161 9
161 93
161 97
161 101
161 123
161 138
161 154
161 165
161 173
162 57
162 69
162 164
162 166
162 174
163 35
163 51
163 71
163 87
163 105
163 130
163 142
164 51
164 125
164 162
164 193
164 194
165 40
165 54
165 63
165 158
165 161
166 12
166 100
166 120
166 138
166 162
167 8
167 65
167 142
167 183
168 6
168 37
168 84
168 112
168 191
169 11
169 20
169 27
169 45
169 147
169 173
170 134
170 171
170 184
171 48
171 137
171 157
171 170
171 176
172 48
172 142
172 179
173 58
173 89
173 103
173 161
173 169
174 24
174 61
174 154
174 160
174 162
174 197
175 71
175 88
175 113
175 123
175 179
176 11
176 29
176 47
176 56
176 65
176 70
176 72
176 80
176 171
177 6
177 45
177 137
178 1
178 17
178 30
178 53
178 58
178 99
178 114
178 125
179 148
179 172
179 175
179 191
180 29
180 37
180 75
180 119
180 135
180 184
181 20
181 21
181 30
181 44
181 56
181 74
181 120
181 189
182 25
182 33
182 75
182 97
182 123
182 150
182 151
182 187
183 55
183 78
183 114
183 119
183 140
183 167
184 111
184 141
184 170
184 180
185 0
185 8
185 18
185 94
185 97
185 146
185 156
186 42
186 52
186 108
187 182
188 39
188 57
188 111
188 121
188 122
188 194
189 10
189 12
189 61
189 106
189 115
189 142
189 181
190 17
190 49
190 84
190 111
190 117
190 143
191 29
191 32
191 68
191 99
191 125
191 127
191 168
191 179
192 69
192 83
192 134
192 154
193 19
193 33
193 164
194 80
194 144
194 145
194 164
194 188
195 26
195 48
195 90
195 129
196 4
196 15
196 120
196 124
196 136
197 110
197 122
197 142
197 156
197 174
198 2
198 77
198 106
198 108
198 125
198 148
199 27
199 30
199 91
199 115