200 2009
0 36
0 41
0 53
0 76
0 98
0 113
0 118
0 125
0 126
0 133
0 142
0 153
0 170
0 173
0 187
1 2
1 20
1 28
1 31
1 40
1 51
1 52
1 58
1 69
1 76
1 85
1 88
1 92
1 109
1 110
1 112
1 113
1 127
1 136
1 163
1 171
1 172
1 174
1 176
1 177
2 1
2 8
2 12
2 18
2 23
2 24
2 35
2 38
2 71
2 72
2 80
2 93
2 96
2 99
2 103
2 104
2 106
2 108
2 111
2 118
2 120
2 148
2 150
2 151
2 152
2 159
2 163
2 189
2 192
3 12
3 23
3 58
3 61
3 63
3 66
3 68
3 73
3 74
3 104
3 107
3 109
3 131
3 133
3 149
3 150
3 163
3 165
3 168
3 173
3 174
3 179
3 183
4 8
4 38
4 43
4 62
4 77
4 78
4 92
4 94
4 95
4 98
4 99
4 117
4 121
4 131
4 137
4 147
4 149
4 150
4 172
4 174
4 198
5 14
5 16
5 63
5 76
5 93
5 94
5 95
5 103
5 109
5 112
5 115
5 119
5 132
5 138
5 140
5 147
5 160
5 163
5 166
5 180
5 190
5 192
5 196
5 199
6 11
6 12
6 20
6 30
6 35
6 36
6 42
6 47
6 51
6 66
6 77
6 79
6 83
6 86
6 93
6 101
6 117
6 121
6 127
6 129
6 166
7 14
7 29
7 42
7 54
7 61
7 78
7 79
7 93
7 103
7 104
7 113
7 161
7 168
7 169
7 176
7 178
7 185
7 188
8 2
8 4
8 14
8 43
8 45
8 59
8 65
8 97
8 128
8 135
8 142
8 145
8 153
8 167
8 171
8 176
8 184
8 197
9 15
9 44
9 49
9 61
9 68
9 77
9 102
9 111
9 121
9 141
9 148
9 149
9 151
9 165
9 168
9 176
10 30
10 34
10 39
10 47
10 49
10 63
10 78
10 80
10 99
10 126
10 127
10 128
10 137
10 141
10 144
10 153
10 166
10 168
10 170
10 171
10 183
10 189
10 195
11 6
11 13
11 30
11 36
11 43
11 51
11 61
11 108
11 116
11 121
11 132
11 146
11 153
11 155
11 159
11 179
11 185
11 197
12 2
12 3
12 6
12 14
12 17
12 34
12 38
12 48
12 60
12 67
12 81
12 83
12 95
12 104
12 115
12 124
12 141
12 161
12 166
12 184
12 194
13 11
13 18
13 22
13 52
13 61
13 72
13 77
13 97
13 104
13 105
13 112
13 114
13 145
13 174
13 179
13 188
13 193
13 195
14 5
14 7
14 8
14 12
14 18
14 19
14 23
14 31
14 32
14 61
14 64
14 72
14 73
14 75
14 86
14 95
14 99
14 109
14 113
14 114
14 115
14 119
14 124
14 125
14 141
14 143
14 163
14 181
14 195
15 9
15 19
15 24
15 43
15 62
15 74
15 87
15 90
15 93
15 107
15 117
15 120
15 132
15 135
15 136
15 157
15 163
15 166
15 170
15 197
16 5
16 25
16 29
16 52
16 56
16 61
16 62
16 86
16 91
16 95
16 98
16 121
16 135
16 138
16 140
16 143
16 159
16 166
17 12
17 31
17 32
17 34
17 36
17 42
17 53
17 66
17 77
17 82
17 97
17 109
17 128
17 142
17 170
17 176
17 194
17 195
18 2
18 13
18 14
18 21
18 31
18 33
18 44
18 53
18 54
18 55
18 81
18 89
18 114
18 124
18 153
18 155
18 161
18 178
18 189
18 196
18 198
19 14
19 15
19 20
19 50
19 65
19 66
19 93
19 98
19 101
19 104
19 116
19 122
19 127
19 142
19 147
19 154
19 194
20 1
20 6
20 19
20 37
20 49
20 52
20 56
20 66
20 75
20 80
20 96
20 101
20 105
20 111
20 116
20 132
20 140
20 148
20 160
20 174
20 180
20 185
20 198
21 18
21 49
21 57
21 65
21 101
21 132
21 149
21 152
21 166
21 175
21 186
22 13
22 23
22 28
22 36
22 43
22 49
22 78
22 82
22 85
22 86
22 95
22 97
22 103
22 108
22 122
22 142
22 194
22 198
22 199
23 2
23 3
23 14
23 22
23 38
23 47
23 49
23 51
23 53
23 74
23 84
23 98
23 114
23 125
23 132
23 133
23 170
23 173
23 182
23 184
23 199
24 2
24 15
24 28
24 42
24 49
24 61
24 66
24 73
24 87
24 96
24 102
24 112
24 118
24 122
24 129
24 139
24 143
24 145
24 146
24 151
24 155
24 169
24 179
24 181
24 188
24 189
24 196
24 198
25 16
25 38
25 49
25 53
25 57
25 90
25 97
25 101
25 125
25 132
25 133
25 139
25 142
25 154
25 155
25 162
25 177
25 187
25 191
25 197
26 62
26 65
26 66
26 94
26 116
26 120
26 124
26 125
26 138
26 148
26 193
26 196
27 48
27 49
27 50
27 83
27 85
27 89
27 102
27 118
27 128
27 140
27 152
27 168
27 175
27 199
28 1
28 22
28 24
28 29
28 30
28 31
28 34
28 41
28 45
28 46
28 52
28 60
28 68
28 102
28 129
28 133
28 140
28 159
28 160
28 163
28 164
28 167
28 168
28 169
28 172
28 178
28 185
28 190
28 191
29 7
29 16
29 28
29 31
29 42
29 45
29 57
29 80
29 81
29 88
29 92
29 122
29 132
29 145
29 146
29 193
29 199
30 6
30 10
30 11
30 28
30 52
30 64
30 66
30 95
30 103
30 114
30 120
30 127
30 139
30 140
30 141
30 179
30 189
30 197
31 1
31 14
31 17
31 18
31 28
31 29
31 48
31 58
31 62
31 75
31 83
31 86
31 90
31 97
31 124
31 136
31 140
31 149
31 151
31 164
31 165
31 187
31 189
31 194
32 14
32 17
32 37
32 38
32 63
32 67
32 71
32 74
32 84
32 113
32 119
32 123
32 130
32 133
32 149
32 153
32 154
32 162
32 171
32 173
32 180
33 18
33 49
33 51
33 54
33 64
33 76
33 77
33 80
33 82
33 104
33 118
33 119
33 121
33 138
33 165
33 179
33 186
33 188
33 190
33 192
33 195
34 10
34 12
34 17
34 28
34 40
34 60
34 63
34 71
34 117
34 122
34 126
34 129
34 137
34 141
34 154
34 161
34 162
34 165
34 168
34 177
34 180
34 181
34 184
35 2
35 6
35 37
35 40
35 43
35 44
35 47
35 63
35 82
35 119
35 123
35 125
35 131
35 137
35 140
35 153
35 172
35 178
36 0
36 6
36 11
36 17
36 22
36 47
36 49
36 97
36 112
36 154
36 155
36 157
36 169
36 171
36 181
36 185
37 20
37 32
37 35
37 57
37 60
37 61
37 72
37 73
37 84
37 105
37 168
37 184
38 2
38 4
38 12
38 23
38 25
38 32
38 44
38 53
38 56
38 59
38 64
38 74
38 76
38 80
38 85
38 86
38 107
38 114
38 116
38 119
38 126
38 147
38 163
38 166
38 176
38 187
38 196
39 10
39 56
39 58
39 67
39 82
39 85
39 90
39 118
39 120
39 123
39 136
39 169
39 176
39 186
39 188
39 189
39 190
39 193
39 194
39 196
40 1
40 34
40 35
40 41
40 50
40 55
40 65
40 80
40 88
40 92
40 141
40 145
40 160
40 179
40 186
40 189
41 0
41 28
41 40
41 44
41 45
41 58
41 68
41 82
41 89
41 93
41 94
41 99
41 108
41 124
41 145
41 149
41 153
41 161
41 175
41 182
41 189
41 190
41 196
42 6
42 7
42 17
42 24
42 29
42 46
42 63
42 116
42 127
42 129
42 133
42 144
42 149
42 164
42 165
42 192
42 199
43 4
43 8
43 11
43 15
43 22
43 35
43 56
43 58
43 62
43 67
43 82
43 97
43 115
43 123
43 137
43 139
43 150
43 176
43 177
43 191
44 9
44 18
44 35
44 38
44 41
44 45
44 55
44 70
44 87
44 93
44 99
44 108
44 109
44 113
44 115
44 126
44 131
44 146
44 147
44 150
44 154
44 157
44 160
44 167
44 172
44 176
44 182
44 188
44 195
44 197
45 8
45 28
45 29
45 41
45 44
45 52
45 68
45 70
45 72
45 74
45 81
45 102
45 109
45 130
45 147
45 158
45 172
45 181
45 189
46 28
46 42
46 51
46 56
46 57
46 78
46 79
46 94
46 101
46 110
46 121
46 134
46 164
46 188
46 191
47 6
47 10
47 23
47 35
47 36
47 49
47 53
47 60
47 63
47 81
47 92
47 103
47 113
47 126
47 128
47 145
47 152
47 155
47 161
47 165
47 166
47 171
47 179
47 195
48 12
48 27
48 31
48 64
48 70
48 91
48 109
48 120
48 131
48 149
48 151
48 154
48 167
48 168
48 184
48 197
49 9
49 10
49 20
49 21
49 22
49 23
49 24
49 25
49 27
49 33
49 36
49 47
49 90
49 100
49 105
49 109
49 123
49 146
49 156
49 159
49 167
50 19
50 27
50 40
50 60
50 63
50 66
50 74
50 82
50 85
50 87
50 106
50 112
50 125
50 126
50 128
50 156
50 158
50 162
50 165
50 187
50 199
51 1
51 6
51 11
51 23
51 33
51 46
51 67
51 74
51 81
51 96
51 107
51 116
51 122
51 130
51 153
51 167
51 177
51 181
51 185
51 190
51 196
52 1
52 13
52 16
52 20
52 28
52 30
52 45
52 75
52 82
52 87
52 88
52 91
52 104
52 106
52 145
52 155
52 164
52 169
52 186
52 196
53 0
53 17
53 18
53 23
53 25
53 38
53 47
53 65
53 78
53 85
53 86
53 100
53 105
53 117
53 120
53 126
53 135
53 141
53 159
53 186
53 187
53 193
54 7
54 18
54 33
54 55
54 68
54 81
54 86
54 100
54 108
54 111
54 115
54 117
54 120
54 131
54 133
54 137
54 138
54 153
54 154
54 164
54 181
55 18
55 40
55 44
55 54
55 69
55 78
55 92
55 102
55 104
55 132
55 143
55 151
55 159
55 163
55 172
55 176
55 190
55 199
56 16
56 20
56 38
56 39
56 43
56 46
56 57
56 90
56 108
56 121
56 135
56 136
56 147
56 168
56 169
56 182
56 183
57 21
57 25
57 29
57 37
57 46
57 56
57 58
57 66
57 71
57 73
57 74
57 77
57 97
57 103
57 113
57 118
57 119
57 120
57 122
57 145
57 152
57 158
57 164
57 165
57 170
57 181
57 199
58 1
58 3
58 31
58 39
58 41
58 43
58 57
58 61
58 71
58 75
58 86
58 104
58 105
58 119
58 125
58 129
58 138
58 140
58 154
58 156
58 160
58 173
58 176
58 190
58 192
58 199
59 8
59 38
59 66
59 75
59 77
59 101
59 102
59 111
59 146
59 147
59 169
59 173
59 177
59 186
59 189
59 193
60 12
60 28
60 34
60 37
60 47
60 50
60 77
60 78
60 81
60 89
60 92
60 97
60 101
60 105
60 108
60 110
60 115
60 116
60 128
60 130
60 132
60 142
60 163
60 169
60 172
60 179
60 183
60 190
61 3
61 7
61 9
61 11
61 13
61 14
61 16
61 24
61 37
61 58
61 63
61 96
61 105
61 130
61 132
61 141
61 152
61 159
61 170
61 176
61 180
61 184
62 4
62 15
62 16
62 26
62 31
62 43
62 68
62 79
62 91
62 101
62 105
62 108
62 121
62 160
62 169
62 171
63 3
63 5
63 10
63 32
63 34
63 35
63 42
63 47
63 50
63 61
63 65
63 76
63 77
63 79
63 82
63 92
63 103
63 120
63 125
63 139
63 147
63 154
63 156
63 159
63 166
63 169
63 188
63 190
63 192
63 193
63 197
64 14
64 30
64 33
64 38
64 48
64 67
64 83
64 94
64 102
64 110
64 123
64 140
64 148
64 150
64 153
64 154
64 156
64 158
64 176
64 199
65 8
65 19
65 21
65 26
65 40
65 53
65 63
65 90
65 108
65 112
65 138
65 139
65 143
65 150
65 156
65 169
66 3
66 6
66 17
66 19
66 20
66 24
66 26
66 30
66 50
66 57
66 59
66 69
66 74
66 85
66 102
66 153
66 171
66 180
66 192
66 197
67 12
67 32
67 39
67 43
67 51
67 64
67 72
67 95
67 97
67 99
67 111
67 112
67 125
67 131
67 143
68 3
68 9
68 28
68 41
68 45
68 54
68 62
68 80
68 97
68 98
68 99
68 109
68 116
68 121
68 123
68 139
68 156
69 1
69 55
69 66
69 77
69 96
69 101
69 115
69 129
69 135
69 168
69 171
69 176
69 185
69 198
70 44
70 45
70 48
70 74
70 75
70 82
70 87
70 88
70 92
70 101
70 106
70 117
70 119
70 130
70 132
70 137
70 138
70 154
70 159
70 161
70 168
70 178
70 179
70 180
70 187
71 2
71 32
71 34
71 57
71 58
71 77
71 82
71 84
71 102
71 103
71 106
71 108
71 116
71 123
71 124
71 129
71 178
71 179
71 180
71 181
71 185
71 193
71 198
72 2
72 13
72 14
72 37
72 45
72 67
72 76
72 82
72 86
72 93
72 117
72 127
72 142
72 149
72 154
72 162
72 168
72 170
72 178
72 196
73 3
73 14
73 24
73 37
73 57
73 79
73 83
73 88
73 100
73 157
73 159
73 160
73 165
73 166
73 173
73 175
74 3
74 15
74 23
74 32
74 38
74 45
74 50
74 51
74 57
74 66
74 70
74 78
74 83
74 85
74 94
74 96
74 129
74 147
74 155
74 159
74 164
74 166
74 182
74 188
74 199
75 14
75 20
75 31
75 52
75 58
75 59
75 70
75 79
75 87
75 88
75 90
75 105
75 106
75 117
75 156
75 157
75 169
75 192
75 194
76 0
76 1
76 5
76 33
76 38
76 63
76 72
76 81
76 110
76 112
76 121
76 122
76 126
76 152
76 153
76 172
76 194
77 4
77 6
77 9
77 13
77 17
77 33
77 57
77 59
77 60
77 63
77 69
77 71
77 78
77 80
77 101
77 111
77 112
77 121
77 140
77 151
77 157
77 177
77 185
77 192
77 195
78 4
78 7
78 10
78 22
78 46
78 53
78 55
78 60
78 74
78 77
78 105
78 119
78 123
78 125
78 126
78 127
78 150
78 157
78 160
78 161
78 166
78 167
78 182
78 192
79 6
79 7
79 46
79 62
79 63
79 73
79 75
79 88
79 100
79 114
79 119
79 120
79 128
79 148
79 171
79 175
79 190
79 195
79 198
80 2
80 10
80 20
80 29
80 33
80 38
80 40
80 68
80 77
80 82
80 91
80 106
80 109
80 110
80 121
80 125
80 131
80 139
80 149
80 175
80 178
81 12
81 18
81 29
81 45
81 47
81 51
81 54
81 60
81 76
81 91
81 104
81 114
81 116
81 120
81 121
81 123
81 128
81 136
81 173
82 17
82 22
82 33
82 35
82 39
82 41
82 43
82 50
82 52
82 63
82 70
82 71
82 72
82 80
82 97
82 98
82 115
82 144
82 193
82 197
83 6
83 12
83 27
83 31
83 64
83 73
83 74
83 91
83 97
83 99
83 101
83 122
83 148
83 163
83 187
83 190
83 195
84 23
84 32
84 37
84 71
84 93
84 94
84 98
84 109
84 116
84 124
84 128
84 131
84 133
84 136
84 137
84 155
84 160
84 168
84 173
84 174
84 184
84 188
84 192
85 1
85 22
85 27
85 38
85 39
85 50
85 53
85 66
85 74
85 110
85 115
85 126
85 130
85 150
85 170
85 192
85 194
86 6
86 14
86 16
86 22
86 31
86 38
86 53
86 54
86 58
86 72
86 110
86 114
86 116
86 117
86 118
86 120
86 124
86 134
86 159
86 175
86 185
86 187
86 192
86 196
86 198
87 15
87 24
87 44
87 50
87 52
87 70
87 75
87 90
87 101
87 117
87 139
87 151
87 152
87 168
87 169
87 173
87 186
87 192
87 193
87 195
88 1
88 29
88 40
88 52
88 70
88 73
88 75
88 79
88 93
88 98
88 105
88 109
88 113
88 114
88 126
88 151
88 155
88 161
88 163
88 167
88 172
88 176
88 182
88 188
89 18
89 27
89 41
89 60
89 93
89 114
89 125
89 129
89 159
89 185
89 193
90 15
90 25
90 31
90 39
90 49
90 56
90 65
90 75
90 87
90 95
90 102
90 105
90 109
90 116
90 120
90 134
90 143
90 151
90 158
90 169
90 172
90 179
90 192
91 16
91 48
91 52
91 62
91 80
91 81
91 83
91 96
91 105
91 106
91 108
91 111
91 127
91 129
91 137
91 172
91 180
91 183
91 186
91 189
91 196
92 1
92 4
92 29
92 40
92 47
92 55
92 60
92 63
92 70
92 104
92 110
92 134
92 137
92 139
92 141
92 144
92 154
92 156
92 159
93 2
93 5
93 6
93 7
93 15
93 19
93 41
93 44
93 72
93 84
93 88
93 89
93 99
93 107
93 108
93 109
93 115
93 116
93 127
93 130
93 131
93 139
93 156
93 165
93 170
93 173
93 184
93 185
93 188
94 4
94 5
94 26
94 41
94 46
94 64
94 74
94 84
94 107
94 108
94 115
94 117
94 118
94 135
94 153
94 167
94 176
94 177
94 184
94 191
94 193
94 195
94 198
95 4
95 5
95 12
95 14
95 16
95 22
95 30
95 67
95 90
95 125
95 134
95 152
95 159
95 164
95 166
95 168
95 172
95 192
95 195
96 2
96 20
96 24
96 51
96 61
96 69
96 74
96 91
96 102
96 109
96 117
96 132
96 133
96 135
96 137
96 146
96 147
96 153
96 161
96 162
96 180
96 190
96 196
97 8
97 13
97 17
97 22
97 25
97 31
97 36
97 43
97 57
97 60
97 67
97 68
97 82
97 83
97 98
97 111
97 113
97 146
97 157
97 159
97 174
97 187
97 191
97 198
98 0
98 4
98 16
98 19
98 23
98 68
98 82
98 84
98 88
98 97
98 110
98 111
98 118
98 121
98 124
98 142
98 143
98 148
98 151
98 152
98 162
98 169
98 180
98 181
98 186
99 2
99 4
99 10
99 14
99 41
99 44
99 67
99 68
99 83
99 93
99 111
99 119
99 132
99 135
99 154
99 156
99 160
99 181
99 188
99 199
100 49
100 53
100 54
100 73
100 79
100 118
100 129
100 130
100 139
100 142
100 171
100 186
100 197
101 6
101 19
101 20
101 21
101 25
101 46
101 59
101 60
101 62
101 69
101 70
101 77
101 83
101 87
101 122
101 142
101 151
101 164
101 171
101 194
102 9
102 24
102 27
102 28
102 45
102 55
102 59
102 64
102 66
102 71
102 90
102 96
102 103
102 106
102 145
102 156
102 157
102 158
102 163
102 174
102 177
102 189
102 190
102 193
102 199
103 2
103 5
103 7
103 22
103 30
103 47
103 57
103 63
103 71
103 102
103 105
103 112
103 130
103 150
103 154
103 163
103 164
103 173
103 177
103 183
103 191
103 196
103 197
104 2
104 3
104 7
104 12
104 13
104 19
104 33
104 52
104 55
104 58
104 81
104 92
104 112
104 115
104 125
104 131
104 142
104 147
104 156
104 159
104 163
104 173
104 174
104 197
105 13
105 20
105 37
105 49
105 53
105 58
105 60
105 61
105 62
105 75
105 78
105 88
105 90
105 91
105 103
105 106
105 107
105 112
105 123
105 124
105 136
105 147
105 158
105 164
105 178
105 186
105 190
105 194
106 2
106 50
106 52
106 70
106 71
106 75
106 80
106 91
106 102
106 105
106 126
106 165
106 185
106 192
106 194
107 3
107 15
107 38
107 51
107 93
107 94
107 105
107 110
107 125
107 127
107 140
107 144
107 145
107 156
107 170
107 188
108 2
108 11
108 22
108 41
108 44
108 54
108 56
108 60
108 62
108 65
108 71
108 91
108 93
108 94
108 110
108 135
108 147
108 158
108 168
108 183
108 192
109 1
109 3
109 5
109 14
109 17
109 44
109 45
109 48
109 49
109 68
109 80
109 84
109 88
109 90
109 93
109 96
109 112
109 131
109 145
109 163
109 166
109 171
109 187
109 190
109 192
109 194
110 1
110 46
110 60
110 64
110 76
110 80
110 85
110 86
110 92
110 98
110 107
110 108
110 124
110 131
110 158
110 159
110 165
110 185
110 197
111 2
111 9
111 20
111 54
111 59
111 67
111 77
111 91
111 97
111 98
111 99
111 158
111 161
111 177
111 198
112 1
112 5
112 13
112 24
112 36
112 50
112 65
112 67
112 76
112 77
112 103
112 104
112 105
112 109
112 113
112 121
112 132
112 135
112 141
112 161
112 169
113 0
113 1
113 7
113 14
113 32
113 44
113 47
113 57
113 88
113 97
113 112
113 134
113 135
113 141
113 159
113 186
113 199
114 13
114 14
114 18
114 23
114 30
114 38
114 79
114 81
114 86
114 88
114 89
114 129
114 133
114 142
114 147
114 156
114 165
114 167
114 172
115 5
115 12
115 14
115 43
115 44
115 54
115 60
115 69
115 82
115 85
115 93
115 94
115 104
115 128
115 130
115 131
115 151
115 154
115 155
115 164
115 175
115 184
115 189
115 191
115 192
116 11
116 19
116 20
116 26
116 38
116 42
116 51
116 60
116 68
116 71
116 81
116 84
116 86
116 90
116 93
116 118
116 131
116 136
116 137
116 142
116 153
116 167
116 168
116 171
116 181
116 190
117 4
117 6
117 15
117 34
117 53
117 54
117 70
117 72
117 75
117 86
117 87
117 94
117 96
117 124
117 127
117 140
117 156
117 163
117 179
117 185
117 193
118 0
118 2
118 24
118 27
118 33
118 39
118 57
118 86
118 94
118 98
118 100
118 116
118 120
118 144
118 151
118 157
118 159
118 191
119 5
119 14
119 32
119 33
119 35
119 38
119 57
119 58
119 70
119 78
119 79
119 99
119 136
119 141
119 151
119 178
119 182
119 185
120 2
120 15
120 26
120 30
120 39
120 48
120 53
120 54
120 57
120 63
120 79
120 81
120 86
120 90
120 118
120 125
120 141
120 152
120 154
120 157
120 160
120 161
120 163
120 174
120 186
121 4
121 6
121 9
121 11
121 16
121 33
121 46
121 56
121 62
121 68
121 76
121 77
121 80
121 81
121 98
121 112
121 147
122 19
122 22
122 24
122 29
122 34
122 51
122 57
122 76
122 83
122 101
122 145
122 164
122 173
123 32
123 35
123 39
123 43
123 49
123 64
123 68
123 71
123 78
123 81
123 105
123 130
123 143
123 151
123 162
123 166
123 167
123 199
124 12
124 14
124 18
124 26
124 31
124 41
124 71
124 84
124 86
124 98
124 105
124 110
124 117
124 143
124 150
124 152
124 155
124 170
124 198
124 199
125 0
125 14
125 23
125 25
125 26
125 35
125 50
125 58
125 63
125 67
125 78
125 80
125 89
125 95
125 104
125 107
125 120
125 175
125 180
125 182
125 198
126 0
126 10
126 34
126 38
126 44
126 47
126 50
126 53
126 76
126 78
126 85
126 88
126 106
126 134
126 150
126 151
126 156
126 160
126 171
127 1
127 6
127 10
127 19
127 30
127 42
127 72
127 78
127 91
127 93
127 107
127 117
127 129
127 130
127 135
127 142
127 145
127 146
127 152
127 156
127 174
127 183
127 184
127 198
128 8
128 10
128 17
128 27
128 47
128 50
128 60
128 79
128 81
128 84
128 115
128 150
128 157
128 159
128 184
128 197
129 6
129 24
129 28
129 34
129 42
129 58
129 69
129 71
129 74
129 89
129 91
129 100
129 114
129 127
129 146
129 166
129 179
129 183
129 185
130 32
130 45
130 51
130 60
130 61
130 70
130 85
130 93
130 100
130 103
130 115
130 123
130 127
130 131
130 144
130 153
131 3
131 4
131 35
131 44
131 48
131 54
131 67
131 80
131 84
131 93
131 104
131 109
131 110
131 115
131 116
131 130
131 137
131 142
131 161
131 173
131 174
131 180
131 199
132 5
132 11
132 15
132 20
132 21
132 23
132 25
132 29
132 55
132 60
132 61
132 70
132 96
132 99
132 112
132 138
132 152
132 162
132 163
132 166
132 167
132 178
132 186
132 195
133 0
133 3
133 23
133 25
133 28
133 32
133 42
133 54
133 84
133 96
133 114
133 163
134 46
134 86
134 90
134 92
134 95
134 113
134 126
134 137
134 141
134 153
134 158
134 170
134 184
134 188
135 8
135 15
135 16
135 53
135 56
135 69
135 94
135 96
135 99
135 108
135 112
135 113
135 127
135 148
135 150
135 192
136 1
136 15
136 31
136 39
136 56
136 81
136 84
136 105
136 116
136 119
136 146
136 177
136 178
136 180
136 181
137 4
137 10
137 34
137 35
137 43
137 54
137 70
137 84
137 91
137 92
137 96
137 116
137 131
137 134
137 142
137 186
137 192
138 5
138 16
138 26
138 33
138 54
138 58
138 65
138 70
138 132
138 154
138 165
138 167
138 175
138 176
138 192
139 24
139 25
139 30
139 43
139 63
139 65
139 68
139 80
139 87
139 92
139 93
139 100
139 140
139 146
139 150
139 151
139 157
139 167
139 170
139 186
140 5
140 16
140 20
140 27
140 28
140 30
140 31
140 35
140 58
140 64
140 77
140 107
140 117
140 139
140 153
140 154
140 165
140 184
140 187
141 9
141 10
141 12
141 14
141 30
141 34
141 40
141 53
141 61
141 92
141 112
141 113
141 119
141 120
141 134
141 165
141 171
141 172
141 197
142 0
142 8
142 17
142 19
142 22
142 25
142 60
142 72
142 98
142 100
142 101
142 104
142 114
142 116
142 127
142 131
142 137
142 152
142 154
142 190
142 191
142 199
143 14
143 16
143 24
143 55
143 65
143 67
143 90
143 98
143 123
143 124
143 160
143 179
143 180
143 196
144 10
144 42
144 82
144 92
144 107
144 118
144 130
144 164
144 169
144 196
145 8
145 13
145 24
145 29
145 40
145 41
145 47
145 52
145 57
145 102
145 107
145 109
145 122
145 127
145 147
145 151
145 165
145 187
146 11
146 24
146 29
146 44
146 49
146 59
146 96
146 97
146 127
146 129
146 136
146 139
146 159
146 185
146 186
146 187
146 188
146 191
147 4
147 5
147 19
147 38
147 44
147 45
147 56
147 59
147 63
147 74
147 96
147 104
147 105
147 108
147 114
147 121
147 145
147 151
147 156
147 157
147 179
147 193
147 196
147 197
147 198
148 2
148 9
148 20
148 26
148 64
148 79
148 83
148 98
148 135
148 155
148 182
148 194
149 3
149 4
149 9
149 21
149 31
149 32
149 41
149 42
149 48
149 72
149 80
149 171
149 174
149 183
149 186
149 198
150 2
150 3
150 4
150 43
150 44
150 64
150 65
150 78
150 85
150 103
150 124
150 126
150 128
150 135
150 139
150 159
150 179
150 184
151 2
151 9
151 24
151 31
151 48
151 55
151 77
151 87
151 88
151 90
151 98
151 101
151 115
151 118
151 119
151 123
151 126
151 139
151 145
151 147
151 156
151 162
152 2
152 21
152 27
152 47
152 57
152 61
152 76
152 87
152 95
152 98
152 120
152 124
152 127
152 132
152 142
152 154
152 161
152 162
152 164
152 173
152 191
152 192
153 0
153 8
153 10
153 11
153 18
153 32
153 35
153 41
153 51
153 54
153 64
153 66
153 76
153 94
153 96
153 116
153 130
153 134
153 140
153 155
153 163
153 169
154 19
154 25
154 32
154 34
154 36
154 44
154 48
154 54
154 58
154 63
154 64
154 70
154 72
154 92
154 99
154 103
154 115
154 120
154 138
154 140
154 142
154 152
154 171
154 174
154 179
154 180
154 190
154 195
155 11
155 18
155 24
155 25
155 36
155 47
155 52
155 74
155 84
155 88
155 115
155 124
155 148
155 153
155 159
155 160
156 49
156 50
156 58
156 63
156 64
156 65
156 68
156 75
156 92
156 93
156 99
156 102
156 104
156 107
156 114
156 117
156 126
156 127
156 147
156 151
156 166
156 169
156 179
156 189
157 15
157 36
157 44
157 73
157 75
157 77
157 78
157 97
157 102
157 118
157 120
157 128
157 139
157 147
157 172
157 178
157 181
157 189
157 192
158 45
158 50
158 57
158 64
158 90
158 102
158 105
158 108
158 110
158 111
158 134
158 159
158 165
158 197
159 2
159 11
159 16
159 28
159 49
159 53
159 55
159 61
159 63
159 70
159 73
159 74
159 86
159 89
159 92
159 95
159 97
159 104
159 110
159 113
159 118
159 128
159 146
159 150
159 155
159 158
159 182
159 194
159 195
159 199
160 5
160 20
160 28
160 40
160 44
160 58
160 62
160 73
160 78
160 84
160 99
160 120
160 126
160 143
160 155
160 172
160 173
160 175
160 179
160 181
160 193
161 7
161 12
161 18
161 34
161 41
161 47
161 70
161 78
161 88
161 96
161 111
161 112
161 120
161 131
161 152
161 182
162 25
162 32
162 34
162 50
162 72
162 96
162 98
162 123
162 132
162 151
162 152
162 165
162 166
162 168
162 172
162 173
162 176
163 1
163 2
163 3
163 5
163 14
163 15
163 28
163 38
163 55
163 60
163 83
163 88
163 102
163 103
163 104
163 109
163 117
163 120
163 132
163 133
163 153
163 169
163 182
164 28
164 31
164 42
164 46
164 52
164 54
164 57
164 74
164 95
164 101
164 103
164 105
164 115
164 122
164 144
164 152
164 172
164 174
164 181
164 190
164 193
164 195
164 199
165 3
165 9
165 31
165 33
165 34
165 42
165 47
165 50
165 57
165 73
165 93
165 106
165 110
165 114
165 138
165 140
165 141
165 145
165 158
165 162
165 175
165 188
165 194
166 5
166 6
166 10
166 12
166 15
166 16
166 21
166 38
166 47
166 63
166 73
166 74
166 78
166 95
166 109
166 123
166 129
166 132
166 156
166 162
166 190
167 8
167 28
167 44
167 48
167 49
167 51
167 78
167 88
167 94
167 114
167 116
167 123
167 132
167 138
167 139
167 170
167 183
168 3
168 7
168 9
168 10
168 27
168 28
168 34
168 37
168 48
168 56
168 69
168 70
168 72
168 84
168 87
168 95
168 108
168 116
168 162
168 169
168 178
168 190
169 7
169 24
169 28
169 36
169 39
169 52
169 56
169 59
169 60
169 62
169 63
169 65
169 75
169 87
169 90
169 98
169 112
169 144
169 153
169 156
169 163
169 168
169 174
169 182
169 188
169 195
170 0
170 10
170 15
170 17
170 23
170 57
170 61
170 72
170 85
170 93
170 107
170 124
170 134
170 139
170 167
170 175
170 187
171 1
171 8
171 10
171 32
171 36
171 47
171 62
171 66
171 69
171 79
171 100
171 101
171 109
171 116
171 126
171 141
171 149
171 154
171 179
171 181
171 188
171 195
172 1
172 4
172 28
172 35
172 44
172 45
172 55
172 60
172 76
172 88
172 90
172 91
172 95
172 114
172 141
172 157
172 160
172 162
172 164
172 183
172 189
173 0
173 3
173 23
173 32
173 58
173 59
173 73
173 81
173 84
173 87
173 93
173 103
173 104
173 122
173 131
173 152
173 160
173 162
173 184
173 193
173 198
174 1
174 3
174 4
174 13
174 20
174 84
174 97
174 102
174 104
174 120
174 127
174 131
174 149
174 154
174 164
174 169
174 180
174 193
175 21
175 27
175 41
175 73
175 79
175 80
175 86
175 115
175 125
175 138
175 160
175 165
175 170
175 178
175 192
175 195
176 1
176 7
176 8
176 9
176 17
176 38
176 39
176 43
176 44
176 55
176 58
176 61
176 64
176 69
176 88
176 94
176 138
176 162
177 1
177 25
177 34
177 43
177 51
177 59
177 77
177 94
177 102
177 103
177 111
177 136
178 7
178 18
178 28
178 35
178 70
178 71
178 72
178 80
178 105
178 119
178 132
178 136
178 157
178 168
178 175
178 180
178 183
178 187
179 3
179 11
179 13
179 24
179 30
179 33
179 40
179 47
179 60
179 70
179 71
179 90
179 117
179 129
179 143
179 147
179 150
179 154
179 156
179 160
179 171
179 182
179 196
179 197
179 198
180 5
180 20
180 32
180 34
180 61
180 66
180 70
180 71
180 91
180 96
180 98
180 125
180 131
180 136
180 143
180 154
180 174
180 178
180 183
180 186
180 196
181 14
181 24
181 34
181 36
181 45
181 51
181 54
181 57
181 71
181 98
181 99
181 116
181 136
181 157
181 160
181 164
181 171
181 182
181 193
182 23
182 41
182 44
182 56
182 74
182 78
182 88
182 119
182 125
182 148
182 159
182 161
182 163
182 169
182 179
182 181
182 184
182 188
183 3
183 10
183 56
183 60
183 91
183 103
183 108
183 127
183 129
183 149
183 167
183 172
183 178
183 180
184 8
184 12
184 23
184 34
184 37
184 48
184 61
184 84
184 93
184 94
184 115
184 127
184 128
184 134
184 140
184 150
184 173
184 182
184 191
184 196
185 7
185 11
185 20
185 28
185 36
185 51
185 69
185 71
185 77
185 86
185 89
185 93
185 106
185 110
185 117
185 119
185 129
185 146
185 193
185 194
185 195
186 21
186 33
186 39
186 40
186 52
186 53
186 59
186 87
186 91
186 98
186 100
186 105
186 113
186 120
186 132
186 137
186 139
186 146
186 149
186 180
186 196
187 0
187 25
187 31
187 38
187 50
187 53
187 70
187 83
187 86
187 97
187 109
187 140
187 145
187 146
187 170
187 178
187 190
187 191
188 7
188 13
188 24
188 33
188 39
188 44
188 46
188 63
188 74
188 84
188 88
188 93
188 99
188 107
188 134
188 146
188 165
188 169
188 171
188 182
188 199
189 2
189 10
189 18
189 24
189 30
189 31
189 39
189 40
189 41
189 45
189 59
189 91
189 102
189 115
189 156
189 157
189 172
189 191
190 5
190 28
190 33
190 39
190 41
190 51
190 55
190 58
190 60
190 63
190 79
190 83
190 96
190 102
190 105
190 109
190 116
190 142
190 154
190 164
190 166
190 168
190 187
190 196
191 25
191 28
191 43
191 46
191 94
191 97
191 103
191 115
191 118
191 142
191 146
191 152
191 184
191 187
191 189
191 197
191 198
191 199
192 2
192 5
192 33
192 42
192 58
192 63
192 66
192 75
192 77
192 78
192 84
192 85
192 86
192 87
192 90
192 95
192 106
192 108
192 109
192 115
192 135
192 137
192 138
192 152
192 157
192 175
192 199
193 13
193 26
193 29
193 39
193 53
193 59
193 63
193 71
193 82
193 87
193 89
193 94
193 102
193 117
193 147
193 160
193 164
193 173
193 174
193 181
193 185
194 12
194 17
194 19
194 22
194 31
194 39
194 75
194 76
194 85
194 101
194 105
194 106
194 109
194 148
194 159
194 165
194 185
195 10
195 13
195 14
195 17
195 33
195 44
195 47
195 77
195 79
195 83
195 87
195 94
195 95
195 132
195 154
195 159
195 164
195 169
195 171
195 175
195 185
196 5
196 18
196 24
196 26
196 38
196 39
196 41
196 51
196 52
196 72
196 86
196 91
196 96
196 103
196 143
196 144
196 147
196 179
196 180
196 184
196 186
196 190
197 8
197 11
197 15
197 25
197 30
197 44
197 48
197 63
197 66
197 82
197 100
197 103
197 104
197 110
197 128
197 141
197 147
197 158
197 179
197 191
197 198
198 4
198 18
198 20
198 22
198 24
198 69
198 71
198 79
198 86
198 94
198 97
198 111
198 124
198 125
198 127
198 147
198 149
198 173
198 179
198 191
198 197
199 5
199 22
199 23
199 27
199 29
199 42
199 50
199 55
199 57
199 58
199 64
199 74
199 99
199 102
199 113
199 123
199 124
199 131
199 142
199 159
199 164
199 188
199 191
199 192