200 539
0 36
0 41
0 126
0 133
0 170
0 187
1 28
1 51
1 69
1 113
1 177
2 8
2 108
2 118
2 120
2 150
2 189
2 192
3 66
3 73
3 133
4 62
4 92
4 94
4 121
4 131
4 172
4 198
5 14
5 63
5 95
5 109
5 115
5 190
5 192
6 30
6 77
6 79
6 83
6 117
7 14
7 29
7 54
7 93
7 104
7 178
7 185
8 2
8 43
8 45
8 128
8 135
8 145
8 176
8 197
9 102
9 149
9 176
10 39
10 47
10 49
10 63
10 128
10 166
10 171
11 51
11 155
11 185
11 197
12 14
12 104
12 124
12 184
13 22
13 61
13 72
13 112
13 145
13 174
13 179
13 193
14 5
14 7
14 12
14 19
14 23
14 163
15 24
15 62
15 74
15 90
15 107
15 132
16 138
16 140
17 82
17 97
17 194
18 31
18 44
18 53
19 14
19 50
19 93
19 98
19 101
19 116
19 122
19 154
19 194
20 75
20 96
20 132
20 140
20 148
20 198
21 49
21 65
21 149
21 186
22 13
22 78
22 85
22 103
22 198
23 14
23 38
23 49
23 84
23 173
24 15
24 112
24 151
25 139
25 142
25 154
25 155
26 62
26 66
26 94
27 85
27 140
27 175
27 199
28 1
28 45
28 52
28 159
28 160
28 178
29 7
29 31
29 132
29 199
30 6
30 66
31 18
31 29
31 48
31 83
31 86
31 97
31 124
31 149
31 151
31 164
31 187
31 189
32 67
32 71
32 113
32 162
32 171
33 64
33 76
33 77
33 104
34 60
34 122
34 154
34 180
34 184
35 40
35 44
35 82
35 123
35 125
35 131
35 140
36 0
36 155
36 181
37 57
37 60
37 84
37 184
38 23
38 53
38 74
38 85
38 107
38 147
38 163
38 187
39 10
39 58
39 118
39 136
39 176
39 190
40 35
40 65
40 88
40 160
40 189
41 0
41 45
41 68
41 145
41 189
42 63
42 116
42 144
42 149
42 165
43 8
43 56
43 67
43 115
43 123
43 150
43 177
44 18
44 35
44 147
44 176
44 182
44 195
45 8
45 28
45 41
45 102
45 130
45 147
45 158
46 51
46 57
46 101
46 110
47 10
47 53
47 128
48 31
48 149
48 168
48 184
49 10
49 21
49 23
49 159
50 19
50 74
50 82
50 126
50 199
51 1
51 11
51 46
51 81
51 107
51 130
51 190
52 28
52 75
53 18
53 38
53 47
53 78
53 86
53 126
53 186
53 193
54 7
54 55
54 108
54 120
54 133
54 137
54 138
54 153
54 164
54 181
55 54
55 78
55 176
56 43
56 135
56 168
56 169
57 37
57 46
57 58
57 71
57 97
57 113
57 145
57 152
58 39
58 57
58 61
58 71
58 86
58 104
58 119
58 154
58 199
59 75
59 77
59 102
59 111
60 34
60 37
60 78
60 81
60 89
60 92
60 97
60 101
60 142
60 179
61 13
61 58
61 63
61 96
61 170
61 180
61 184
62 4
62 15
62 26
62 101
62 108
62 121
62 169
63 5
63 10
63 42
63 61
63 65
63 77
63 79
63 92
63 147
63 159
63 190
63 193
64 33
64 153
65 21
65 40
65 63
66 3
66 26
66 30
66 74
66 197
67 32
67 43
67 97
67 112
68 41
68 121
68 156
69 1
69 115
69 171
69 176
69 185
70 82
70 88
70 101
70 154
70 161
70 179
71 32
71 57
71 58
71 103
71 116
71 124
72 13
72 82
72 154
72 162
73 3
73 83
73 100
73 157
73 160
73 173
74 15
74 38
74 50
74 66
74 78
74 94
74 129
74 147
75 20
75 52
75 59
75 169
76 33
76 110
76 172
77 6
77 33
77 59
77 63
77 78
77 101
77 140
77 192
78 22
78 53
78 55
78 60
78 74
78 77
78 125
78 127
79 6
79 63
79 120
80 121
80 175
81 51
81 60
81 104
81 116
81 136
82 17
82 35
82 50
82 70
82 72
82 197
83 6
83 31
83 73
83 97
83 101
83 122
83 148
83 190
84 23
84 37
84 94
84 128
84 174
84 184
84 192
85 22
85 27
85 38
85 110
85 115
85 194
86 31
86 53
86 58
86 110
86 116
86 159
86 185
86 187
87 101
87 117
87 139
87 193
88 40
88 70
88 98
88 105
88 113
88 161
88 163
88 167
89 60
90 15
90 120
90 151
90 158
90 169
91 105
91 183
91 196
92 4
92 60
92 63
92 134
92 156
92 159
93 7
93 19
93 99
93 109
93 115
93 116
93 131
93 170
94 4
94 26
94 74
94 84
94 117
94 176
94 195
94 198
95 5
95 192
96 20
96 61
96 102
96 109
96 137
96 162
96 190
96 196
97 17
97 31
97 57
97 60
97 67
97 83
97 113
97 157
98 19
98 88
98 110
98 142
98 148
98 151
98 152
98 169
98 186
99 93
99 188
100 73
100 139
100 171
101 19
101 46
101 60
101 62
101 70
101 77
101 83
101 87
102 9
102 45
102 59
102 96
102 177
102 199
103 22
103 71
103 164
103 177
104 7
104 12
104 33
104 58
104 81
104 112
104 159
104 163
104 197
105 88
105 91
105 107
105 136
105 194
106 126
107 15
107 38
107 51
107 105
107 110
107 127
108 2
108 54
108 62
108 135
108 147
108 168
108 192
109 5
109 93
109 96
109 112
109 131
109 187
110 46
110 76
110 85
110 86
110 98
110 107
110 131
110 159
110 185
110 197
111 59
111 158
111 161
111 198
112 13
112 24
112 67
112 104
112 109
112 169
113 1
113 32
113 57
113 88
113 97
113 134
113 141
113 199
114 129
114 133
114 147
115 5
115 43
115 69
115 85
115 93
115 151
115 154
115 164
115 175
115 189
115 192
116 19
116 42
116 71
116 81
116 86
116 93
116 118
116 136
116 142
116 167
117 6
117 87
117 94
117 163
117 179
117 193
118 2
118 39
118 116
118 157
119 58
119 141
119 178
120 2
120 54
120 79
120 90
120 141
120 157
120 160
121 4
121 62
121 68
121 80
121 147
122 19
122 34
122 83
123 35
123 43
123 151
124 12
124 31
124 71
124 152
124 170
125 35
125 78
125 180
125 182
126 0
126 50
126 53
126 106
126 150
126 160
127 78
127 107
127 129
128 8
128 10
128 47
128 84
128 157
129 74
129 114
129 127
130 45
130 51
130 131
130 144
131 4
131 35
131 93
131 109
131 110
131 130
131 142
131 161
131 173
131 180
131 199
132 15
132 20
132 29
132 152
132 162
132 163
132 186
133 0
133 3
133 54
133 114
134 92
134 113
134 137
134 188
135 8
135 56
135 108
135 148
136 39
136 81
136 105
136 116
136 146
136 180
137 54
137 96
137 134
137 192
138 16
138 54
138 154
138 175
138 176
138 192
139 25
139 87
139 100
139 151
139 170
139 186
140 16
140 20
140 27
140 35
140 77
140 165
140 184
140 187
141 113
141 119
141 120
142 25
142 60
142 98
142 116
142 131
143 196
144 42
144 130
144 196
145 8
145 13
145 41
145 57
146 136
146 159
147 38
147 44
147 45
147 63
147 74
147 108
147 114
147 121
147 197
148 20
148 83
148 98
148 135
148 182
149 9
149 21
149 31
149 42
149 48
150 2
150 43
150 126
151 24
151 31
151 90
151 98
151 115
151 123
151 139
151 156
152 57
152 98
152 124
152 132
152 191
152 192
153 54
153 64
153 155
153 163
154 19
154 25
154 34
154 58
154 70
154 72
154 115
154 138
154 179
154 190
155 11
155 25
155 36
155 153
156 68
156 92
156 151
157 73
157 97
157 118
157 120
157 128
157 181
157 189
158 45
158 90
158 111
159 28
159 49
159 63
159 86
159 92
159 104
159 110
159 146
160 28
160 40
160 73
160 120
160 126
160 175
160 193
161 70
161 88
161 111
161 131
162 32
162 72
162 96
162 132
162 166
162 176
163 14
163 38
163 88
163 104
163 117
163 132
163 153
163 182
164 31
164 54
164 103
164 115
164 172
164 174
164 195
164 199
165 42
165 140
165 175
166 10
166 162
167 88
167 116
168 48
168 56
168 108
168 190
169 56
169 62
169 75
169 90
169 98
169 112
169 188
170 0
170 61
170 93
170 124
170 139
170 187
171 10
171 32
171 69
171 100
171 179
172 4
172 76
172 164
173 23
173 73
173 131
174 13
174 84
174 164
175 27
175 80
175 115
175 138
175 160
175 165
176 8
176 9
176 39
176 44
176 55
176 69
176 94
176 138
176 162
177 1
177 43
177 102
177 103
178 7
178 28
178 119
179 13
179 60
179 70
179 117
179 154
179 171
179 182
180 34
180 61
180 125
180 131
180 136
181 36
181 54
181 157
182 44
182 125
182 148
182 163
182 179
183 91
184 12
184 34
184 37
184 48
184 61
184 84
184 140
184 196
185 7
185 11
185 69
185 86
185 110
186 21
186 53
186 98
186 132
186 139
187 0
187 31
187 38
187 86
187 109
187 140
187 170
188 99
188 134
188 169
188 199
189 2
189 31
189 40
189 41
189 115
189 157
190 5
190 39
190 51
190 63
190 83
190 96
190 154
190 168
190 196
191 152
192 2
192 5
192 77
192 84
192 95
192 108
192 115
192 137
192 138
192 152
193 13
193 53
193 63
193 87
193 117
193 160
194 17
194 19
194 85
194 105
195 44
195 94
195 164
196 91
196 96
196 143
196 144
196 184
196 190
197 8
197 11
197 66
197 82
197 104
197 110
197 147
198 4
198 20
198 22
198 94
198 111
199 27
199 29
199 50
199 58
199 102
199 113
199 131
199 164
199 188