200 515
0 5
0 62
0 64
0 96
0 126
1 104
1 106
1 150
2 10
2 28
2 33
2 57
2 63
2 117
2 130
2 150
3 6
3 39
3 41
3 72
3 89
3 135
3 139
4 27
4 31
4 39
4 84
4 86
4 101
4 122
4 125
4 128
4 148
4 192
5 0
5 7
5 14
5 17
5 36
5 68
5 95
5 98
6 3
6 18
6 31
6 73
6 76
6 112
6 117
6 134
6 165
7 5
7 20
7 34
7 113
7 133
7 190
8 19
8 92
8 135
8 137
8 172
9 12
9 40
9 79
9 99
9 124
9 183
10 2
10 31
10 75
10 89
10 168
10 173
11 56
11 85
11 190
11 194
12 9
12 113
12 121
12 148
12 179
12 180
13 90
13 100
13 153
13 197
13 198
14 5
14 34
14 103
14 184
15 18
15 22
15 28
15 101
15 118
15 137
15 192
16 27
16 33
16 62
16 68
16 78
16 93
16 144
16 156
17 5
17 68
17 104
17 125
17 197
18 6
18 15
18 66
18 73
18 77
18 89
18 98
18 111
18 114
18 132
18 197
19 8
19 41
19 43
19 48
19 69
19 104
19 117
20 7
20 34
20 42
20 66
20 73
20 76
20 160
20 177
20 182
21 32
21 86
21 142
21 143
21 163
22 15
22 26
22 72
22 140
22 153
22 159
22 180
23 75
23 116
23 121
23 137
23 140
24 60
24 84
24 90
24 103
24 110
24 129
25 87
25 118
25 164
26 22
26 58
26 63
26 89
26 101
26 111
27 4
27 16
27 33
27 80
27 154
27 173
27 185
27 189
27 194
28 2
28 15
28 175
29 95
29 128
29 149
29 156
29 165
29 173
30 48
30 68
30 106
30 127
30 133
30 157
30 173
31 4
31 6
31 10
31 63
31 165
32 21
32 83
32 88
32 136
33 2
33 16
33 27
33 46
33 171
33 175
34 7
34 14
34 20
34 70
34 114
34 166
35 45
35 91
35 143
36 5
36 56
36 78
36 102
36 127
36 169
37 54
37 95
37 101
37 150
37 164
37 182
38 69
38 99
38 111
38 122
39 3
39 4
39 49
39 103
39 126
39 154
40 9
40 129
40 142
40 157
40 189
41 3
41 19
41 47
41 54
41 90
41 97
41 99
41 113
41 124
41 155
42 20
42 85
42 92
42 120
42 160
43 19
43 72
43 86
43 168
44 53
44 56
44 65
44 103
44 114
44 130
44 197
45 35
45 156
45 177
46 33
46 86
46 99
46 132
47 41
47 69
47 134
47 152
48 19
48 30
48 72
48 95
48 122
48 178
49 39
49 55
49 61
49 80
49 113
49 159
50 154
50 165
51 53
51 69
51 84
51 99
51 105
51 178
52 101
52 177
53 44
53 51
53 93
53 125
53 130
53 154
53 172
54 37
54 41
54 132
55 49
55 180
56 11
56 36
56 44
56 92
57 2
57 96
57 132
57 151
57 155
58 26
58 106
58 175
59 114
59 169
60 24
60 164
61 49
61 137
61 140
61 146
61 155
62 0
62 16
62 106
62 129
62 156
62 177
63 2
63 26
63 31
63 79
64 0
64 85
65 44
65 70
65 145
65 189
65 194
66 18
66 20
66 75
66 81
66 89
66 107
66 129
66 138
66 146
66 165
66 174
66 186
67 72
67 75
67 108
67 122
67 180
67 193
67 196
68 5
68 16
68 17
68 30
69 19
69 38
69 47
69 51
69 199
70 34
70 65
70 111
70 122
70 144
70 146
71 77
71 137
71 150
71 189
72 3
72 22
72 43
72 48
72 67
72 96
73 6
73 18
73 20
73 83
73 155
74 122
74 158
74 189
75 10
75 23
75 66
75 67
75 125
75 126
75 132
75 139
75 140
75 183
75 189
76 6
76 20
76 159
76 177
77 18
77 71
77 99
77 108
77 114
77 149
77 153
78 16
78 36
78 147
79 9
79 63
79 101
79 103
79 123
79 197
80 27
80 49
80 83
80 87
80 108
81 66
81 113
81 178
81 179
81 195
83 32
83 73
83 80
83 114
83 181
84 4
84 24
84 51
84 163
84 197
85 11
85 42
85 64
85 108
85 131
86 4
86 21
86 43
86 46
86 163
86 171
87 25
87 80
87 92
87 123
87 186
88 32
88 96
88 113
88 129
88 147
88 164
89 3
89 10
89 18
89 26
89 66
90 13
90 24
90 41
90 146
90 158
90 192
91 35
91 110
91 116
91 119
91 145
91 149
92 8
92 42
92 56
92 87
92 102
92 111
92 132
92 189
93 16
93 53
93 128
93 175
93 180
94 119
94 141
94 180
94 190
95 5
95 29
95 37
95 48
95 137
95 145
95 149
96 0
96 57
96 72
96 88
96 172
96 187
97 41
97 172
97 198
98 5
98 18
98 173
98 176
98 198
99 9
99 38
99 41
99 46
99 51
99 77
99 110
99 141
99 177
100 13
100 168
101 4
101 15
101 26
101 37
101 52
101 79
101 122
101 138
101 161
101 165
101 174
101 185
102 36
102 92
102 120
102 126
102 148
102 183
103 14
103 24
103 39
103 44
103 79
103 127
103 130
103 145
104 1
104 17
104 19
104 152
105 51
106 1
106 30
106 58
106 62
106 107
106 112
106 122
106 126
106 131
106 154
107 66
107 106
107 151
107 185
108 67
108 77
108 80
108 85
108 125
109 140
110 24
110 91
110 99
110 127
110 144
110 165
110 174
111 18
111 26
111 38
111 70
111 92
111 170
112 6
112 106
112 137
112 165
113 7
113 12
113 41
113 49
113 81
113 88
114 18
114 34
114 44
114 59
114 77
114 83
114 156
114 184
115 123
116 23
116 91
116 127
116 136
116 184
117 2
117 6
117 19
117 183
118 15
118 25
118 137
119 91
119 94
120 42
120 102
121 12
121 23
121 179
122 4
122 38
122 48
122 67
122 70
122 74
122 101
122 106
122 170
123 79
123 87
123 115
124 9
124 41
124 136
124 179
124 192
125 4
125 17
125 53
125 75
125 108
125 161
125 184
125 199
126 0
126 39
126 75
126 102
126 106
126 190
127 30
127 36
127 103
127 110
127 116
128 4
128 29
128 93
128 183
129 24
129 40
129 62
129 66
129 88
129 130
129 187
130 2
130 44
130 53
130 103
130 129
131 85
131 106
131 158
131 196
132 18
132 46
132 54
132 57
132 75
132 92
132 157
132 165
132 168
132 180
133 7
133 30
133 173
134 6
134 47
134 139
135 3
135 8
135 172
136 32
136 116
136 124
137 8
137 15
137 23
137 61
137 71
137 95
137 112
137 118
138 66
138 101
138 163
138 166
138 180
139 3
139 75
139 134
140 22
140 23
140 61
140 75
140 109
140 147
140 198
141 94
141 99
141 146
141 173
141 183
141 192
142 21
142 40
142 159
142 171
142 179
142 187
143 21
143 35
144 16
144 70
144 110
144 190
145 65
145 91
145 95
145 103
145 171
145 184
145 198
146 61
146 66
146 70
146 90
146 141
147 78
147 88
147 140
148 4
148 12
148 102
148 157
149 29
149 77
149 91
149 95
149 169
149 173
150 1
150 2
150 37
150 71
150 198
151 57
151 107
151 182
151 183
152 47
152 104
152 174
153 13
153 22
153 77
154 27
154 39
154 50
154 53
154 106
154 164
155 41
155 57
155 61
155 73
156 16
156 29
156 45
156 62
156 114
156 172
156 176
157 30
157 40
157 132
157 148
158 74
158 90
158 131
158 189
158 190
159 22
159 49
159 76
159 142
159 167
160 20
160 42
160 189
161 101
161 125
161 181
162 166
162 172
163 21
163 84
163 86
163 138
163 195
164 25
164 37
164 60
164 88
164 154
165 6
165 29
165 31
165 50
165 66
165 101
165 110
165 112
165 132
165 169
165 176
166 34
166 138
166 162
166 171
166 185
167 159
167 174
167 185
167 194
168 10
168 43
168 100
168 132
168 195
169 36
169 59
169 149
169 165
169 173
169 183
169 193
170 111
170 122
171 33
171 86
171 142
171 145
171 166
172 8
172 53
172 96
172 97
172 135
172 156
172 162
173 10
173 27
173 29
173 30
173 98
173 133
173 141
173 149
173 169
173 174
174 66
174 101
174 110
174 152
174 167
174 173
175 28
175 33
175 58
175 93
175 185
176 98
176 156
176 165
177 20
177 45
177 52
177 62
177 76
177 99
178 48
178 51
178 81
179 12
179 81
179 121
179 124
179 142
180 12
180 22
180 55
180 67
180 93
180 94
180 132
180 138
181 83
181 161
182 20
182 37
182 151
183 9
183 75
183 102
183 117
183 128
183 141
183 151
183 169
183 187
184 14
184 114
184 116
184 125
184 145
184 194
185 27
185 101
185 107
185 166
185 167
185 175
186 66
186 87
187 96
187 129
187 142
187 183
189 27
189 40
189 65
189 71
189 74
189 75
189 92
189 158
189 160
190 7
190 11
190 94
190 126
190 144
190 158
191 194
192 4
192 15
192 90
192 124
192 141
193 67
193 169
194 11
194 27
194 65
194 167
194 184
194 191
195 81
195 163
195 168
196 67
196 131
197 13
197 17
197 18
197 44
197 79
197 84
198 13
198 97
198 98
198 140
198 145
198 150
199 69
199 125