200 1943
0 4
0 7
0 9
0 11
0 12
0 22
0 34
0 35
0 57
0 71
0 79
0 83
0 89
0 107
0 116
0 125
0 126
0 130
0 131
0 135
0 147
0 153
0 158
0 180
0 181
1 3
1 30
1 56
1 59
1 97
1 99
1 122
1 125
1 129
1 135
1 147
1 148
1 151
1 155
1 157
1 169
1 178
1 180
2 4
2 6
2 10
2 28
2 34
2 36
2 38
2 39
2 54
2 71
2 81
2 87
2 90
2 103
2 109
2 110
2 124
2 145
2 146
2 154
2 169
2 187
2 193
3 1
3 21
3 23
3 34
3 49
3 50
3 55
3 72
3 83
3 89
3 101
3 109
3 137
3 138
3 149
3 155
3 166
3 173
3 177
3 178
3 179
3 192
3 197
4 0
4 2
4 22
4 26
4 27
4 34
4 35
4 71
4 95
4 103
4 108
4 125
4 133
4 137
4 154
4 175
4 178
4 191
5 9
5 12
5 14
5 18
5 35
5 49
5 78
5 86
5 87
5 96
5 97
5 111
5 117
5 127
5 131
5 133
5 145
5 149
5 158
5 174
5 199
6 2
6 9
6 14
6 15
6 20
6 26
6 33
6 40
6 41
6 46
6 56
6 65
6 68
6 72
6 88
6 97
6 99
6 153
6 180
6 198
7 0
7 29
7 32
7 70
7 82
7 89
7 90
7 121
7 128
7 137
7 140
7 149
7 178
7 182
7 184
8 12
8 27
8 29
8 35
8 46
8 47
8 51
8 54
8 59
8 64
8 72
8 73
8 76
8 82
8 99
8 117
8 123
8 134
8 149
8 168
8 178
8 179
8 192
8 195
8 196
9 0
9 5
9 6
9 12
9 28
9 34
9 39
9 56
9 59
9 67
9 78
9 95
9 107
9 110
9 114
9 118
9 131
9 132
9 142
9 146
9 152
9 163
9 175
9 182
9 189
9 190
9 193
10 2
10 12
10 44
10 53
10 56
10 65
10 94
10 112
10 123
10 126
10 151
10 179
10 188
10 189
11 0
11 18
11 55
11 60
11 84
11 85
11 92
11 98
11 105
11 135
11 143
11 148
11 185
11 195
12 0
12 5
12 8
12 9
12 10
12 21
12 37
12 38
12 43
12 54
12 58
12 61
12 68
12 74
12 83
12 90
12 99
12 131
12 141
12 142
12 145
12 154
12 163
12 184
12 196
13 15
13 16
13 20
13 40
13 50
13 61
13 65
13 80
13 90
13 92
13 110
13 113
13 136
13 138
13 150
13 164
13 170
13 181
13 186
13 193
13 196
13 199
14 5
14 6
14 25
14 46
14 56
14 63
14 72
14 80
14 85
14 99
14 116
14 118
14 125
14 129
14 133
14 137
14 159
14 167
14 168
14 170
14 181
14 194
14 198
15 6
15 13
15 57
15 60
15 64
15 67
15 73
15 77
15 82
15 107
15 108
15 113
15 131
15 143
15 150
15 191
16 13
16 20
16 36
16 39
16 46
16 54
16 72
16 79
16 94
16 101
16 104
16 107
16 111
16 121
16 131
16 138
16 149
16 165
16 168
16 170
16 186
16 195
16 197
17 30
17 35
17 52
17 57
17 64
17 70
17 78
17 80
17 85
17 87
17 102
17 121
17 131
17 136
17 142
17 146
17 154
17 158
17 181
18 5
18 11
18 43
18 50
18 52
18 64
18 72
18 91
18 106
18 120
18 129
18 137
18 167
19 25
19 32
19 60
19 87
19 93
19 99
19 102
19 106
19 110
19 124
19 126
19 129
19 143
19 170
19 172
19 182
20 6
20 13
20 16
20 25
20 36
20 40
20 44
20 47
20 66
20 68
20 80
20 89
20 90
20 93
20 94
20 104
20 117
20 125
20 126
20 130
20 132
20 144
20 156
20 157
20 172
20 185
20 197
21 3
21 12
21 45
21 49
21 61
21 72
21 73
21 74
21 90
21 94
21 101
21 110
21 116
21 117
21 142
21 146
21 151
21 158
21 163
21 177
21 182
21 192
21 195
22 0
22 4
22 37
22 39
22 48
22 68
22 72
22 87
22 100
22 103
22 122
22 132
22 138
22 162
22 166
22 175
22 196
23 3
23 24
23 25
23 28
23 33
23 44
23 45
23 47
23 58
23 66
23 73
23 86
23 108
23 110
23 111
23 126
23 145
23 152
23 156
23 158
23 160
23 165
24 23
24 35
24 79
24 92
24 95
24 96
24 127
24 132
24 168
24 186
24 187
25 14
25 19
25 20
25 23
25 32
25 35
25 36
25 53
25 68
25 80
25 107
25 133
25 135
25 139
25 147
25 154
25 159
25 160
25 162
25 185
25 188
26 4
26 6
26 32
26 36
26 65
26 75
26 86
26 109
26 118
26 120
26 123
26 152
26 186
27 4
27 8
27 34
27 35
27 47
27 48
27 53
27 58
27 71
27 102
27 103
27 110
27 123
27 124
27 126
27 140
27 146
27 157
27 159
27 163
27 174
27 178
27 196
28 2
28 9
28 23
28 30
28 40
28 41
28 51
28 52
28 110
28 112
28 153
28 156
28 163
28 174
28 192
28 199
29 7
29 8
29 43
29 46
29 47
29 48
29 68
29 93
29 134
29 143
29 153
29 155
29 156
29 173
29 197
30 1
30 17
30 28
30 48
30 56
30 90
30 93
30 106
30 115
30 117
30 119
30 129
30 136
30 142
30 161
30 165
30 178
30 192
30 194
31 48
31 63
31 69
31 74
31 78
31 81
31 82
31 91
31 93
31 99
31 112
31 136
31 144
31 150
31 199
32 7
32 19
32 25
32 26
32 35
32 38
32 42
32 43
32 55
32 107
32 109
32 128
32 129
32 130
32 138
32 142
32 156
32 176
32 187
32 190
32 192
33 6
33 23
33 49
33 58
33 75
33 78
33 105
33 115
33 117
33 119
33 125
33 184
33 196
34 0
34 2
34 3
34 4
34 9
34 27
34 42
34 62
34 72
34 73
34 80
34 84
34 86
34 112
34 129
34 131
34 141
34 145
34 160
34 169
34 182
34 188
34 191
35 0
35 4
35 5
35 8
35 17
35 24
35 25
35 27
35 32
35 51
35 54
35 68
35 75
35 97
35 106
35 114
35 116
35 123
35 127
35 133
35 136
35 148
35 150
35 156
35 176
35 181
36 2
36 16
36 20
36 25
36 26
36 62
36 63
36 70
36 76
36 95
36 97
36 104
36 129
36 176
36 179
36 195
37 12
37 22
37 44
37 61
37 63
37 85
37 87
37 112
37 123
37 159
37 162
37 169
37 178
37 179
38 2
38 12
38 32
38 46
38 58
38 60
38 65
38 77
38 87
38 89
38 102
38 116
38 130
38 141
38 152
38 161
38 163
38 167
38 186
38 196
38 197
39 2
39 9
39 16
39 22
39 45
39 49
39 55
39 107
39 114
39 115
39 116
39 118
39 130
39 135
39 151
39 159
39 162
39 166
39 174
39 175
39 183
39 193
39 199
40 6
40 13
40 20
40 28
40 59
40 60
40 63
40 82
40 92
40 100
40 102
40 106
40 113
40 117
40 134
40 135
40 139
40 169
40 173
40 177
40 178
40 181
41 6
41 28
41 62
41 68
41 76
41 85
41 99
41 103
41 119
41 134
41 151
41 168
41 186
41 188
41 195
41 196
41 197
42 32
42 34
42 45
42 48
42 56
42 74
42 75
42 85
42 93
42 114
42 134
42 136
42 150
42 162
42 170
42 171
42 176
42 180
42 190
42 197
42 198
43 12
43 18
43 29
43 32
43 53
43 58
43 63
43 81
43 87
43 91
43 108
43 110
43 129
43 135
43 151
43 158
43 161
43 171
43 175
43 176
43 183
44 10
44 20
44 23
44 37
44 50
44 51
44 53
44 71
44 75
44 92
44 110
44 131
44 136
44 152
44 175
44 185
44 186
44 196
45 21
45 23
45 39
45 42
45 54
45 58
45 59
45 66
45 70
45 75
45 106
45 107
45 109
45 111
45 132
45 133
45 157
45 163
45 168
45 180
45 191
46 6
46 8
46 14
46 16
46 29
46 38
46 60
46 63
46 67
46 70
46 91
46 103
46 111
46 124
46 134
46 141
46 166
46 171
46 174
46 186
46 197
47 8
47 20
47 23
47 27
47 29
47 58
47 59
47 90
47 112
47 115
47 122
47 127
47 133
47 134
47 139
47 140
47 152
47 163
48 22
48 27
48 29
48 30
48 31
48 42
48 56
48 67
48 78
48 84
48 91
48 93
48 104
48 109
48 110
48 121
48 128
48 131
48 142
48 176
48 185
48 187
48 190
48 194
49 3
49 5
49 21
49 33
49 39
49 61
49 63
49 70
49 74
49 78
49 80
49 95
49 107
49 112
49 114
49 122
49 127
49 142
49 157
49 179
49 185
49 191
49 196
50 3
50 13
50 18
50 44
50 61
50 73
50 82
50 91
50 100
50 117
50 132
50 141
50 161
50 178
50 184
50 186
50 191
50 192
50 195
51 8
51 28
51 35
51 44
51 66
51 89
51 92
51 96
51 108
51 117
51 126
51 142
51 143
51 163
51 165
51 169
51 198
52 17
52 18
52 28
52 54
52 58
52 64
52 87
52 90
52 126
52 143
52 160
52 172
52 179
52 186
52 195
53 10
53 25
53 27
53 43
53 44
53 61
53 65
53 67
53 72
53 73
53 117
53 123
53 132
53 137
53 141
53 159
53 169
53 174
53 180
53 183
53 184
53 193
53 195
54 2
54 8
54 12
54 16
54 35
54 45
54 52
54 65
54 81
54 83
54 97
54 101
54 102
54 116
54 127
54 144
54 159
54 161
54 177
54 185
55 3
55 11
55 32
55 39
55 59
55 63
55 69
55 70
55 75
55 83
55 88
55 89
55 107
55 112
55 146
55 153
55 155
55 173
55 184
55 185
55 191
55 194
55 195
56 1
56 6
56 9
56 10
56 14
56 30
56 42
56 48
56 67
56 76
56 78
56 85
56 112
56 118
56 126
56 129
56 140
56 157
56 163
57 0
57 15
57 17
57 75
57 81
57 90
57 94
57 96
57 98
57 106
57 111
57 117
57 132
57 140
57 174
57 176
57 185
58 12
58 23
58 27
58 33
58 38
58 43
58 45
58 47
58 52
58 78
58 87
58 120
58 125
58 128
58 160
58 168
59 1
59 8
59 9
59 40
59 45
59 47
59 55
59 66
59 73
59 87
59 120
59 126
59 138
59 166
59 191
59 196
60 11
60 15
60 19
60 38
60 40
60 46
60 67
60 74
60 96
60 97
60 100
60 106
60 108
60 134
60 156
60 157
60 159
60 161
60 181
60 184
61 12
61 13
61 21
61 37
61 49
61 50
61 53
61 64
61 82
61 84
61 100
61 105
61 112
61 114
61 118
61 123
61 124
61 127
61 130
61 167
61 173
61 174
61 184
61 191
61 195
61 199
62 34
62 36
62 41
62 66
62 73
62 78
62 137
62 145
62 154
62 159
62 161
62 194
62 198
63 14
63 31
63 36
63 37
63 40
63 43
63 46
63 49
63 55
63 119
63 147
63 172
63 173
64 8
64 15
64 17
64 18
64 52
64 61
64 65
64 75
64 77
64 80
64 87
64 97
64 98
64 102
64 105
64 106
64 107
64 117
64 134
64 143
64 144
64 146
64 149
64 156
64 165
64 177
64 194
64 197
65 6
65 10
65 13
65 26
65 38
65 53
65 54
65 64
65 83
65 88
65 99
65 126
65 139
65 145
65 156
65 162
65 164
65 178
65 187
66 20
66 23
66 45
66 51
66 59
66 62
66 81
66 90
66 91
66 110
66 113
66 152
66 165
66 171
66 176
66 183
66 185
66 187
67 9
67 15
67 46
67 48
67 53
67 56
67 60
67 70
67 76
67 80
67 87
67 94
67 97
67 99
67 129
67 140
67 153
67 165
67 168
67 169
67 173
67 174
67 185
68 6
68 12
68 20
68 22
68 25
68 29
68 35
68 41
68 84
68 121
68 123
68 138
69 31
69 55
69 79
69 82
69 89
69 90
69 103
69 110
69 113
69 114
69 117
69 126
69 153
69 154
69 155
69 157
69 165
69 180
69 184
70 7
70 17
70 36
70 45
70 46
70 49
70 55
70 67
70 74
70 75
70 121
70 127
70 145
70 165
70 169
70 170
71 0
71 2
71 4
71 27
71 44
71 72
71 73
71 74
71 83
71 88
71 92
71 94
71 98
71 102
71 105
71 111
71 115
71 117
71 128
71 140
71 170
71 195
71 198
72 3
72 6
72 8
72 14
72 16
72 18
72 21
72 22
72 34
72 53
72 71
72 76
72 84
72 96
72 103
72 104
72 121
72 148
72 152
72 162
72 181
73 8
73 15
73 21
73 23
73 34
73 50
73 53
73 59
73 62
73 71
73 76
73 78
73 100
73 109
73 110
73 122
73 182
73 184
73 189
73 191
74 12
74 21
74 31
74 42
74 49
74 60
74 70
74 71
74 75
74 80
74 93
74 96
74 104
74 107
74 120
74 123
74 124
74 151
74 154
74 163
74 168
75 26
75 33
75 35
75 42
75 44
75 45
75 55
75 57
75 64
75 70
75 74
75 76
75 93
75 110
75 116
75 134
75 144
75 153
75 154
75 169
75 172
75 180
75 183
75 185
75 192
75 197
76 8
76 36
76 41
76 56
76 67
76 72
76 73
76 75
76 92
76 100
76 135
76 139
76 141
76 151
76 164
76 166
76 179
76 189
76 196
77 15
77 38
77 64
77 97
77 98
77 122
77 137
77 144
77 151
77 159
77 160
77 178
77 189
78 5
78 9
78 17
78 31
78 33
78 48
78 49
78 56
78 58
78 62
78 73
78 103
78 108
78 116
78 119
78 126
78 129
78 142
78 148
78 151
78 152
78 153
78 156
78 158
78 181
78 190
78 195
79 0
79 16
79 24
79 69
79 95
79 108
79 110
79 118
79 131
79 139
79 161
79 189
80 13
80 14
80 17
80 20
80 25
80 34
80 49
80 64
80 67
80 74
80 96
80 112
80 114
80 131
80 133
80 142
80 143
80 148
80 159
80 168
80 189
80 194
81 2
81 31
81 43
81 54
81 57
81 66
81 88
81 91
81 97
81 111
81 115
81 126
81 132
81 138
81 141
81 149
81 153
81 166
81 173
81 176
81 184
82 7
82 8
82 15
82 31
82 40
82 50
82 61
82 69
82 104
82 111
82 112
82 122
82 136
82 139
82 155
82 180
82 186
83 0
83 3
83 12
83 54
83 55
83 65
83 71
83 94
83 103
83 127
83 135
83 156
83 164
83 166
83 183
83 186
83 199
84 11
84 34
84 48
84 61
84 68
84 72
84 88
84 95
84 102
84 117
84 118
84 136
84 137
84 139
84 143
84 183
84 194
84 199
85 11
85 14
85 17
85 37
85 41
85 42
85 56
85 87
85 112
85 113
85 123
85 133
85 162
85 170
85 171
85 173
85 178
85 193
85 196
85 198
86 5
86 23
86 26
86 34
86 93
86 102
86 113
86 114
86 123
86 124
86 134
86 139
86 140
86 151
86 156
86 160
86 171
86 172
86 174
86 176
86 179
86 190
86 198
87 2
87 5
87 17
87 19
87 22
87 37
87 38
87 43
87 52
87 58
87 59
87 64
87 67
87 85
87 89
87 90
87 111
87 130
87 136
87 159
87 163
87 185
87 188
87 194
88 6
88 55
88 65
88 71
88 81
88 84
88 102
88 111
88 118
88 121
88 123
88 130
88 132
88 133
88 139
88 150
88 158
88 195
88 199
89 0
89 3
89 7
89 20
89 38
89 51
89 55
89 69
89 87
89 98
89 103
89 112
89 120
89 123
89 126
89 155
89 157
89 159
89 173
89 187
90 2
90 7
90 12
90 13
90 20
90 21
90 30
90 47
90 52
90 57
90 66
90 69
90 87
90 92
90 105
90 115
90 129
90 175
90 182
90 188
90 190
90 194
91 18
91 31
91 43
91 46
91 48
91 50
91 66
91 81
91 93
91 109
91 152
91 161
91 176
91 185
92 11
92 13
92 24
92 40
92 44
92 51
92 71
92 76
92 90
92 98
92 100
92 102
92 125
92 132
92 133
92 137
92 138
92 139
92 143
92 156
92 164
92 169
92 171
92 177
92 183
92 185
93 19
93 20
93 29
93 30
93 31
93 42
93 48
93 74
93 75
93 86
93 91
93 94
93 106
93 118
93 119
93 121
93 125
93 135
93 139
93 144
93 158
93 184
93 192
93 194
94 10
94 16
94 20
94 21
94 57
94 67
94 71
94 83
94 93
94 105
94 138
94 143
94 146
94 154
94 161
94 165
94 170
94 189
94 195
95 4
95 9
95 24
95 36
95 49
95 79
95 84
95 102
95 108
95 114
95 125
95 135
95 138
95 139
95 144
95 147
95 151
95 178
95 188
95 193
96 5
96 24
96 51
96 57
96 60
96 72
96 74
96 80
96 127
96 144
96 173
96 187
96 193
96 199
97 1
97 5
97 6
97 35
97 36
97 54
97 60
97 64
97 67
97 77
97 81
97 155
97 168
97 170
97 175
97 183
98 11
98 57
98 64
98 71
98 77
98 89
98 92
98 108
98 130
98 147
98 155
98 157
98 166
98 175
98 177
98 191
99 1
99 6
99 8
99 12
99 14
99 19
99 31
99 41
99 65
99 67
99 108
99 112
99 121
99 125
99 128
99 130
99 131
99 141
99 145
99 153
99 161
99 162
99 176
99 199
100 22
100 40
100 50
100 60
100 61
100 73
100 76
100 92
100 102
100 113
100 119
100 134
100 138
100 155
100 172
100 185
100 198
101 3
101 16
101 21
101 54
101 121
101 122
101 138
101 141
101 142
101 186
101 193
101 196
102 17
102 19
102 27
102 38
102 40
102 54
102 64
102 71
102 84
102 86
102 88
102 92
102 95
102 100
102 171
102 173
102 182
102 186
102 198
103 2
103 4
103 22
103 27
103 41
103 46
103 69
103 72
103 78
103 83
103 89
103 108
103 109
103 133
103 137
103 153
103 163
103 173
103 174
103 181
103 189
103 195
104 16
104 20
104 36
104 48
104 72
104 74
104 82
104 115
104 117
104 128
104 156
104 175
105 11
105 33
105 61
105 64
105 71
105 90
105 94
105 128
105 144
105 163
105 169
105 195
105 197
106 18
106 19
106 30
106 35
106 40
106 45
106 57
106 60
106 64
106 93
106 117
106 124
106 131
106 164
106 171
106 173
106 190
106 197
107 0
107 9
107 15
107 16
107 25
107 32
107 39
107 45
107 49
107 55
107 64
107 74
107 121
107 127
107 129
107 145
107 151
107 160
107 173
107 175
107 186
107 187
107 189
108 4
108 15
108 23
108 43
108 51
108 60
108 78
108 79
108 95
108 98
108 99
108 103
108 109
108 124
108 131
108 137
108 145
108 163
108 174
108 190
109 2
109 3
109 26
109 32
109 45
109 48
109 73
109 91
109 103
109 108
109 112
109 123
109 133
109 136
109 149
109 151
109 155
109 159
109 169
109 172
109 181
109 192
109 195
110 2
110 9
110 13
110 19
110 21
110 23
110 27
110 28
110 43
110 44
110 48
110 66
110 69
110 73
110 75
110 79
110 112
110 152
111 5
111 16
111 23
111 45
111 46
111 57
111 71
111 81
111 82
111 87
111 88
111 118
111 122
111 129
111 138
111 159
111 187
112 10
112 28
112 31
112 34
112 37
112 47
112 49
112 55
112 56
112 61
112 80
112 82
112 85
112 89
112 99
112 109
112 110
112 119
112 139
112 147
112 153
112 174
112 181
112 183
112 197
113 13
113 15
113 40
113 66
113 69
113 85
113 86
113 100
113 128
113 144
113 154
113 166
113 187
113 188
114 9
114 35
114 39
114 42
114 49
114 61
114 69
114 80
114 86
114 95
114 115
114 122
114 126
114 140
114 145
114 162
114 179
114 196
114 199
115 30
115 33
115 39
115 47
115 71
115 81
115 90
115 104
115 114
115 122
115 124
115 139
115 140
115 152
115 158
115 175
115 177
115 178
115 192
116 0
116 14
116 21
116 35
116 38
116 39
116 54
116 75
116 78
116 122
116 124
116 133
116 134
116 136
116 153
116 154
116 165
116 185
116 192
116 194
117 5
117 8
117 20
117 21
117 30
117 33
117 40
117 50
117 51
117 53
117 57
117 64
117 69
117 71
117 84
117 104
117 106
117 132
117 133
117 164
117 166
117 173
117 192
118 9
118 14
118 26
118 39
118 56
118 61
118 79
118 84
118 88
118 93
118 111
118 120
118 138
118 141
118 143
118 152
118 158
118 178
118 187
119 30
119 33
119 41
119 63
119 78
119 93
119 100
119 112
119 121
119 125
119 133
119 143
119 170
119 195
120 18
120 26
120 58
120 59
120 74
120 89
120 118
120 123
120 130
120 135
120 170
120 175
120 176
120 178
120 191
121 7
121 16
121 17
121 48
121 68
121 70
121 72
121 88
121 93
121 99
121 101
121 107
121 119
121 126
121 133
121 149
121 150
121 156
121 181
121 196
121 198
122 1
122 22
122 47
122 49
122 73
122 77
122 82
122 101
122 111
122 114
122 115
122 116
122 150
122 168
122 173
122 184
123 8
123 10
123 26
123 27
123 35
123 37
123 53
123 61
123 68
123 74
123 85
123 86
123 88
123 89
123 109
123 120
123 135
123 152
123 169
123 172
123 173
123 183
123 187
123 193
124 2
124 19
124 27
124 46
124 61
124 74
124 86
124 106
124 108
124 115
124 116
124 136
124 158
124 179
125 0
125 1
125 4
125 14
125 20
125 33
125 58
125 92
125 93
125 95
125 99
125 119
125 127
125 128
125 129
125 143
125 163
125 167
125 172
125 195
126 0
126 10
126 19
126 20
126 23
126 27
126 51
126 52
126 56
126 59
126 65
126 69
126 78
126 81
126 89
126 114
126 121
126 128
126 142
126 150
126 155
126 175
126 189
126 194
126 197
126 198
127 5
127 24
127 35
127 47
127 49
127 54
127 61
127 70
127 83
127 96
127 107
127 125
127 130
127 133
127 138
127 140
127 166
127 182
127 192
128 7
128 32
128 48
128 58
128 71
128 99
128 104
128 105
128 113
128 125
128 126
128 136
128 147
128 170
128 195
128 198
129 1
129 14
129 18
129 19
129 30
129 32
129 34
129 36
129 43
129 56
129 67
129 78
129 90
129 107
129 111
129 125
129 132
129 141
129 149
129 154
129 158
129 174
129 184
129 188
129 198
129 199
130 0
130 20
130 32
130 38
130 39
130 61
130 87
130 88
130 98
130 99
130 120
130 127
130 136
130 147
130 178
130 193
131 0
131 5
131 9
131 12
131 15
131 16
131 17
131 34
131 44
131 48
131 79
131 80
131 99
131 106
131 108
131 155
131 178
131 184
132 9
132 20
132 22
132 24
132 45
132 50
132 53
132 57
132 81
132 88
132 92
132 117
132 129
132 134
132 156
132 158
132 189
132 194
133 4
133 5
133 14
133 25
133 35
133 45
133 47
133 80
133 85
133 88
133 92
133 103
133 109
133 116
133 117
133 119
133 121
133 127
133 137
133 167
133 169
133 175
133 188
133 189
133 192
133 196
134 8
134 29
134 40
134 41
134 42
134 46
134 47
134 60
134 64
134 75
134 86
134 100
134 116
134 132
134 139
134 143
134 189
134 192
134 195
135 0
135 1
135 11
135 25
135 39
135 40
135 43
135 76
135 83
135 93
135 95
135 120
135 123
135 136
135 147
135 153
135 173
135 198
136 13
136 17
136 30
136 31
136 35
136 42
136 44
136 82
136 84
136 87
136 109
136 116
136 124
136 128
136 130
136 135
136 140
136 165
136 171
136 188
136 195
137 3
137 4
137 7
137 14
137 18
137 53
137 62
137 77
137 84
137 92
137 103
137 108
137 133
137 138
137 139
137 173
137 180
137 193
138 3
138 13
138 16
138 22
138 32
138 59
138 68
138 81
138 92
138 94
138 95
138 100
138 101
138 111
138 118
138 127
138 137
138 143
138 152
138 162
138 164
138 167
138 168
138 185
138 190
138 193
139 25
139 40
139 47
139 65
139 76
139 79
139 82
139 84
139 86
139 88
139 92
139 93
139 95
139 112
139 115
139 134
139 137
139 149
139 150
139 153
139 166
139 179
139 182
139 184
139 192
140 7
140 27
140 47
140 56
140 57
140 67
140 71
140 86
140 114
140 115
140 127
140 136
140 143
140 148
140 176
140 189
140 193
140 198
141 12
141 34
141 38
141 46
141 50
141 53
141 76
141 81
141 99
141 101
141 118
141 129
141 151
141 162
141 168
141 171
141 174
141 191
141 193
141 194
142 9
142 12
142 17
142 21
142 30
142 32
142 48
142 49
142 51
142 78
142 80
142 101
142 126
142 156
142 176
142 179
142 182
142 187
143 11
143 15
143 19
143 29
143 51
143 52
143 64
143 80
143 84
143 92
143 94
143 118
143 119
143 125
143 134
143 138
143 140
143 146
143 149
143 165
143 169
143 171
143 177
143 180
143 186
144 20
144 31
144 54
144 64
144 75
144 77
144 93
144 95
144 96
144 105
144 113
144 152
144 157
144 159
144 165
144 180
144 183
144 186
144 189
144 192
144 197
145 2
145 5
145 12
145 23
145 34
145 62
145 65
145 70
145 99
145 107
145 108
145 114
145 156
145 166
145 172
145 175
145 177
145 194
146 2
146 9
146 17
146 21
146 27
146 55
146 64
146 94
146 143
146 151
146 155
146 169
146 188
146 195
147 0
147 1
147 25
147 63
147 95
147 98
147 112
147 128
147 130
147 135
147 183
147 184
147 195
148 1
148 11
148 35
148 72
148 78
148 80
148 140
148 151
148 155
148 173
149 3
149 5
149 7
149 8
149 16
149 64
149 81
149 109
149 121
149 129
149 139
149 143
149 155
149 187
149 195
150 13
150 15
150 31
150 35
150 42
150 88
150 121
150 122
150 126
150 139
150 156
150 182
150 194
150 197
151 1
151 10
151 21
151 39
151 41
151 43
151 74
151 76
151 77
151 78
151 86
151 95
151 107
151 109
151 141
151 146
151 148
151 172
151 175
151 190
151 195
151 197
152 9
152 23
152 26
152 38
152 44
152 47
152 66
152 72
152 78
152 91
152 110
152 115
152 118
152 123
152 138
152 144
152 158
152 167
152 181
153 0
153 6
153 28
153 29
153 55
153 67
153 69
153 75
153 78
153 81
153 99
153 103
153 112
153 116
153 135
153 139
153 156
153 159
153 161
153 170
153 192
154 2
154 4
154 12
154 17
154 25
154 62
154 69
154 74
154 75
154 94
154 113
154 116
154 129
154 155
154 157
154 164
154 166
154 171
154 175
154 178
154 199
155 1
155 3
155 29
155 55
155 69
155 82
155 89
155 97
155 98
155 100
155 109
155 126
155 131
155 146
155 148
155 149
155 154
155 161
155 169
155 178
156 20
156 23
156 28
156 29
156 32
156 35
156 60
156 64
156 65
156 78
156 83
156 86
156 92
156 104
156 121
156 132
156 142
156 145
156 150
156 153
156 160
156 162
156 174
156 177
156 187
156 197
157 1
157 20
157 27
157 45
157 49
157 56
157 60
157 69
157 89
157 98
157 144
157 154
157 158
157 161
157 167
157 171
157 173
157 179
157 183
157 197
158 0
158 5
158 17
158 21
158 23
158 43
158 78
158 88
158 93
158 115
158 118
158 124
158 129
158 132
158 152
158 157
158 164
158 166
158 168
158 175
158 186
158 196
159 14
159 25
159 27
159 37
159 39
159 53
159 54
159 60
159 62
159 77
159 80
159 87
159 89
159 109
159 111
159 144
159 153
159 174
159 186
159 189
159 197
159 199
160 23
160 25
160 34
160 52
160 58
160 77
160 86
160 107
160 156
160 161
160 170
160 181
160 191
160 197
161 30
161 38
161 43
161 50
161 54
161 60
161 62
161 79
161 91
161 94
161 99
161 153
161 155
161 157
161 160
161 166
161 189
162 22
162 25
162 37
162 39
162 42
162 65
162 72
162 85
162 99
162 114
162 138
162 141
162 156
162 164
162 165
163 9
163 12
163 21
163 27
163 28
163 38
163 45
163 47
163 51
163 56
163 74
163 87
163 103
163 105
163 108
163 125
163 164
163 171
163 182
163 188
163 197
164 13
164 65
164 76
164 83
164 92
164 106
164 117
164 138
164 154
164 158
164 162
164 163
164 172
164 176
164 191
164 196
164 197
165 16
165 23
165 30
165 51
165 64
165 66
165 67
165 69
165 70
165 94
165 116
165 136
165 143
165 144
165 162
165 173
165 174
165 183
165 188
166 3
166 22
166 39
166 46
166 59
166 76
166 81
166 83
166 98
166 113
166 117
166 127
166 139
166 145
166 154
166 158
166 161
166 199
167 14
167 18
167 38
167 61
167 125
167 133
167 138
167 152
167 157
167 171
167 173
167 175
167 176
167 179
167 187
167 198
168 8
168 14
168 16
168 24
168 41
168 45
168 58
168 67
168 74
168 80
168 97
168 122
168 138
168 141
168 158
168 175
168 186
169 1
169 2
169 34
169 37
169 40
169 51
169 53
169 67
169 70
169 75
169 92
169 105
169 109
169 123
169 133
169 143
169 146
169 155
169 172
169 182
169 189
170 13
170 14
170 16
170 19
170 42
170 70
170 71
170 85
170 94
170 97
170 119
170 120
170 128
170 153
170 160
170 172
170 189
170 192
170 196
171 42
171 43
171 46
171 66
171 85
171 86
171 92
171 102
171 106
171 136
171 141
171 143
171 154
171 157
171 163
171 167
171 175
171 189
172 19
172 20
172 52
172 63
172 75
172 86
172 100
172 109
172 123
172 125
172 145
172 151
172 164
172 169
172 170
172 187
172 193
173 3
173 29
173 40
173 55
173 61
173 63
173 67
173 81
173 85
173 89
173 96
173 102
173 103
173 106
173 107
173 117
173 122
173 123
173 135
173 137
173 148
173 157
173 165
173 167
173 180
173 195
174 5
174 27
174 28
174 39
174 46
174 53
174 57
174 61
174 67
174 86
174 103
174 108
174 112
174 129
174 141
174 156
174 159
174 165
174 183
174 185
174 193
174 196
175 4
175 9
175 22
175 39
175 43
175 44
175 90
175 97
175 98
175 104
175 107
175 115
175 120
175 126
175 133
175 145
175 151
175 154
175 158
175 167
175 168
175 171
175 177
175 181
175 186
175 188
175 189
176 32
176 35
176 36
176 42
176 43
176 48
176 57
176 66
176 81
176 86
176 91
176 99
176 120
176 140
176 142
176 164
176 167
176 181
176 186
176 198
177 3
177 21
177 40
177 54
177 64
177 92
177 98
177 115
177 143
177 145
177 156
177 175
177 198
178 1
178 3
178 4
178 7
178 8
178 27
178 30
178 37
178 40
178 50
178 65
178 77
178 85
178 95
178 115
178 118
178 120
178 130
178 131
178 154
178 155
178 184
178 190
178 199
179 3
179 8
179 10
179 36
179 37
179 49
179 52
179 76
179 86
179 114
179 124
179 139
179 142
179 157
179 167
179 182
179 186
179 196
179 198
180 0
180 1
180 6
180 42
180 45
180 53
180 69
180 75
180 82
180 137
180 143
180 144
180 173
180 181
180 185
181 0
181 13
181 14
181 17
181 35
181 40
181 60
181 72
181 78
181 103
181 109
181 112
181 121
181 152
181 160
181 175
181 176
181 180
181 184
181 195
182 7
182 9
182 19
182 21
182 34
182 73
182 90
182 102
182 127
182 139
182 142
182 150
182 163
182 169
182 179
182 192
183 39
183 43
183 53
183 66
183 75
183 83
183 84
183 92
183 97
183 112
183 123
183 144
183 147
183 157
183 165
183 174
183 190
183 192
184 7
184 12
184 33
184 50
184 53
184 55
184 60
184 61
184 69
184 73
184 81
184 93
184 122
184 129
184 131
184 139
184 147
184 178
184 181
185 11
185 20
185 25
185 44
185 48
185 49
185 54
185 55
185 57
185 66
185 67
185 75
185 87
185 91
185 92
185 100
185 116
185 138
185 174
185 180
185 191
185 194
185 198
186 13
186 16
186 24
186 26
186 38
186 41
186 44
186 46
186 50
186 52
186 82
186 83
186 101
186 102
186 107
186 143
186 144
186 158
186 159
186 168
186 175
186 176
186 179
186 188
186 197
187 2
187 24
187 32
187 48
187 65
187 66
187 89
187 96
187 107
187 111
187 113
187 118
187 123
187 142
187 149
187 156
187 167
187 172
188 10
188 25
188 34
188 41
188 87
188 90
188 95
188 113
188 129
188 133
188 136
188 146
188 163
188 165
188 175
188 186
188 194
189 9
189 10
189 73
189 76
189 77
189 79
189 80
189 94
189 103
189 107
189 126
189 132
189 133
189 134
189 140
189 144
189 159
189 161
189 169
189 170
189 171
189 175
189 191
190 9
190 32
190 42
190 48
190 78
190 86
190 90
190 106
190 108
190 138
190 151
190 178
190 183
190 195
191 4
191 15
191 34
191 45
191 49
191 50
191 55
191 59
191 61
191 73
191 98
191 120
191 141
191 160
191 164
191 185
191 189
192 3
192 8
192 21
192 28
192 30
192 32
192 50
192 75
192 93
192 109
192 115
192 116
192 117
192 127
192 133
192 134
192 139
192 144
192 153
192 170
192 182
192 183
192 196
192 199
193 2
193 9
193 13
193 39
193 53
193 85
193 95
193 96
193 101
193 123
193 130
193 137
193 138
193 140
193 141
193 172
193 174
194 14
194 30
194 48
194 55
194 62
194 64
194 80
194 84
194 87
194 90
194 93
194 116
194 126
194 132
194 141
194 145
194 150
194 185
194 188
194 199
195 8
195 11
195 16
195 21
195 36
195 41
195 50
195 52
195 53
195 55
195 61
195 71
195 78
195 88
195 94
195 103
195 105
195 109
195 119
195 125
195 128
195 134
195 136
195 146
195 147
195 149
195 151
195 173
195 181
195 190
196 8
196 12
196 13
196 22
196 27
196 33
196 38
196 41
196 44
196 49
196 59
196 76
196 85
196 101
196 114
196 121
196 133
196 158
196 164
196 170
196 174
196 179
196 192
197 3
197 16
197 20
197 29
197 38
197 41
197 42
197 46
197 64
197 75
197 105
197 106
197 112
197 126
197 144
197 150
197 151
197 156
197 157
197 159
197 160
197 163
197 164
197 186
198 6
198 14
198 42
198 51
198 62
198 71
198 85
198 86
198 100
198 102
198 121
198 126
198 128
198 129
198 135
198 140
198 167
198 176
198 177
198 179
198 185
199 5
199 13
199 28
199 31
199 39
199 61
199 83
199 84
199 88
199 96
199 99
199 114
199 129
199 154
199 159
199 166
199 178
199 192
199 194