500 6235
0 7
0 26
0 76
0 78
0 88
0 93
0 114
0 117
0 127
0 142
0 185
0 204
0 211
0 234
0 237
0 244
0 303
0 306
0 311
0 320
0 376
0 423
0 484
1 18
1 33
1 41
1 74
1 95
1 105
1 110
1 117
1 142
1 143
1 146
1 156
1 188
1 212
1 216
1 231
1 295
1 328
1 340
1 342
1 353
1 368
1 398
1 436
1 444
1 460
1 484
2 12
2 83
2 103
2 105
2 123
2 136
2 174
2 244
2 317
2 327
2 346
2 355
2 359
2 382
2 383
2 414
2 416
2 420
2 430
2 443
2 453
2 480
3 30
3 83
3 109
3 147
3 150
3 159
3 222
3 232
3 235
3 250
3 251
3 291
3 309
3 365
3 386
3 416
3 432
3 456
3 467
3 492
4 15
4 58
4 98
4 106
4 130
4 138
4 202
4 205
4 256
4 263
4 306
4 313
4 337
4 411
4 423
4 454
4 471
4 473
4 490
5 19
5 45
5 48
5 91
5 114
5 142
5 212
5 213
5 226
5 269
5 303
5 372
5 428
5 430
5 455
5 456
5 462
5 473
6 16
6 21
6 29
6 44
6 88
6 100
6 109
6 116
6 128
6 141
6 142
6 176
6 183
6 227
6 228
6 233
6 255
6 262
6 293
6 312
6 382
6 390
6 401
6 435
6 447
6 472
6 482
6 491
7 0
7 18
7 22
7 38
7 42
7 93
7 99
7 131
7 158
7 164
7 177
7 193
7 205
7 218
7 225
7 252
7 253
7 254
7 260
7 261
7 274
7 283
7 319
7 341
7 342
7 351
7 384
7 440
7 464
7 465
7 474
7 486
7 490
7 493
8 60
8 68
8 127
8 129
8 164
8 173
8 206
8 210
8 222
8 223
8 253
8 269
8 293
8 298
8 300
8 308
8 341
8 388
8 397
8 421
8 430
8 435
8 436
8 438
8 449
8 499
9 38
9 72
9 104
9 114
9 128
9 139
9 152
9 165
9 175
9 204
9 275
9 299
9 338
9 377
9 386
9 399
9 443
10 38
10 41
10 83
10 114
10 121
10 124
10 135
10 138
10 179
10 183
10 229
10 236
10 256
10 259
10 300
10 336
10 341
10 360
10 381
10 461
11 43
11 58
11 60
11 66
11 78
11 89
11 93
11 104
11 114
11 137
11 152
11 158
11 172
11 174
11 196
11 213
11 224
11 260
11 263
11 281
11 286
11 294
11 297
11 300
11 317
11 334
11 494
12 2
12 22
12 34
12 83
12 121
12 139
12 164
12 174
12 200
12 211
12 253
12 278
12 289
12 314
12 316
12 340
12 344
12 351
12 386
12 399
12 441
12 460
12 497
13 20
13 50
13 65
13 73
13 78
13 102
13 107
13 156
13 162
13 171
13 210
13 222
13 235
13 240
13 253
13 272
13 296
13 297
13 303
13 305
13 330
13 332
13 345
13 414
13 432
13 441
13 444
13 471
13 492
14 18
14 21
14 29
14 36
14 41
14 64
14 123
14 173
14 176
14 197
14 198
14 225
14 288
14 304
14 328
14 347
14 348
14 356
14 362
14 372
14 388
14 389
14 390
14 424
14 463
14 495
15 4
15 21
15 43
15 55
15 68
15 141
15 156
15 167
15 187
15 208
15 233
15 276
15 299
15 357
15 365
15 388
15 401
15 448
15 449
16 6
16 19
16 25
16 54
16 56
16 61
16 96
16 99
16 122
16 131
16 145
16 150
16 175
16 182
16 191
16 221
16 222
16 227
16 241
16 249
16 279
16 392
16 402
16 441
16 494
17 48
17 71
17 97
17 99
17 115
17 154
17 207
17 217
17 218
17 233
17 239
17 241
17 261
17 340
17 351
17 364
17 386
17 455
17 474
18 1
18 7
18 14
18 72
18 77
18 95
18 127
18 157
18 175
18 176
18 183
18 237
18 240
18 247
18 248
18 291
18 319
18 326
18 345
18 368
18 385
18 390
18 444
18 455
18 483
19 5
19 16
19 29
19 30
19 39
19 67
19 93
19 96
19 99
19 103
19 128
19 130
19 131
19 135
19 171
19 174
19 226
19 228
19 236
19 239
19 252
19 293
19 297
19 362
19 369
19 401
19 405
19 413
19 417
19 428
19 433
19 438
19 446
19 467
19 492
19 497
20 13
20 75
20 82
20 108
20 127
20 147
20 168
20 172
20 189
20 193
20 198
20 202
20 230
20 234
20 239
20 271
20 290
20 298
20 303
20 308
20 310
20 327
20 353
20 356
20 373
20 452
20 456
20 464
20 486
20 494
21 6
21 14
21 15
21 54
21 59
21 65
21 68
21 73
21 79
21 96
21 118
21 125
21 131
21 152
21 174
21 189
21 211
21 222
21 227
21 239
21 360
21 407
21 412
21 438
21 466
21 467
21 482
21 488
22 7
22 12
22 36
22 41
22 54
22 59
22 62
22 91
22 92
22 104
22 136
22 149
22 172
22 193
22 202
22 209
22 232
22 241
22 249
22 257
22 273
22 277
22 282
22 309
22 344
22 348
22 349
22 395
22 398
22 462
22 473
23 25
23 68
23 97
23 98
23 101
23 113
23 148
23 176
23 187
23 231
23 232
23 243
23 266
23 277
23 307
23 344
23 348
23 362
23 418
23 420
23 474
23 492
24 60
24 72
24 108
24 126
24 134
24 163
24 167
24 174
24 175
24 200
24 291
24 388
24 419
24 429
24 450
24 456
25 16
25 23
25 26
25 31
25 51
25 57
25 60
25 90
25 105
25 107
25 117
25 201
25 251
25 302
25 315
25 318
25 342
25 356
25 359
25 368
25 369
25 373
25 390
25 438
25 443
25 474
25 480
25 484
25 489
26 0
26 25
26 67
26 71
26 83
26 94
26 98
26 116
26 148
26 172
26 175
26 233
26 235
26 251
26 263
26 264
26 289
26 299
26 302
26 307
26 313
26 317
26 365
26 373
26 386
26 399
26 403
26 404
26 405
26 409
26 426
26 427
26 445
26 475
26 489
26 490
27 33
27 49
27 55
27 70
27 86
27 104
27 128
27 142
27 157
27 175
27 181
27 194
27 212
27 219
27 225
27 241
27 307
27 334
27 373
27 377
27 392
27 401
27 403
27 433
27 464
27 494
27 496
28 40
28 46
28 75
28 82
28 119
28 136
28 137
28 150
28 155
28 187
28 205
28 214
28 247
28 254
28 278
28 283
28 290
28 313
28 331
28 390
28 399
28 403
28 404
28 407
28 444
29 6
29 14
29 19
29 71
29 86
29 139
29 150
29 187
29 200
29 205
29 228
29 231
29 261
29 266
29 288
29 290
29 295
29 308
29 339
29 359
29 388
29 390
29 399
29 405
29 424
29 433
29 493
30 3
30 19
30 48
30 62
30 80
30 112
30 190
30 206
30 227
30 230
30 245
30 291
30 349
30 374
30 378
30 385
30 387
30 424
30 425
30 437
30 480
30 488
31 25
31 43
31 70
31 119
31 125
31 136
31 228
31 232
31 278
31 307
31 341
31 372
31 380
31 398
31 407
31 414
31 461
31 465
31 467
32 37
32 38
32 53
32 56
32 113
32 115
32 172
32 181
32 197
32 229
32 284
32 287
32 317
32 321
32 352
32 355
32 364
32 389
32 400
32 418
32 493
33 1
33 27
33 38
33 42
33 76
33 84
33 106
33 151
33 155
33 157
33 172
33 173
33 209
33 220
33 222
33 258
33 269
33 294
33 315
33 381
33 403
33 408
33 432
33 434
33 488
33 498
34 12
34 43
34 71
34 81
34 83
34 84
34 101
34 144
34 148
34 152
34 188
34 192
34 199
34 224
34 227
34 258
34 296
34 305
34 350
34 353
34 373
34 409
34 415
34 430
34 445
34 451
34 462
35 38
35 51
35 105
35 122
35 128
35 137
35 156
35 177
35 191
35 198
35 223
35 246
35 287
35 311
35 329
35 340
35 343
35 350
35 356
35 363
35 374
35 377
35 421
35 441
35 468
35 496
36 14
36 22
36 38
36 71
36 74
36 95
36 183
36 200
36 205
36 220
36 336
36 339
36 347
36 363
36 465
36 466
36 478
36 493
37 32
37 44
37 53
37 79
37 101
37 105
37 126
37 140
37 157
37 184
37 221
37 227
37 248
37 269
37 272
37 277
37 413
37 422
37 431
37 472
37 484
38 7
38 9
38 10
38 32
38 33
38 35
38 36
38 47
38 51
38 56
38 71
38 73
38 81
38 130
38 180
38 189
38 243
38 250
38 267
38 272
38 287
38 307
38 323
38 336
38 344
38 373
38 384
38 403
38 411
38 480
38 486
39 19
39 70
39 74
39 100
39 115
39 123
39 129
39 150
39 161
39 183
39 188
39 189
39 190
39 191
39 204
39 222
39 236
39 302
39 314
39 330
39 338
39 365
39 398
39 414
39 415
39 428
39 434
39 453
39 482
39 486
39 490
39 497
40 28
40 59
40 61
40 69
40 110
40 147
40 159
40 160
40 167
40 224
40 243
40 248
40 287
40 299
40 304
40 318
40 326
40 337
40 339
40 345
40 359
40 376
40 389
40 404
40 419
40 420
40 430
40 458
40 459
40 461
40 464
41 1
41 10
41 14
41 22
41 104
41 109
41 116
41 117
41 139
41 154
41 184
41 226
41 242
41 325
41 329
41 335
41 336
41 344
41 349
41 355
41 359
41 365
41 368
41 389
41 403
41 407
41 420
41 465
41 485
42 7
42 33
42 127
42 162
42 163
42 170
42 174
42 188
42 189
42 200
42 250
42 260
42 279
42 292
42 399
42 424
42 428
42 437
42 464
42 474
42 488
43 11
43 15
43 31
43 34
43 51
43 53
43 62
43 118
43 126
43 148
43 159
43 160
43 161
43 178
43 183
43 191
43 195
43 202
43 224
43 249
43 282
43 302
43 337
43 346
43 393
43 418
43 421
43 480
43 485
44 6
44 37
44 63
44 68
44 79
44 135
44 137
44 139
44 150
44 234
44 256
44 268
44 306
44 327
44 345
44 373
44 416
44 421
44 432
44 437
44 467
45 5
45 50
45 69
45 71
45 84
45 89
45 117
45 120
45 141
45 148
45 170
45 196
45 209
45 224
45 237
45 246
45 247
45 253
45 260
45 263
45 264
45 282
45 283
45 321
45 340
45 348
45 369
45 430
45 439
45 468
45 498
46 28
46 59
46 61
46 76
46 112
46 117
46 119
46 146
46 147
46 174
46 211
46 253
46 287
46 288
46 291
46 323
46 354
46 388
46 391
46 413
46 443
46 493
47 38
47 56
47 64
47 91
47 103
47 148
47 166
47 186
47 192
47 231
47 274
47 308
47 316
47 361
47 363
47 374
47 376
47 407
47 413
47 417
47 433
47 436
47 439
47 447
47 448
47 456
47 465
47 479
47 485
47 487
47 496
48 5
48 17
48 30
48 84
48 114
48 119
48 124
48 133
48 137
48 144
48 154
48 183
48 211
48 219
48 225
48 250
48 351
48 352
48 375
48 459
48 489
49 27
49 86
49 87
49 99
49 110
49 111
49 127
49 146
49 164
49 169
49 172
49 203
49 268
49 271
49 323
49 390
49 416
49 433
49 449
49 494
50 13
50 45
50 53
50 82
50 85
50 117
50 127
50 155
50 221
50 224
50 234
50 236
50 250
50 262
50 318
50 326
50 338
50 387
50 394
50 407
50 412
50 416
50 417
50 435
50 453
50 461
50 469
50 472
50 481
51 25
51 35
51 38
51 43
51 63
51 99
51 137
51 146
51 147
51 201
51 220
51 267
51 275
51 284
51 305
51 316
51 331
51 376
51 405
51 419
51 432
51 466
51 479
51 489
52 54
52 55
52 59
52 72
52 82
52 131
52 147
52 158
52 164
52 194
52 222
52 230
52 253
52 294
52 344
52 368
52 451
53 32
53 37
53 43
53 50
53 81
53 105
53 106
53 138
53 146
53 150
53 182
53 185
53 187
53 210
53 222
53 237
53 242
53 289
53 319
53 343
53 384
53 386
53 410
53 418
53 433
53 453
53 493
54 16
54 21
54 22
54 52
54 56
54 100
54 193
54 215
54 249
54 252
54 276
54 304
54 308
54 334
54 339
54 362
54 386
54 388
54 402
54 416
54 417
54 449
54 454
54 487
55 15
55 27
55 52
55 94
55 111
55 119
55 165
55 180
55 216
55 220
55 227
55 238
55 263
55 266
55 271
55 288
55 351
55 363
55 398
55 413
55 433
55 441
55 451
55 476
56 16
56 32
56 38
56 47
56 54
56 132
56 148
56 160
56 202
56 213
56 215
56 262
56 265
56 287
56 293
56 301
56 306
56 342
56 355
56 411
56 482
56 490
56 494
57 25
57 113
57 125
57 126
57 128
57 135
57 178
57 192
57 218
57 224
57 261
57 272
57 283
57 295
57 371
57 430
57 444
57 451
58 4
58 11
58 86
58 99
58 122
58 129
58 143
58 144
58 171
58 179
58 188
58 193
58 195
58 238
58 252
58 299
58 317
58 319
58 349
58 352
58 382
58 394
58 423
58 437
58 438
58 475
58 481
59 21
59 22
59 40
59 46
59 52
59 63
59 72
59 96
59 112
59 133
59 140
59 169
59 180
59 181
59 182
59 200
59 206
59 223
59 237
59 267
59 308
59 324
59 325
59 350
59 394
59 396
59 425
60 8
60 11
60 24
60 25
60 145
60 162
60 182
60 183
60 186
60 195
60 199
60 218
60 244
60 258
60 278
60 312
60 318
60 333
60 346
60 356
60 390
60 399
60 410
60 482
60 487
61 16
61 40
61 46
61 69
61 72
61 90
61 123
61 168
61 216
61 219
61 260
61 262
61 272
61 296
61 298
61 325
61 344
61 367
61 372
61 382
61 399
61 417
61 425
61 493
62 22
62 30
62 43
62 68
62 77
62 79
62 81
62 90
62 108
62 143
62 169
62 174
62 217
62 234
62 306
62 319
62 325
62 357
62 376
62 408
62 427
62 443
62 475
63 44
63 51
63 59
63 69
63 92
63 106
63 111
63 152
63 156
63 158
63 168
63 179
63 186
63 206
63 208
63 213
63 217
63 247
63 311
63 345
63 375
63 378
63 409
63 418
63 440
63 458
63 484
64 14
64 47
64 65
64 86
64 95
64 98
64 152
64 188
64 219
64 229
64 261
64 286
64 289
64 297
64 323
64 344
64 360
64 372
64 382
64 391
64 427
64 435
64 437
64 451
64 461
64 486
64 495
65 13
65 21
65 64
65 104
65 118
65 134
65 169
65 183
65 213
65 217
65 219
65 221
65 287
65 290
65 318
65 327
65 341
65 352
65 369
65 408
65 419
65 436
65 448
65 454
65 496
66 11
66 100
66 115
66 150
66 160
66 177
66 244
66 312
66 315
66 349
66 350
66 390
66 395
66 437
66 446
67 19
67 26
67 70
67 77
67 103
67 106
67 114
67 141
67 164
67 190
67 194
67 201
67 214
67 219
67 255
67 262
67 307
67 324
67 335
67 359
67 364
67 382
67 390
67 395
67 435
67 475
68 8
68 15
68 21
68 23
68 44
68 62
68 129
68 134
68 138
68 151
68 165
68 166
68 201
68 221
68 263
68 289
68 297
68 354
68 394
68 405
68 411
68 428
68 462
69 40
69 45
69 61
69 63
69 72
69 74
69 87
69 96
69 97
69 99
69 113
69 154
69 158
69 174
69 184
69 225
69 249
69 258
69 271
69 330
69 344
69 353
69 379
69 389
69 439
69 444
69 452
69 453
69 484
70 27
70 31
70 39
70 67
70 81
70 82
70 89
70 118
70 175
70 177
70 205
70 217
70 224
70 240
70 268
70 282
70 298
70 303
70 327
70 342
70 345
70 364
70 422
71 17
71 26
71 29
71 34
71 36
71 38
71 45
71 82
71 115
71 125
71 147
71 167
71 197
71 222
71 225
71 232
71 237
71 254
71 284
71 313
71 330
71 368
71 395
71 404
71 423
71 427
71 456
71 492
71 496
72 9
72 18
72 24
72 52
72 59
72 61
72 69
72 106
72 108
72 117
72 148
72 193
72 204
72 247
72 253
72 299
72 314
72 322
72 325
72 333
72 355
72 368
72 384
72 385
72 433
72 434
72 435
72 472
72 473
72 481
72 482
72 496
73 13
73 21
73 38
73 91
73 100
73 108
73 151
73 153
73 164
73 186
73 192
73 206
73 236
73 239
73 247
73 266
73 274
73 288
73 357
73 362
73 390
73 404
73 408
73 410
73 414
73 429
73 434
73 466
73 476
74 1
74 36
74 39
74 69
74 97
74 120
74 151
74 157
74 178
74 195
74 229
74 244
74 269
74 273
74 289
74 299
74 303
74 336
74 337
74 352
74 356
74 387
74 397
74 428
74 448
74 483
74 496
75 20
75 28
75 133
75 138
75 154
75 155
75 167
75 215
75 236
75 262
75 267
75 278
75 298
75 305
75 318
75 322
75 330
75 339
75 343
75 370
75 385
75 394
75 433
75 469
75 476
75 478
75 495
76 0
76 33
76 46
76 108
76 122
76 125
76 131
76 192
76 195
76 216
76 238
76 276
76 289
76 296
76 305
76 316
76 318
76 368
76 369
76 375
76 386
76 399
76 427
76 432
77 18
77 62
77 67
77 116
77 119
77 129
77 146
77 171
77 177
77 203
77 212
77 213
77 223
77 249
77 310
77 313
77 337
77 339
77 421
77 428
77 455
77 457
77 459
77 469
78 0
78 11
78 13
78 219
78 236
78 239
78 240
78 246
78 255
78 274
78 280
78 313
78 318
78 390
78 430
78 441
78 450
78 465
78 475
79 21
79 37
79 44
79 62
79 97
79 102
79 104
79 154
79 162
79 166
79 176
79 196
79 210
79 261
79 267
79 284
79 317
79 318
79 329
79 337
79 382
79 404
79 413
79 427
79 433
79 438
79 463
79 468
79 487
79 490
79 495
79 497
79 498
80 30
80 86
80 89
80 105
80 125
80 127
80 145
80 159
80 198
80 277
80 293
80 343
80 367
80 374
80 377
80 394
80 404
80 426
80 445
81 34
81 38
81 53
81 62
81 70
81 93
81 100
81 104
81 124
81 126
81 131
81 153
81 155
81 161
81 175
81 188
81 207
81 210
81 215
81 252
81 269
81 281
81 300
81 328
81 336
81 347
81 362
81 381
81 396
81 426
81 452
81 462
81 466
82 20
82 28
82 50
82 52
82 70
82 71
82 108
82 166
82 181
82 187
82 189
82 210
82 242
82 244
82 283
82 298
82 306
82 308
82 319
82 325
82 351
82 355
82 379
82 412
82 432
82 443
82 449
82 464
82 489
83 2
83 3
83 10
83 12
83 26
83 34
83 100
83 209
83 218
83 246
83 293
83 316
83 414
83 451
83 471
84 33
84 34
84 45
84 48
84 95
84 151
84 156
84 180
84 184
84 196
84 212
84 299
84 309
84 311
84 317
84 330
84 344
84 392
84 397
84 407
84 428
84 482
84 486
84 497
85 50
85 86
85 93
85 128
85 216
85 230
85 260
85 293
85 308
85 312
85 361
85 398
85 402
85 451
85 473
85 474
85 488
85 489
85 491
85 498
86 27
86 29
86 49
86 58
86 64
86 80
86 85
86 105
86 119
86 158
86 175
86 176
86 213
86 219
86 259
86 269
86 285
86 295
86 345
86 388
86 458
86 471
87 49
87 69
87 133
87 159
87 168
87 219
87 236
87 283
87 299
87 302
87 315
87 326
87 333
87 381
87 399
87 470
87 475
88 0
88 6
88 105
88 124
88 148
88 171
88 187
88 226
88 247
88 250
88 277
88 341
88 384
88 407
88 420
88 442
88 444
88 484
89 11
89 45
89 70
89 80
89 103
89 128
89 130
89 153
89 160
89 218
89 221
89 239
89 273
89 308
89 350
89 372
89 395
89 396
89 402
89 404
89 449
89 492
89 499
90 25
90 61
90 62
90 96
90 165
90 275
90 297
90 315
90 357
90 372
90 450
90 472
90 487
91 5
91 22
91 47
91 73
91 122
91 126
91 130
91 159
91 173
91 182
91 192
91 195
91 198
91 203
91 217
91 222
91 224
91 225
91 240
91 241
91 275
91 287
91 288
91 378
91 380
91 400
91 425
91 428
91 465
91 476
91 490
92 22
92 63
92 107
92 113
92 124
92 162
92 163
92 228
92 234
92 241
92 243
92 247
92 249
92 258
92 262
92 270
92 293
92 316
92 334
92 343
92 346
92 370
92 401
92 413
92 429
92 447
92 493
93 0
93 7
93 11
93 19
93 81
93 85
93 94
93 109
93 110
93 279
93 299
93 318
93 323
93 332
93 342
93 362
93 398
93 413
93 420
93 429
93 434
93 440
93 446
94 26
94 55
94 93
94 103
94 105
94 109
94 194
94 200
94 224
94 233
94 242
94 258
94 277
94 284
94 287
94 292
94 319
94 322
94 345
94 356
94 403
94 448
94 486
95 1
95 18
95 36
95 64
95 84
95 175
95 214
95 220
95 225
95 236
95 237
95 304
95 305
95 363
95 365
95 403
95 426
95 477
95 479
96 16
96 19
96 21
96 59
96 69
96 90
96 98
96 133
96 141
96 155
96 197
96 200
96 223
96 224
96 302
96 333
96 341
96 390
96 414
96 426
96 431
96 435
96 466
96 484
97 17
97 23
97 69
97 74
97 79
97 118
97 125
97 150
97 159
97 161
97 171
97 179
97 182
97 217
97 238
97 242
97 249
97 255
97 258
97 280
97 290
97 308
97 311
97 340
97 374
97 430
97 470
97 486
97 494
97 495
98 4
98 23
98 26
98 64
98 96
98 141
98 156
98 158
98 200
98 218
98 277
98 309
98 321
98 333
98 334
98 363
98 401
98 417
98 426
98 438
98 440
99 7
99 16
99 17
99 19
99 49
99 51
99 58
99 69
99 112
99 114
99 157
99 169
99 181
99 231
99 248
99 251
99 254
99 269
99 314
99 338
99 353
99 384
99 405
99 424
99 443
99 472
99 488
100 6
100 39
100 54
100 66
100 73
100 81
100 83
100 144
100 181
100 201
100 219
100 239
100 243
100 248
100 253
100 256
100 280
100 289
100 299
100 330
100 362
100 438
100 451
100 459
100 492
101 23
101 34
101 37
101 149
101 168
101 197
101 203
101 205
101 232
101 234
101 267
101 285
101 296
101 341
101 344
101 367
101 372
101 373
101 375
101 430
101 437
101 449
101 453
101 454
101 485
101 493
102 13
102 79
102 115
102 122
102 132
102 147
102 168
102 169
102 209
102 217
102 235
102 273
102 318
102 323
102 389
102 404
102 405
102 431
102 448
102 496
102 499
103 2
103 19
103 47
103 67
103 89
103 94
103 139
103 141
103 171
103 174
103 187
103 190
103 196
103 207
103 221
103 284
103 291
103 300
103 318
103 319
103 337
103 389
103 431
103 433
104 9
104 11
104 22
104 27
104 41
104 65
104 79
104 81
104 108
104 251
104 272
104 295
104 302
104 326
104 335
104 393
104 397
104 426
104 440
104 451
104 463
104 473
105 1
105 2
105 25
105 35
105 37
105 53
105 80
105 86
105 88
105 94
105 146
105 163
105 202
105 238
105 269
105 275
105 283
105 309
105 314
105 332
105 351
105 367
105 370
105 443
105 445
105 469
105 486
105 488
105 493
105 495
105 499
106 4
106 33
106 53
106 63
106 67
106 72
106 109
106 111
106 140
106 142
106 157
106 162
106 178
106 210
106 212
106 215
106 219
106 234
106 255
106 272
106 280
106 335
106 375
106 406
106 428
106 430
106 434
106 440
106 459
106 463
106 464
106 468
106 472
106 488
106 497
107 13
107 25
107 92
107 150
107 167
107 189
107 194
107 216
107 269
107 274
107 288
107 300
107 302
107 316
107 376
107 383
107 386
107 400
107 408
107 410
107 418
107 473
107 499
108 20
108 24
108 62
108 72
108 73
108 76
108 82
108 104
108 201
108 280
108 307
108 312
108 352
108 354
108 360
108 379
108 385
108 388
108 400
108 456
108 482
109 3
109 6
109 41
109 93
109 94
109 106
109 145
109 158
109 226
109 242
109 266
109 286
109 290
109 333
109 491
109 494
110 1
110 40
110 49
110 93
110 125
110 149
110 179
110 200
110 204
110 210
110 240
110 261
110 264
110 269
110 298
110 317
110 327
110 339
110 346
110 378
110 401
110 407
110 459
110 460
110 476
110 480
111 49
111 55
111 63
111 106
111 123
111 152
111 156
111 171
111 180
111 182
111 184
111 203
111 210
111 211
111 216
111 257
111 263
111 271
111 272
111 285
111 305
111 317
111 319
111 332
111 339
111 344
111 359
111 387
111 469
112 30
112 46
112 59
112 99
112 134
112 186
112 230
112 236
112 308
112 341
112 351
112 363
112 379
112 419
112 427
112 450
113 23
113 32
113 57
113 69
113 92
113 117
113 118
113 132
113 162
113 165
113 219
113 252
113 290
113 300
113 335
113 341
113 358
113 386
113 406
113 415
113 426
113 483
114 0
114 5
114 9
114 10
114 11
114 48
114 67
114 99
114 122
114 140
114 141
114 145
114 175
114 202
114 244
114 246
114 262
114 263
114 300
114 325
114 338
114 364
114 385
114 400
114 414
114 416
114 430
114 442
114 463
114 468
114 471
114 478
114 490
115 17
115 32
115 39
115 66
115 71
115 102
115 117
115 122
115 130
115 257
115 261
115 289
115 305
115 310
115 325
115 397
115 440
115 450
115 477
115 482
115 490
116 6
116 26
116 41
116 77
116 121
116 130
116 151
116 152
116 215
116 274
116 275
116 289
116 295
116 300
116 319
116 340
116 360
116 376
116 383
116 389
116 398
116 419
116 437
117 0
117 1
117 25
117 41
117 45
117 46
117 50
117 72
117 113
117 115
117 145
117 148
117 169
117 172
117 207
117 221
117 224
117 257
117 263
117 272
117 273
117 314
117 315
117 352
117 359
117 366
117 386
117 396
117 420
117 427
117 481
117 487
118 21
118 43
118 65
118 70
118 97
118 113
118 137
118 146
118 156
118 204
118 214
118 244
118 252
118 253
118 280
118 298
118 304
118 343
118 369
118 438
118 489
119 28
119 31
119 46
119 48
119 55
119 77
119 86
119 143
119 149
119 190
119 223
119 246
119 260
119 268
119 269
119 273
119 321
119 396
119 425
119 471
120 45
120 74
120 146
120 149
120 168
120 214
120 223
120 255
120 259
120 267
120 274
120 287
120 301
120 303
120 359
120 360
120 389
120 439
120 494
121 10
121 12
121 116
121 125
121 138
121 203
121 205
121 231
121 234
121 260
121 267
121 277
121 282
121 287
121 291
121 304
121 315
121 373
121 379
121 403
121 432
121 443
121 478
121 483
121 490
122 16
122 35
122 58
122 76
122 91
122 102
122 114
122 115
122 126
122 141
122 148
122 149
122 159
122 188
122 203
122 274
122 275
122 287
122 303
122 322
122 334
122 353
122 364
122 423
122 476
122 478
122 483
122 489
123 2
123 14
123 39
123 61
123 111
123 129
123 139
123 205
123 281
123 314
123 324
123 433
123 455
123 464
123 466
123 479
124 10
124 48
124 81
124 88
124 92
124 151
124 157
124 184
124 199
124 201
124 205
124 253
124 260
124 285
124 298
124 337
124 393
124 403
124 419
124 456
124 495
125 21
125 31
125 57
125 71
125 76
125 80
125 97
125 110
125 121
125 131
125 132
125 150
125 162
125 183
125 199
125 209
125 212
125 242
125 258
125 274
125 285
125 286
125 319
125 337
125 338
125 385
125 386
125 391
125 394
125 413
125 426
125 434
125 436
125 483
126 24
126 37
126 43
126 57
126 81
126 91
126 122
126 154
126 180
126 215
126 229
126 238
126 250
126 266
126 277
126 291
126 307
126 335
126 359
126 395
126 452
126 454
126 457
126 475
126 497
126 498
127 0
127 8
127 18
127 20
127 42
127 49
127 50
127 80
127 139
127 142
127 238
127 280
127 283
127 312
127 332
127 357
127 365
127 403
127 456
127 461
127 470
127 480
127 482
128 6
128 9
128 19
128 27
128 35
128 57
128 85
128 89
128 143
128 198
128 257
128 278
128 285
128 329
128 350
128 390
128 403
128 406
128 412
128 420
128 431
128 440
128 443
128 458
128 460
128 482
128 495
129 8
129 39
129 58
129 68
129 77
129 123
129 141
129 179
129 212
129 226
129 245
129 284
129 297
129 322
129 357
129 385
129 388
129 428
129 435
129 436
129 438
129 447
129 460
129 469
130 4
130 19
130 38
130 89
130 91
130 115
130 116
130 167
130 170
130 175
130 194
130 198
130 237
130 251
130 255
130 280
130 292
130 319
130 322
130 361
130 377
130 404
130 416
130 426
130 439
130 443
130 459
130 471
130 480
131 7
131 16
131 19
131 21
131 52
131 76
131 81
131 125
131 140
131 142
131 171
131 191
131 208
131 217
131 227
131 240
131 248
131 314
131 364
131 388
131 394
131 421
131 426
131 457
131 463
131 478
131 483
131 495
132 56
132 102
132 113
132 125
132 142
132 209
132 229
132 232
132 251
132 252
132 280
132 302
132 320
132 390
132 435
132 461
132 476
132 491
133 48
133 59
133 75
133 87
133 96
133 155
133 220
133 225
133 232
133 264
133 267
133 272
133 274
133 329
133 337
133 339
133 352
133 355
133 377
133 397
133 411
133 419
133 424
133 435
133 452
133 454
133 475
133 479
133 481
134 24
134 65
134 68
134 112
134 139
134 152
134 159
134 163
134 167
134 172
134 209
134 210
134 216
134 285
134 300
134 301
134 334
134 337
134 338
134 357
134 378
134 386
134 404
134 451
135 10
135 19
135 44
135 57
135 148
135 152
135 178
135 182
135 211
135 216
135 244
135 303
135 312
135 329
135 335
135 341
135 368
135 370
135 402
135 405
135 420
135 423
135 480
136 2
136 22
136 28
136 31
136 142
136 156
136 161
136 163
136 228
136 243
136 254
136 277
136 287
136 351
136 377
136 389
136 391
136 400
136 421
136 438
136 443
136 449
136 454
136 458
136 462
136 463
136 492
137 11
137 28
137 35
137 44
137 48
137 51
137 118
137 165
137 191
137 196
137 208
137 212
137 229
137 259
137 271
137 274
137 276
137 282
137 299
137 317
137 328
137 363
137 399
137 425
137 431
137 447
137 450
137 481
137 489
138 4
138 10
138 53
138 68
138 75
138 121
138 174
138 195
138 220
138 294
138 307
138 318
138 334
138 382
138 410
138 430
138 440
138 461
138 472
138 491
138 494
139 9
139 12
139 29
139 41
139 44
139 103
139 123
139 127
139 134
139 160
139 182
139 191
139 253
139 260
139 276
139 284
139 320
139 378
139 392
139 395
139 415
139 445
139 462
139 471
139 486
140 37
140 59
140 106
140 114
140 131
140 144
140 176
140 179
140 194
140 196
140 217
140 256
140 281
140 282
140 357
140 419
140 448
140 482
140 488
140 499
141 6
141 15
141 45
141 67
141 96
141 98
141 103
141 114
141 122
141 129
141 157
141 165
141 170
141 240
141 250
141 268
141 274
141 277
141 317
141 319
141 327
141 328
141 382
141 420
141 435
141 445
141 450
142 0
142 1
142 5
142 6
142 27
142 106
142 127
142 131
142 132
142 136
142 183
142 187
142 200
142 214
142 220
142 227
142 228
142 229
142 252
142 255
142 274
142 276
142 281
142 293
142 309
142 327
142 360
142 381
142 396
142 432
142 452
142 465
142 467
143 1
143 58
143 62
143 119
143 128
143 229
143 236
143 283
143 288
143 294
143 297
143 308
143 323
143 324
143 351
143 352
143 403
143 417
143 433
144 34
144 48
144 58
144 100
144 140
144 172
144 188
144 196
144 199
144 241
144 315
144 356
144 400
144 403
144 404
144 411
144 437
144 449
144 493
145 16
145 60
145 80
145 109
145 114
145 117
145 157
145 166
145 168
145 211
145 215
145 217
145 255
145 262
145 269
145 277
145 345
145 353
145 395
145 419
145 455
145 466
145 498
145 499
146 1
146 46
146 49
146 51
146 53
146 77
146 105
146 118
146 120
146 154
146 198
146 201
146 208
146 276
146 282
146 305
146 322
146 349
146 358
146 388
146 392
146 395
146 402
146 432
146 439
146 464
146 486
146 495
147 3
147 20
147 40
147 46
147 51
147 52
147 71
147 102
147 148
147 150
147 151
147 160
147 195
147 213
147 218
147 219
147 251
147 266
147 284
147 319
147 339
147 376
147 398
147 426
147 449
147 461
147 483
147 494
148 23
148 26
148 34
148 43
148 45
148 47
148 56
148 72
148 88
148 117
148 122
148 135
148 147
148 156
148 158
148 169
148 194
148 207
148 215
148 218
148 222
148 235
148 248
148 251
148 258
148 265
148 321
148 341
148 345
148 351
148 434
148 439
148 448
148 477
149 22
149 101
149 110
149 119
149 120
149 122
149 210
149 219
149 222
149 259
149 262
149 292
149 301
149 346
149 410
149 419
149 466
149 476
149 482
149 489
150 3
150 16
150 28
150 29
150 39
150 44
150 53
150 66
150 97
150 107
150 125
150 147
150 161
150 179
150 202
150 208
150 234
150 249
150 264
150 277
150 293
150 294
150 309
150 331
150 338
150 342
150 370
150 383
150 408
150 421
150 437
150 445
150 454
150 464
150 476
150 491
150 496
151 33
151 68
151 73
151 74
151 84
151 116
151 124
151 147
151 183
151 191
151 192
151 198
151 253
151 268
151 280
151 285
151 286
151 294
151 300
151 325
151 370
151 379
151 403
151 442
151 481
151 483
151 490
152 9
152 11
152 21
152 34
152 63
152 64
152 111
152 116
152 134
152 135
152 166
152 197
152 243
152 248
152 252
152 261
152 300
152 313
152 323
152 349
152 360
152 412
152 465
152 480
152 493
153 73
153 81
153 89
153 165
153 167
153 286
153 321
153 334
153 366
153 405
153 427
153 442
154 17
154 41
154 48
154 69
154 75
154 79
154 126
154 146
154 156
154 177
154 178
154 180
154 213
154 216
154 226
154 255
154 261
154 274
154 289
154 293
154 318
154 319
154 328
154 334
154 376
154 390
154 439
154 457
154 465
154 485
154 487
155 28
155 33
155 50
155 75
155 81
155 96
155 133
155 179
155 208
155 215
155 226
155 228
155 271
155 284
155 316
155 364
155 388
155 389
155 431
155 433
155 448
155 450
155 457
155 476
156 1
156 13
156 15
156 35
156 63
156 84
156 98
156 111
156 118
156 136
156 148
156 154
156 165
156 167
156 189
156 190
156 191
156 228
156 287
156 298
156 345
156 359
156 444
156 453
156 489
157 18
157 27
157 33
157 37
157 74
157 99
157 106
157 124
157 141
157 145
157 159
157 163
157 179
157 241
157 255
157 288
157 294
157 305
157 339
157 346
157 350
157 392
157 393
157 400
157 410
157 413
157 447
157 452
157 480
157 494
158 7
158 11
158 52
158 63
158 69
158 86
158 98
158 109
158 148
158 170
158 172
158 191
158 365
158 368
158 380
158 402
158 415
158 425
158 459
158 476
158 487
159 3
159 40
159 43
159 80
159 87
159 91
159 97
159 122
159 134
159 157
159 179
159 224
159 234
159 246
159 252
159 262
159 326
159 389
159 400
159 408
159 415
160 40
160 43
160 56
160 66
160 89
160 139
160 147
160 192
160 197
160 199
160 216
160 231
160 232
160 244
160 302
160 310
160 315
160 319
160 331
160 342
160 377
160 385
160 390
160 461
160 464
160 476
160 482
160 490
161 39
161 43
161 81
161 97
161 136
161 150
161 170
161 195
161 207
161 222
161 237
161 239
161 244
161 254
161 260
161 264
161 267
161 270
161 280
161 308
161 323
161 343
161 357
161 399
161 447
161 461
162 13
162 42
162 60
162 79
162 92
162 106
162 113
162 125
162 163
162 169
162 177
162 193
162 194
162 212
162 264
162 271
162 272
162 291
162 300
162 323
162 352
162 361
162 368
162 379
162 415
162 442
162 451
162 455
162 459
162 460
162 480
163 24
163 42
163 92
163 105
163 134
163 136
163 157
163 162
163 206
163 259
163 277
163 304
163 333
163 349
163 365
163 414
163 438
163 454
164 7
164 8
164 12
164 49
164 52
164 67
164 73
164 242
164 243
164 274
164 405
164 419
164 441
164 464
164 495
164 497
165 9
165 55
165 68
165 90
165 113
165 137
165 141
165 153
165 156
165 191
165 200
165 203
165 219
165 224
165 249
165 341
165 405
165 420
165 447
166 47
166 68
166 79
166 82
166 145
166 152
166 199
166 222
166 241
166 265
166 298
166 314
166 371
166 399
166 438
166 458
166 469
167 15
167 24
167 40
167 71
167 75
167 107
167 130
167 134
167 153
167 156
167 173
167 188
167 194
167 216
167 224
167 250
167 252
167 270
167 344
167 359
167 389
167 407
167 444
167 451
167 461
167 477
167 478
168 20
168 61
168 63
168 87
168 101
168 102
168 120
168 145
168 214
168 223
168 245
168 305
168 314
168 315
168 328
168 343
168 361
168 408
168 429
168 489
169 49
169 59
169 62
169 65
169 99
169 102
169 117
169 148
169 162
169 228
169 229
169 230
169 235
169 248
169 290
169 300
169 337
169 345
169 354
169 376
169 414
169 419
169 437
169 440
169 447
169 463
169 470
169 471
170 42
170 45
170 130
170 141
170 158
170 161
170 181
170 217
170 256
170 259
170 265
170 280
170 296
170 297
170 394
170 400
170 419
170 464
170 484
170 489
171 13
171 19
171 58
171 77
171 88
171 97
171 103
171 111
171 131
171 191
171 194
171 223
171 248
171 254
171 285
171 288
171 317
171 329
171 343
171 346
171 349
171 355
171 401
171 404
171 444
171 463
171 489
171 498
172 11
172 20
172 22
172 26
172 32
172 33
172 49
172 117
172 134
172 144
172 158
172 179
172 191
172 256
172 258
172 274
172 285
172 296
172 325
172 336
172 352
172 365
172 394
172 395
172 402
172 403
172 426
172 445
172 446
172 461
172 477
172 496
173 8
173 14
173 33
173 91
173 167
173 181
173 182
173 222
173 227
173 237
173 239
173 258
173 286
173 295
173 304
173 314
173 345
173 419
173 467
173 487
173 499
174 2
174 11
174 12
174 19
174 21
174 24
174 42
174 46
174 62
174 69
174 103
174 138
174 216
174 221
174 233
174 234
174 239
174 242
174 288
174 300
174 363
174 373
174 418
174 434
174 441
174 481
174 482
174 492
175 9
175 16
175 18
175 24
175 26
175 27
175 70
175 81
175 86
175 95
175 114
175 130
175 178
175 179
175 184
175 323
175 338
175 371
175 388
175 396
175 407
175 417
175 431
175 455
176 6
176 14
176 18
176 23
176 79
176 86
176 140
176 191
176 196
176 237
176 256
176 259
176 287
176 290
176 299
176 323
176 334
176 353
176 359
176 402
176 407
176 431
176 486
176 494
177 7
177 35
177 66
177 70
177 77
177 154
177 162
177 181
177 191
177 201
177 223
177 252
177 258
177 261
177 276
177 353
177 375
177 439
177 468
177 473
177 474
178 43
178 57
178 74
178 106
178 135
178 154
178 175
178 196
178 231
178 249
178 259
178 263
178 286
178 296
178 307
178 326
178 370
178 379
178 395
178 405
178 425
178 475
178 483
178 499
179 10
179 58
179 63
179 97
179 110
179 129
179 140
179 150
179 155
179 157
179 159
179 172
179 175
179 183
179 189
179 245
179 247
179 292
179 332
179 342
179 343
179 346
179 383
179 391
179 431
179 451
179 477
179 493
180 38
180 55
180 59
180 84
180 111
180 126
180 154
180 220
180 282
180 290
180 296
180 351
180 356
180 363
180 415
180 429
180 455
180 461
180 463
180 482
181 27
181 32
181 59
181 82
181 99
181 100
181 170
181 173
181 177
181 210
181 217
181 285
181 303
181 309
181 314
181 328
181 348
181 389
181 396
181 407
181 423
181 427
181 442
181 444
181 469
181 479
181 489
181 491
182 16
182 53
182 59
182 60
182 91
182 97
182 111
182 135
182 139
182 173
182 187
182 200
182 214
182 222
182 279
182 283
182 287
182 289
182 315
182 321
182 324
182 361
182 387
182 389
182 392
182 422
182 447
182 448
182 459
182 461
182 492
182 497
183 6
183 10
183 18
183 36
183 39
183 43
183 48
183 60
183 65
183 125
183 142
183 151
183 179
183 187
183 228
183 232
183 252
183 260
183 279
183 299
183 331
183 376
183 400
183 437
183 454
184 37
184 41
184 69
184 84
184 111
184 124
184 175
184 191
184 197
184 222
184 223
184 234
184 300
184 306
184 307
184 323
184 332
184 345
184 402
184 411
184 421
184 447
184 449
184 490
184 495
185 0
185 53
185 257
185 278
185 371
185 376
185 409
185 416
185 427
185 428
185 440
185 467
185 477
185 484
186 47
186 60
186 63
186 73
186 112
186 188
186 203
186 233
186 267
186 272
186 273
186 305
186 307
186 370
186 374
186 404
186 418
186 430
186 439
186 453
186 455
186 466
187 15
187 23
187 28
187 29
187 53
187 82
187 88
187 103
187 142
187 182
187 183
187 208
187 243
187 282
187 283
187 321
187 328
187 329
187 352
187 363
187 372
187 376
187 402
187 410
187 422
187 423
187 453
187 464
187 476
187 477
187 484
187 494
188 1
188 34
188 39
188 42
188 58
188 64
188 81
188 122
188 144
188 167
188 186
188 191
188 215
188 220
188 243
188 244
188 282
188 292
188 296
188 306
188 361
188 363
188 372
188 381
188 387
188 388
188 392
188 393
188 435
188 448
188 450
189 20
189 21
189 38
189 39
189 42
189 82
189 107
189 156
189 179
189 199
189 255
189 261
189 274
189 308
189 351
189 355
189 356
189 364
189 389
189 391
189 395
189 398
189 432
189 436
189 440
189 471
189 473
190 30
190 39
190 67
190 103
190 119
190 156
190 191
190 194
190 195
190 200
190 216
190 222
190 245
190 246
190 273
190 281
190 284
190 298
190 334
190 340
190 354
190 359
190 382
190 385
190 389
190 399
190 403
190 410
190 419
190 426
190 437
190 454
191 16
191 35
191 39
191 43
191 131
191 137
191 139
191 151
191 156
191 158
191 165
191 171
191 172
191 176
191 177
191 184
191 188
191 190
191 193
191 272
191 295
191 324
191 342
191 440
191 462
191 483
192 34
192 47
192 57
192 73
192 76
192 91
192 151
192 160
192 196
192 225
192 227
192 261
192 286
192 307
192 329
192 351
192 368
192 394
192 400
192 424
192 431
192 436
192 489
192 497
193 7
193 20
193 22
193 54
193 58
193 72
193 162
193 191
193 215
193 238
193 274
193 279
193 293
193 302
193 303
193 304
193 337
193 356
193 359
193 368
193 387
193 410
193 436
193 452
193 475
193 495
194 27
194 52
194 67
194 94
194 107
194 130
194 140
194 148
194 162
194 167
194 171
194 190
194 209
194 224
194 238
194 250
194 256
194 309
194 313
194 363
194 367
194 390
194 394
194 411
194 416
194 422
194 457
194 466
194 495
195 43
195 58
195 60
195 74
195 76
195 91
195 138
195 147
195 161
195 190
195 223
195 233
195 263
195 264
195 372
195 397
195 414
195 423
196 11
196 45
196 79
196 84
196 103
196 137
196 140
196 144
196 176
196 178
196 192
196 237
196 240
196 241
196 252
196 270
196 274
196 292
196 327
196 330
196 331
196 335
196 377
196 403
196 439
196 463
196 464
196 472
196 484
196 485
196 486
196 487
197 14
197 32
197 71
197 96
197 101
197 152
197 160
197 184
197 213
197 225
197 230
197 239
197 280
197 287
197 290
197 302
197 305
197 326
197 339
197 340
197 346
197 366
197 399
197 418
197 452
197 481
198 14
198 20
198 35
198 80
198 91
198 128
198 130
198 146
198 151
198 201
198 206
198 222
198 223
198 256
198 262
198 322
198 346
198 364
198 378
198 387
198 435
198 449
199 34
199 60
199 124
199 125
199 144
199 160
199 166
199 189
199 204
199 213
199 230
199 236
199 253
199 266
199 284
199 286
199 310
199 317
199 327
199 340
199 402
199 414
199 430
199 444
199 452
199 457
200 12
200 24
200 29
200 36
200 42
200 59
200 94
200 96
200 98
200 110
200 142
200 165
200 182
200 190
200 208
200 215
200 216
200 228
200 254
200 268
200 274
200 332
200 340
200 361
200 366
200 396
200 407
200 426
201 25
201 51
201 67
201 68
201 100
201 108
201 124
201 146
201 177
201 198
201 215
201 224
201 263
201 269
201 283
201 314
201 334
201 339
201 367
201 388
201 408
201 426
201 431
201 433
202 4
202 20
202 22
202 43
202 56
202 105
202 114
202 150
202 218
202 228
202 244
202 332
202 369
202 416
202 425
202 491
203 49
203 77
203 91
203 101
203 111
203 121
203 122
203 165
203 186
203 214
203 221
203 229
203 247
203 258
203 281
203 300
203 313
203 322
203 327
203 332
203 333
203 336
203 372
203 430
203 440
203 451
203 454
203 463
203 464
203 475
203 496
204 0
204 9
204 39
204 72
204 110
204 118
204 199
204 222
204 223
204 225
204 237
204 246
204 249
204 287
204 311
204 330
204 362
204 369
204 370
204 390
204 397
204 411
204 413
204 444
204 465
205 4
205 7
205 28
205 29
205 36
205 70
205 101
205 121
205 123
205 124
205 214
205 238
205 247
205 257
205 310
205 311
205 314
205 337
205 338
205 383
205 400
205 420
205 468
205 472
205 481
205 485
205 489
206 8
206 30
206 59
206 63
206 73
206 163
206 198
206 248
206 261
206 268
206 282
206 287
206 314
206 325
206 329
206 339
206 343
206 356
206 374
206 406
206 424
206 452
206 462
206 468
206 481
206 490
207 17
207 81
207 103
207 117
207 148
207 161
207 252
207 279
207 294
207 329
207 335
207 345
207 365
207 394
207 395
207 428
207 430
207 432
207 436
207 448
207 451
207 467
207 472
207 497
208 15
208 63
208 131
208 137
208 146
208 150
208 155
208 187
208 200
208 240
208 242
208 248
208 278
208 290
208 321
208 323
208 369
208 372
208 373
208 399
208 479
208 482
209 22
209 33
209 45
209 83
209 102
209 125
209 132
209 134
209 194
209 210
209 226
209 260
209 268
209 272
209 289
209 321
209 338
209 345
209 350
209 368
209 376
209 386
209 399
209 410
209 423
209 430
209 431
209 459
209 481
209 482
209 486
210 8
210 13
210 53
210 79
210 81
210 82
210 106
210 110
210 111
210 134
210 149
210 181
210 209
210 219
210 250
210 268
210 281
210 297
210 301
210 305
210 360
210 364
210 396
210 434
210 441
210 447
210 453
210 454
210 463
210 464
210 487
211 0
211 12
211 21
211 46
211 48
211 111
211 135
211 145
211 220
211 232
211 260
211 279
211 290
211 303
211 363
211 373
211 380
211 386
211 401
211 446
211 450
212 1
212 5
212 27
212 77
212 84
212 106
212 125
212 129
212 137
212 162
212 225
212 226
212 257
212 261
212 316
212 329
212 339
212 378
212 381
212 382
212 385
212 424
212 450
212 478
213 5
213 11
213 56
213 63
213 65
213 77
213 86
213 147
213 154
213 197
213 199
213 214
213 310
213 318
213 319
213 322
213 336
213 350
213 372
213 379
213 387
213 431
213 434
213 454
213 484
214 28
214 67
214 95
214 118
214 120
214 142
214 168
214 182
214 203
214 205
214 213
214 230
214 231
214 258
214 263
214 281
214 296
214 297
214 298
214 303
214 314
214 384
214 434
214 437
214 463
214 487
214 494
215 54
215 56
215 75
215 81
215 106
215 116
215 126
215 145
215 148
215 155
215 188
215 193
215 200
215 201
215 217
215 230
215 232
215 256
215 274
215 299
215 321
215 322
215 331
215 353
215 435
215 453
215 465
215 487
215 494
216 1
216 55
216 61
216 76
216 85
216 107
216 111
216 134
216 135
216 154
216 160
216 167
216 174
216 190
216 200
216 223
216 226
216 228
216 257
216 291
216 298
216 305
216 308
216 321
216 335
216 372
216 394
216 455
216 465
216 467
216 485
216 490
217 17
217 62
217 63
217 65
217 70
217 91
217 97
217 102
217 131
217 140
217 145
217 170
217 181
217 215
217 222
217 225
217 245
217 252
217 283
217 291
217 293
217 323
217 358
217 360
217 373
217 379
217 382
217 383
217 420
217 428
218 7
218 17
218 57
218 60
218 83
218 89
218 98
218 147
218 148
218 202
218 245
218 254
218 308
218 312
218 318
218 336
218 347
218 423
218 425
218 469
218 487
219 27
219 48
219 61
219 64
219 65
219 67
219 78
219 86
219 87
219 100
219 106
219 113
219 147
219 149
219 165
219 210
219 244
219 268
219 291
219 300
219 303
219 316
219 348
219 390
219 393
219 394
219 400
219 411
219 422
219 430
219 432
219 438
219 442
219 446
220 33
220 36
220 51
220 55
220 95
220 133
220 138
220 142
220 180
220 188
220 211
220 234
220 254
220 265
220 271
220 272
220 287
220 300
220 315
220 320
220 326
220 388
220 395
220 398
220 413
220 428
220 435
220 475
220 483
221 16
221 37
221 50
221 65
221 68
221 89
221 103
221 117
221 174
221 203
221 236
221 241
221 274
221 296
221 330
221 358
221 364
221 367
221 376
221 402
221 459
221 464
221 468
221 476
221 479
221 491
222 3
222 8
222 13
222 16
222 21
222 33
222 39
222 52
222 53
222 71
222 91
222 148
222 149
222 161
222 166
222 173
222 182
222 184
222 190
222 198
222 204
222 217
222 225
222 255
222 261
222 310
222 346
222 348
222 436
222 466
222 478
222 479
222 486
222 493
222 498
223 8
223 35
223 59
223 77
223 96
223 119
223 120
223 168
223 171
223 177
223 184
223 195
223 198
223 204
223 216
223 337
223 376
223 379
223 388
223 398
223 408
223 410
223 471
223 491
224 11
224 34
224 40
224 43
224 45
224 50
224 57
224 70
224 91
224 94
224 96
224 117
224 159
224 165
224 167
224 194
224 201
224 252
224 269
224 277
224 292
224 297
224 311
224 314
224 324
224 357
224 371
224 392
224 411
224 413
224 441
224 450
224 466
224 472
224 490
225 7
225 14
225 27
225 48
225 69
225 71
225 91
225 95
225 133
225 192
225 197
225 204
225 212
225 217
225 222
225 230
225 243
225 286
225 296
225 297
225 318
225 320
225 328
225 329
225 345
225 349
225 396
225 434
225 442
225 451
225 456
226 5
226 19
226 41
226 88
226 109
226 129
226 154
226 155
226 209
226 212
226 216
226 232
226 245
226 282
226 306
226 341
226 349
226 351
226 364
226 369
226 378
226 401
226 416
226 420
226 459
226 462
227 6
227 16
227 21
227 30
227 34
227 37
227 55
227 131
227 142
227 173
227 192
227 281
227 290
227 302
227 305
227 320
227 338
227 434
227 451
227 478
228 6
228 19
228 29
228 31
228 92
228 136
228 142
228 155
228 156
228 169
228 183
228 200
228 202
228 216
228 267
228 285
228 286
228 317
228 372
228 385
228 391
228 424
228 453
228 463
228 475
228 483
228 491
229 10
229 32
229 64
229 74
229 126
229 132
229 137
229 142
229 143
229 169
229 203
229 234
229 235
229 237
229 238
229 245
229 280
229 296
229 325
229 329
229 389
229 411
229 442
229 460
229 468
229 495
229 496
230 20
230 30
230 52
230 85
230 112
230 169
230 197
230 199
230 214
230 215
230 225
230 232
230 238
230 247
230 250
230 278
230 300
230 319
230 360
230 391
230 411
230 466
231 1
231 23
231 29
231 47
231 99
231 121
231 160
231 178
231 214
231 286
231 289
231 312
231 320
231 365
231 368
231 393
231 415
231 419
231 443
231 446
231 447
231 458
231 473
232 3
232 22
232 23
232 31
232 71
232 101
232 132
232 133
232 160
232 183
232 211
232 215
232 226
232 230
232 261
232 272
232 282
232 355
232 379
232 389
232 426
232 445
232 453
233 6
233 15
233 17
233 26
233 94
233 174
233 186
233 195
233 251
233 283
233 298
233 330
233 349
233 360
233 369
233 428
233 457
233 481
233 497
234 0
234 20
234 44
234 50
234 62
234 92
234 101
234 106
234 121
234 150
234 159
234 174
234 184
234 220
234 229
234 237
234 279
234 290
234 305
234 327
234 331
234 376
234 380
234 400
234 416
234 427
234 471
235 3
235 13
235 26
235 102
235 148
235 169
235 229
235 238
235 317
235 349
235 370
235 398
235 408
235 461
235 487
236 10
236 19
236 39
236 50
236 73
236 75
236 78
236 87
236 95
236 112
236 143
236 199
236 221
236 244
236 260
236 276
236 282
236 293
236 318
236 333
236 346
236 357
236 362
236 365
236 385
236 399
236 405
236 425
236 459
236 472
236 474
236 479
236 480
236 496
237 0
237 18
237 45
237 53
237 59
237 71
237 95
237 130
237 161
237 173
237 176
237 196
237 204
237 229
237 234
237 262
237 266
237 267
237 287
237 353
237 358
237 388
237 396
237 412
237 427
237 437
237 458
237 461
237 485
237 489
238 55
238 58
238 76
238 97
238 105
238 126
238 127
238 193
238 194
238 205
238 229
238 230
238 235
238 243
238 253
238 256
238 311
238 329
238 333
238 338
238 343
238 347
238 362
238 372
238 392
238 396
238 399
238 400
238 401
238 405
238 423
238 433
238 436
238 477
238 490
238 494
239 17
239 19
239 20
239 21
239 73
239 78
239 89
239 100
239 161
239 173
239 174
239 197
239 252
239 255
239 309
239 319
239 340
239 341
239 358
239 360
239 372
239 451
239 487
239 492
240 13
240 18
240 70
240 78
240 91
240 110
240 131
240 141
240 196
240 208
240 251
240 315
240 356
240 357
240 358
240 380
240 390
240 408
240 412
241 16
241 17
241 22
241 27
241 91
241 92
241 144
241 157
241 166
241 196
241 221
241 245
241 266
241 293
241 313
241 373
241 386
241 394
241 425
241 457
241 464
242 41
242 53
242 82
242 94
242 97
242 109
242 125
242 164
242 174
242 208
242 269
242 277
242 279
242 286
242 298
242 305
242 327
242 398
242 430
242 435
242 477
242 489
243 23
243 38
243 40
243 92
243 100
243 136
243 152
243 164
243 187
243 188
243 225
243 238
243 250
243 263
243 271
243 309
243 333
243 340
243 342
243 348
243 352
243 359
243 380
243 393
243 401
243 416
243 439
243 478
244 0
244 2
244 60
244 66
244 74
244 82
244 114
244 118
244 135
244 160
244 161
244 188
244 202
244 219
244 236
244 248
244 251
244 257
244 294
244 305
244 330
244 340
244 344
244 365
244 393
244 404
244 410
244 431
244 432
244 446
244 448
245 30
245 129
245 168
245 179
245 190
245 217
245 218
245 226
245 229
245 241
245 261
245 283
245 284
245 310
245 311
245 339
245 364
245 378
245 415
245 418
245 424
245 429
245 465
245 483
246 35
246 45
246 78
246 83
246 114
246 119
246 159
246 190
246 204
246 249
246 263
246 269
246 273
246 294
246 332
246 364
246 400
246 405
246 453
246 466
246 486
246 487
246 494
247 18
247 28
247 45
247 63
247 72
247 73
247 88
247 92
247 179
247 203
247 205
247 230
247 250
247 261
247 276
247 284
247 312
247 319
247 323
247 334
247 344
247 345
247 373
247 431
247 434
248 18
248 37
248 40
248 99
248 100
248 131
248 148
248 152
248 169
248 171
248 206
248 208
248 244
248 283
248 288
248 358
248 371
248 380
248 399
248 448
248 457
248 472
248 493
249 16
249 22
249 43
249 54
249 69
249 77
249 92
249 97
249 150
249 165
249 178
249 204
249 246
249 291
249 293
249 301
249 306
249 329
249 372
249 390
249 400
249 402
249 413
249 421
249 428
249 433
249 441
249 455
249 470
249 497
250 3
250 38
250 42
250 48
250 50
250 88
250 126
250 141
250 167
250 194
250 210
250 230
250 243
250 247
250 319
250 322
250 329
250 347
250 390
250 398
250 406
250 411
250 459
250 488
251 3
251 25
251 26
251 99
251 104
251 130
251 132
251 147
251 148
251 233
251 240
251 244
251 267
251 271
251 273
251 330
251 331
251 369
251 373
251 416
252 7
252 19
252 54
252 58
252 81
252 113
252 118
252 132
252 142
252 152
252 159
252 167
252 177
252 183
252 196
252 207
252 217
252 224
252 239
252 264
252 275
252 282
252 322
252 350
252 359
252 381
252 407
252 425
252 430
252 431
252 439
252 442
252 455
252 471
252 477
252 495
253 7
253 8
253 12
253 13
253 45
253 46
253 52
253 72
253 100
253 118
253 124
253 139
253 151
253 199
253 238
253 264
253 268
253 278
253 297
253 299
253 310
253 316
253 337
253 344
253 364
253 405
253 408
253 409
253 426
253 454
254 7
254 28
254 71
254 99
254 136
254 161
254 171
254 200
254 218
254 220
254 277
254 282
254 300
254 344
254 357
254 358
254 367
254 404
254 414
254 427
254 488
255 6
255 67
255 78
255 97
255 106
255 120
255 130
255 142
255 145
255 154
255 157
255 189
255 222
255 239
255 264
255 269
255 270
255 303
255 314
255 326
255 328
255 399
255 404
255 416
255 419
255 427
255 428
255 472
255 486
256 4
256 10
256 44
256 100
256 140
256 170
256 172
256 176
256 194
256 198
256 215
256 238
256 290
256 310
256 323
256 354
256 364
256 377
256 378
256 414
256 429
256 454
256 455
256 458
256 460
256 499
257 22
257 111
257 115
257 117
257 128
257 185
257 205
257 212
257 216
257 244
257 259
257 309
257 320
257 328
257 337
257 341
257 350
257 377
257 392
257 407
257 414
257 432
257 450
257 458
257 479
257 481
258 33
258 34
258 60
258 69
258 92
258 94
258 97
258 125
258 148
258 172
258 173
258 177
258 203
258 214
258 259
258 262
258 302
258 312
258 319
258 321
258 338
258 348
258 349
258 371
258 431
258 443
258 456
258 477
258 484
258 492
258 496
259 10
259 86
259 120
259 137
259 149
259 163
259 170
259 176
259 178
259 257
259 258
259 261
259 300
259 310
259 335
259 349
259 351
259 374
259 390
259 401
259 410
259 417
259 436
259 454
259 469
259 474
259 487
259 494
260 7
260 11
260 42
260 45
260 61
260 85
260 119
260 121
260 124
260 139
260 161
260 183
260 209
260 211
260 236
260 308
260 309
260 317
260 325
260 326
260 334
260 350
260 353
260 383
260 396
260 400
260 403
260 434
260 486
260 487
261 7
261 17
261 29
261 57
261 64
261 79
261 110
261 115
261 152
261 154
261 177
261 189
261 192
261 206
261 212
261 222
261 232
261 245
261 247
261 259
261 289
261 317
261 335
261 382
261 398
261 408
261 478
262 6
262 50
262 56
262 61
262 67
262 75
262 92
262 114
262 145
262 149
262 159
262 198
262 237
262 258
262 296
262 335
262 349
262 358
262 411
262 447
262 450
262 477
262 478
262 481
263 4
263 11
263 26
263 45
263 55
263 68
263 111
263 114
263 117
263 178
263 195
263 201
263 214
263 243
263 246
263 302
263 305
263 313
263 316
263 321
263 342
263 363
263 368
263 376
263 391
263 407
263 429
263 462
264 26
264 45
264 110
264 133
264 150
264 161
264 162
264 195
264 252
264 253
264 255
264 281
264 291
264 294
264 328
264 355
264 369
264 388
264 392
264 408
264 414
264 416
264 450
264 455
264 458
264 464
264 467
264 470
264 471
265 56
265 148
265 166
265 170
265 220
265 266
265 302
265 307
265 312
265 319
265 401
265 416
265 469
265 470
266 23
266 29
266 55
266 73
266 109
266 126
266 147
266 199
266 237
266 241
266 265
266 281
266 290
266 342
266 350
266 360
266 384
266 423
266 433
266 439
266 473
266 480
266 484
266 492
267 38
267 51
267 59
267 75
267 79
267 101
267 120
267 121
267 133
267 161
267 186
267 228
267 237
267 251
267 281
267 296
267 311
267 322
267 348
267 408
267 485
267 499
268 44
268 49
268 70
268 119
268 141
268 151
268 200
268 206
268 209
268 210
268 219
268 253
268 278
268 281
268 291
268 299
268 335
268 359
268 373
268 381
268 406
268 416
268 421
268 440
268 461
268 474
268 495
269 5
269 8
269 33
269 37
269 74
269 81
269 86
269 99
269 105
269 107
269 110
269 119
269 145
269 201
269 224
269 242
269 246
269 255
269 332
269 336
269 360
269 376
269 390
269 403
269 413
269 439
269 447
269 461
269 475
269 479
269 484
270 92
270 161
270 167
270 196
270 255
270 275
270 280
270 288
270 296
270 322
270 328
270 341
270 358
270 426
270 486
271 20
271 49
271 55
271 69
271 111
271 137
271 155
271 162
271 220
271 243
271 251
271 272
271 299
271 340
271 391
271 425
271 465
271 466
272 13
272 37
272 38
272 57
272 61
272 104
272 106
272 111
272 117
272 133
272 162
272 186
272 191
272 209
272 220
272 232
272 271
272 285
272 328
272 341
272 351
272 372
272 399
272 404
272 439
272 441
272 446
272 448
272 463
272 476
272 493
273 22
273 74
273 89
273 102
273 117
273 119
273 186
273 190
273 246
273 251
273 305
273 332
273 349
273 350
273 357
273 369
273 372
273 392
273 401
273 416
273 423
273 431
273 449
274 7
274 47
274 73
274 78
274 107
274 116
274 120
274 122
274 125
274 133
274 137
274 141
274 142
274 154
274 164
274 172
274 189
274 193
274 196
274 200
274 215
274 221
274 302
274 314
274 361
274 422
274 448
274 463
274 468
275 9
275 51
275 90
275 91
275 105
275 116
275 122
275 252
275 270
275 276
275 377
275 383
275 396
275 401
275 439
275 493
275 494
275 497
276 15
276 54
276 76
276 137
276 139
276 142
276 146
276 177
276 236
276 247
276 275
276 314
276 350
276 353
276 386
276 396
276 402
276 412
276 426
276 436
276 459
276 484
277 22
277 23
277 37
277 80
277 88
277 94
277 98
277 121
277 126
277 136
277 141
277 145
277 150
277 163
277 224
277 242
277 254
277 280
277 286
277 299
277 314
277 315
277 332
277 336
277 338
277 348
277 370
277 463
278 12
278 28
278 31
278 60
278 75
278 128
278 185
278 208
278 230
278 253
278 268
278 338
278 350
278 352
278 360
278 366
278 400
278 409
278 415
278 439
278 468
279 16
279 42
279 93
279 182
279 183
279 193
279 207
279 211
279 234
279 242
279 297
279 304
279 311
279 328
279 330
279 366
279 381
279 436
279 482
280 78
280 97
280 100
280 106
280 108
280 118
280 127
280 130
280 132
280 151
280 161
280 170
280 197
280 229
280 270
280 277
280 294
280 365
280 367
280 407
280 417
280 437
280 477
280 479
280 493
281 11
281 81
281 123
281 140
281 142
281 190
281 203
281 210
281 214
281 227
281 264
281 266
281 267
281 268
281 302
281 308
281 325
281 360
281 379
281 398
281 409
281 410
281 433
281 437
281 443
282 22
282 43
282 45
282 70
282 121
282 137
282 140
282 146
282 180
282 187
282 188
282 206
282 226
282 232
282 236
282 252
282 254
282 293
282 350
282 356
282 376
282 377
282 382
282 400
282 411
282 458
282 487
282 496
283 7
283 28
283 45
283 57
283 82
283 87
283 105
283 127
283 143
283 182
283 187
283 201
283 217
283 233
283 245
283 248
283 286
283 301
283 317
283 322
283 380
283 468
283 485
283 486
283 487
284 32
284 51
284 71
284 79
284 94
284 103
284 129
284 139
284 147
284 155
284 190
284 199
284 245
284 247
284 307
284 405
284 424
284 478
285 86
285 101
285 111
285 124
285 125
285 128
285 134
285 151
285 171
285 172
285 181
285 228
285 272
285 292
285 317
285 355
285 380
285 385
285 386
285 424
285 470
286 11
286 64
286 109
286 125
286 151
286 153
286 173
286 178
286 192
286 199
286 225
286 228
286 231
286 242
286 277
286 283
286 295
286 348
286 355
286 365
286 375
286 389
286 411
286 425
286 434
286 451
286 483
286 484
286 488
286 491
287 32
287 35
287 38
287 40
287 46
287 56
287 65
287 91
287 94
287 120
287 121
287 122
287 136
287 156
287 176
287 182
287 197
287 204
287 206
287 220
287 237
287 296
287 315
287 321
287 335
287 338
287 381
287 403
287 447
287 482
288 14
288 29
288 46
288 55
288 73
288 91
288 107
288 143
288 157
288 171
288 174
288 248
288 270
288 289
288 313
288 316
288 332
288 335
288 342
288 358
288 393
288 407
288 469
288 485
288 494
289 12
289 26
289 53
289 64
289 68
289 74
289 76
289 100
289 115
289 116
289 154
289 182
289 209
289 231
289 261
289 288
289 341
289 350
289 357
289 358
289 360
289 364
289 366
289 380
289 394
289 414
289 467
289 468
289 479
289 489
290 20
290 28
290 29
290 65
290 97
290 109
290 113
290 169
290 176
290 180
290 197
290 208
290 211
290 227
290 234
290 256
290 266
290 292
290 295
290 297
290 315
290 316
290 330
290 338
290 369
290 379
290 380
290 432
290 451
290 476
290 485
290 497
290 498
291 3
291 18
291 24
291 30
291 46
291 103
291 121
291 126
291 162
291 216
291 217
291 219
291 249
291 264
291 268
291 308
291 324
291 361
291 399
291 477
291 499
292 42
292 94
292 130
292 149
292 179
292 188
292 196
292 224
292 285
292 290
292 313
292 331
292 374
292 396
292 403
292 414
292 467
292 474
292 498
293 6
293 8
293 19
293 56
293 80
293 83
293 85
293 92
293 142
293 150
293 154
293 193
293 217
293 236
293 241
293 249
293 282
293 298
293 324
293 332
293 377
293 381
293 382
293 391
293 413
293 425
293 461
293 463
293 491
294 11
294 33
294 52
294 138
294 143
294 150
294 151
294 157
294 207
294 244
294 246
294 264
294 280
294 310
294 319
294 323
294 360
294 385
294 419
294 460
294 499
295 1
295 29
295 57
295 86
295 104
295 116
295 173
295 191
295 286
295 290
295 300
295 312
295 365
295 367
295 400
295 410
295 438
295 454
295 468
296 13
296 34
296 61
296 76
296 101
296 170
296 172
296 178
296 180
296 188
296 214
296 221
296 225
296 229
296 262
296 267
296 270
296 287
296 310
296 353
296 381
296 413
296 432
296 460
296 472
296 476
296 481
296 488
296 497
297 11
297 13
297 19
297 64
297 68
297 90
297 129
297 143
297 170
297 210
297 214
297 224
297 225
297 253
297 279
297 290
297 350
297 365
297 378
297 381
297 432
297 440
297 470
297 479
297 482
297 486
298 8
298 20
298 61
298 70
298 75
298 82
298 110
298 118
298 124
298 156
298 166
298 190
298 214
298 216
298 233
298 242
298 293
298 306
298 320
298 369
298 395
298 396
298 489
299 9
299 15
299 26
299 40
299 58
299 72
299 74
299 84
299 87
299 93
299 100
299 137
299 176
299 183
299 215
299 253
299 268
299 271
299 277
299 328
299 341
299 415
299 460
299 465
299 488
300 8
300 10
300 11
300 81
300 103
300 107
300 113
300 114
300 116
300 134
300 151
300 152
300 162
300 169
300 174
300 184
300 203
300 219
300 220
300 230
300 254
300 259
300 295
300 321
300 340
300 371
300 406
300 408
300 429
300 432
300 435
300 442
300 444
300 453
300 454
300 465
301 56
301 120
301 134
301 149
301 210
301 249
301 283
301 307
301 320
301 322
301 340
301 343
301 366
301 379
301 386
301 421
301 424
301 469
301 472
301 494
301 495
302 25
302 26
302 39
302 43
302 87
302 96
302 104
302 107
302 132
302 160
302 193
302 197
302 227
302 258
302 263
302 265
302 274
302 281
302 320
302 347
302 390
302 437
302 477
302 489
303 0
303 5
303 13
303 20
303 70
303 74
303 120
303 122
303 135
303 181
303 193
303 211
303 214
303 219
303 255
303 311
303 380
303 415
303 425
303 433
303 434
303 440
303 441
303 444
303 499
304 14
304 40
304 54
304 95
304 118
304 121
304 163
304 173
304 193
304 279
304 305
304 346
304 363
304 377
304 423
304 432
304 442
304 484
304 492
304 497
305 13
305 34
305 51
305 75
305 76
305 95
305 111
305 115
305 146
305 157
305 168
305 186
305 197
305 210
305 216
305 227
305 234
305 242
305 244
305 263
305 273
305 304
305 307
305 322
305 353
305 362
305 364
305 370
305 373
305 387
305 407
305 436
305 438
305 470
305 476
305 485
305 494
305 497
306 0
306 4
306 44
306 56
306 62
306 82
306 184
306 188
306 226
306 249
306 298
306 312
306 323
306 336
306 356
306 367
306 389
306 424
306 427
306 433
306 439
306 449
306 471
306 492
307 23
307 26
307 27
307 31
307 38
307 67
307 108
307 126
307 138
307 178
307 184
307 186
307 192
307 265
307 284
307 301
307 305
307 350
307 371
307 375
307 406
307 416
307 420
307 425
307 427
307 437
307 483
307 490
307 494
308 8
308 20
308 29
308 47
308 54
308 59
308 82
308 85
308 89
308 97
308 112
308 143
308 161
308 189
308 216
308 218
308 260
308 281
308 291
308 309
308 331
308 358
308 376
308 386
308 389
308 392
308 448
308 484
308 487
309 3
309 22
309 84
309 98
309 105
309 142
309 150
309 181
309 194
309 239
309 243
309 257
309 260
309 308
309 356
309 416
309 471
309 481
309 495
310 20
310 77
310 115
310 160
310 199
310 205
310 213
310 222
310 245
310 253
310 256
310 259
310 294
310 296
310 350
310 361
310 369
310 373
310 401
310 424
310 465
310 476
311 0
311 35
311 63
311 84
311 97
311 204
311 205
311 224
311 238
311 245
311 267
311 279
311 303
311 319
311 330
311 357
311 367
311 380
311 383
311 386
311 390
311 393
311 432
311 458
311 464
312 6
312 60
312 66
312 85
312 108
312 127
312 135
312 218
312 231
312 247
312 258
312 265
312 295
312 306
312 355
312 375
312 390
312 427
312 430
312 465
313 4
313 26
313 28
313 71
313 77
313 78
313 152
313 194
313 203
313 241
313 263
313 288
313 292
313 315
313 342
313 348
313 366
313 368
313 372
313 397
313 448
313 456
313 459
313 473
313 494
313 496
314 12
314 39
314 72
314 99
314 105
314 117
314 123
314 131
314 166
314 168
314 173
314 181
314 201
314 205
314 206
314 214
314 224
314 255
314 274
314 276
314 277
314 324
314 325
314 334
314 419
314 453
314 460
314 463
314 499
315 25
315 33
315 66
315 87
315 90
315 117
315 121
315 144
315 160
315 168
315 182
315 220
315 240
315 277
315 287
315 290
315 313
315 318
315 346
315 349
315 351
315 373
315 457
316 12
316 47
316 51
316 76
316 83
316 92
316 107
316 155
316 212
316 219
316 253
316 263
316 288
316 290
316 338
316 405
316 408
316 424
316 426
316 431
316 432
316 483
316 486
317 2
317 11
317 26
317 32
317 58
317 79
317 84
317 110
317 111
317 137
317 141
317 171
317 199
317 228
317 235
317 260
317 261
317 283
317 285
317 374
317 378
317 381
317 386
317 387
317 388
317 398
317 447
317 477
318 25
318 40
318 50
318 60
318 65
318 75
318 76
318 78
318 79
318 93
318 102
318 103
318 138
318 154
318 213
318 218
318 225
318 236
318 315
318 388
318 423
318 440
318 457
318 463
318 493
318 494
319 7
319 18
319 53
319 58
319 62
319 82
319 94
319 103
319 111
319 116
319 125
319 130
319 141
319 147
319 154
319 160
319 213
319 230
319 239
319 247
319 250
319 258
319 265
319 294
319 311
319 341
319 408
319 411
319 429
319 434
319 442
319 445
319 457
319 462
319 480
319 482
319 491
320 0
320 132
320 139
320 220
320 225
320 227
320 231
320 257
320 298
320 301
320 302
320 334
320 352
320 355
320 375
320 395
320 427
320 428
320 431
321 32
321 45
321 98
321 119
321 148
321 153
321 182
321 187
321 208
321 209
321 215
321 216
321 258
321 263
321 287
321 300
321 324
321 344
321 345
321 351
321 363
321 370
321 371
321 373
321 393
321 416
321 465
321 466
321 492
321 498
322 72
322 75
322 94
322 122
322 129
322 130
322 146
322 198
322 203
322 213
322 215
322 250
322 252
322 267
322 270
322 283
322 301
322 305
322 375
322 439
322 471
323 38
323 46
323 49
323 64
323 93
323 102
323 143
323 152
323 161
323 162
323 175
323 176
323 184
323 208
323 217
323 247
323 256
323 294
323 306
323 324
323 345
323 363
323 383
323 392
323 423
323 426
323 429
323 439
323 445
323 480
323 497
324 59
324 67
324 123
324 143
324 182
324 191
324 224
324 291
324 293
324 314
324 321
324 323
324 343
324 349
324 360
324 373
324 383
324 407
324 417
324 422
324 444
324 445
324 451
324 475
325 41
325 59
325 61
325 62
325 72
325 82
325 114
325 115
325 151
325 172
325 206
325 229
325 260
325 281
325 314
325 341
325 345
325 360
325 369
325 374
325 396
325 401
325 405
325 413
325 438
325 450
325 451
325 489
326 18
326 40
326 50
326 87
326 104
326 159
326 178
326 197
326 220
326 255
326 260
326 344
326 374
326 406
326 432
326 445
326 446
326 447
327 2
327 20
327 44
327 65
327 70
327 110
327 141
327 142
327 196
327 199
327 203
327 234
327 242
327 329
327 330
327 359
327 378
327 393
327 401
327 422
327 425
327 459
328 1
328 14
328 81
328 137
328 141
328 154
328 168
328 181
328 187
328 225
328 255
328 257
328 264
328 270
328 272
328 279
328 299
328 340
328 349
328 393
328 417
328 444
328 455
328 474
328 484
329 35
329 41
329 79
329 128
329 133
329 135
329 171
329 187
329 192
329 206
329 207
329 212
329 225
329 229
329 238
329 249
329 250
329 327
329 348
329 359
329 436
329 438
330 13
330 39
330 69
330 71
330 75
330 84
330 100
330 196
330 204
330 221
330 233
330 244
330 251
330 279
330 290
330 311
330 327
330 363
330 387
330 414
330 431
330 445
330 454
331 28
331 51
331 150
331 160
331 183
331 196
331 215
331 234
331 251
331 292
331 308
331 349
331 376
331 413
331 473
331 483
331 487
331 490
331 492
331 499
332 13
332 93
332 105
332 111
332 127
332 179
332 184
332 200
332 202
332 203
332 246
332 269
332 273
332 277
332 288
332 293
332 337
332 347
332 354
332 407
332 413
332 416
332 417
332 423
332 424
332 433
332 446
332 494
332 495
333 60
333 72
333 87
333 96
333 98
333 109
333 163
333 203
333 236
333 238
333 243
333 340
333 343
333 351
333 352
333 354
333 358
333 379
333 395
333 423
333 429
333 479
333 494
334 11
334 27
334 54
334 92
334 98
334 122
334 134
334 138
334 153
334 154
334 176
334 190
334 201
334 247
334 260
334 314
334 320
334 351
334 352
334 353
334 358
334 390
334 398
334 404
334 425
334 444
334 445
334 458
334 488
334 491
335 41
335 67
335 104
335 106
335 113
335 126
335 135
335 196
335 207
335 216
335 259
335 261
335 262
335 268
335 287
335 288
335 342
335 344
335 350
335 359
335 394
335 409
335 430
335 435
335 453
335 469
335 475
335 476
335 477
336 10
336 36
336 38
336 41
336 74
336 81
336 172
336 203
336 213
336 218
336 269
336 277
336 306
336 355
336 374
336 384
336 408
336 411
336 430
336 448
336 463
336 466
337 4
337 40
337 43
337 74
337 77
337 79
337 103
337 124
337 125
337 133
337 134
337 169
337 193
337 205
337 223
337 253
337 257
337 332
337 353
337 355
337 405
337 433
337 492
337 499
338 9
338 39
338 50
338 99
338 114
338 125
338 134
338 150
338 175
338 205
338 209
338 227
338 238
338 258
338 277
338 278
338 287
338 290
338 316
338 355
338 359
338 376
338 386
338 388
338 422
338 431
338 483
339 29
339 36
339 40
339 54
339 75
339 77
339 110
339 111
339 133
339 147
339 157
339 197
339 201
339 206
339 212
339 245
339 349
339 355
339 361
339 420
339 455
339 461
340 1
340 12
340 17
340 35
340 45
340 97
340 116
340 190
340 197
340 199
340 200
340 239
340 243
340 244
340 271
340 300
340 301
340 328
340 333
340 342
340 348
340 354
340 357
340 378
340 424
340 446
340 473
341 7
341 8
341 10
341 31
341 65
341 88
341 96
341 101
341 112
341 113
341 135
341 148
341 165
341 226
341 239
341 257
341 270
341 272
341 289
341 299
341 319
341 325
341 376
341 391
341 393
341 431
341 435
341 467
341 469
341 481
342 1
342 7
342 25
342 56
342 70
342 93
342 150
342 160
342 179
342 191
342 243
342 263
342 266
342 288
342 313
342 335
342 340
342 370
342 384
342 389
342 397
342 459
342 461
342 462
342 489
342 491
343 35
343 53
343 75
343 80
343 92
343 118
343 161
343 168
343 171
343 179
343 206
343 238
343 301
343 324
343 333
343 360
343 363
343 378
343 380
343 419
343 435
343 470
343 473
343 494
344 12
344 22
344 23
344 38
344 41
344 52
344 61
344 64
344 69
344 84
344 101
344 111
344 167
344 244
344 247
344 253
344 254
344 321
344 326
344 335
344 354
344 361
344 399
344 409
344 414
344 426
344 434
344 438
345 13
345 18
345 40
345 44
345 63
345 70
345 86
345 94
345 145
345 148
345 156
345 169
345 173
345 184
345 207
345 209
345 225
345 247
345 321
345 323
345 325
345 368
345 381
345 388
345 410
345 414
345 415
345 420
345 451
345 467
345 489
345 497
346 2
346 43
346 60
346 92
346 110
346 149
346 157
346 171
346 179
346 197
346 198
346 222
346 236
346 304
346 315
346 352
346 354
346 375
346 394
346 405
346 481
346 492
347 14
347 36
347 81
347 218
347 238
347 250
347 302
347 332
347 366
347 459
347 466
348 14
348 22
348 23
348 45
348 181
348 219
348 222
348 243
348 258
348 267
348 277
348 286
348 313
348 329
348 340
348 357
348 364
348 372
348 415
348 428
348 441
348 442
348 458
348 490
348 493
349 22
349 30
349 41
349 58
349 66
349 146
349 152
349 163
349 171
349 225
349 226
349 233
349 235
349 258
349 259
349 262
349 273
349 315
349 324
349 328
349 331
349 339
349 373
349 397
349 399
349 412
350 34
350 35
350 59
350 66
350 89
350 128
350 157
350 209
350 213
350 252
350 257
350 260
350 266
350 273
350 276
350 278
350 282
350 289
350 297
350 307
350 310
350 335
350 353
350 375
350 429
350 431
350 467
350 482
350 483
351 7
351 12
351 17
351 48
351 55
351 82
351 105
351 112
351 136
351 143
351 148
351 180
351 189
351 192
351 226
351 259
351 272
351 315
351 321
351 333
351 334
351 393
351 422
351 426
351 429
351 433
351 466
351 479
352 32
352 48
352 58
352 65
352 74
352 108
352 117
352 133
352 143
352 162
352 172
352 187
352 243
352 278
352 320
352 333
352 334
352 346
352 357
352 358
352 361
352 367
352 369
352 390
352 431
352 442
352 447
352 456
352 472
352 483
353 1
353 20
353 34
353 69
353 99
353 122
353 145
353 176
353 177
353 215
353 237
353 260
353 276
353 296
353 305
353 334
353 337
353 350
353 359
353 401
353 414
353 417
353 465
353 474
353 477
354 46
354 68
354 108
354 169
354 190
354 256
354 332
354 333
354 340
354 344
354 346
354 415
354 444
354 493
355 2
355 32
355 41
355 56
355 72
355 82
355 133
355 171
355 189
355 232
355 264
355 285
355 286
355 312
355 320
355 336
355 337
355 338
355 339
355 361
355 370
355 389
355 397
355 400
355 417
355 456
355 476
356 14
356 20
356 25
356 35
356 60
356 74
356 94
356 144
356 180
356 189
356 193
356 206
356 240
356 282
356 306
356 309
356 363
356 391
356 477
357 15
357 62
357 73
357 90
357 127
357 129
357 134
357 140
357 161
357 224
357 236
357 240
357 254
357 273
357 289
357 311
357 340
357 348
357 352
357 387
357 413
357 469
358 113
358 146
358 217
358 221
358 237
358 239
358 240
358 248
358 254
358 262
358 270
358 288
358 289
358 308
358 333
358 334
358 352
358 359
358 366
358 367
358 391
358 394
358 414
358 420
358 489
358 498
359 2
359 25
359 29
359 40
359 41
359 67
359 111
359 117
359 120
359 126
359 156
359 167
359 176
359 190
359 193
359 243
359 252
359 268
359 327
359 329
359 335
359 338
359 353
359 358
359 366
359 374
359 386
359 387
359 405
359 409
359 448
359 450
359 483
360 10
360 21
360 64
360 108
360 116
360 120
360 142
360 152
360 210
360 217
360 230
360 233
360 239
360 266
360 269
360 278
360 281
360 289
360 294
360 324
360 325
360 343
360 405
360 407
360 456
360 459
360 481
360 486
360 487
361 47
361 85
361 130
361 162
361 168
361 182
361 188
361 200
361 274
361 291
361 310
361 339
361 344
361 352
361 355
361 387
361 401
361 403
361 406
361 424
361 434
361 439
361 450
361 464
361 485
362 14
362 19
362 23
362 54
362 73
362 81
362 93
362 100
362 204
362 236
362 238
362 305
362 388
362 432
363 35
363 36
363 47
363 55
363 95
363 98
363 112
363 137
363 174
363 180
363 187
363 188
363 194
363 211
363 263
363 304
363 321
363 323
363 330
363 343
363 356
363 370
363 436
363 456
363 487
364 17
364 32
364 67
364 70
364 114
364 122
364 131
364 155
364 189
364 198
364 210
364 221
364 226
364 245
364 246
364 253
364 256
364 289
364 305
364 348
364 365
364 375
364 380
364 382
364 387
364 423
364 491
364 498
364 499
365 3
365 15
365 26
365 39
365 41
365 95
365 127
365 158
365 163
365 172
365 207
365 231
365 236
365 244
365 280
365 286
365 295
365 297
365 364
365 369
365 370
365 371
365 397
365 418
365 441
365 469
365 470
365 478
365 489
365 493
366 117
366 153
366 197
366 200
366 278
366 279
366 289
366 301
366 313
366 347
366 358
366 359
366 379
366 382
366 384
366 389
366 432
366 446
366 454
366 492
366 496
367 61
367 80
367 101
367 105
367 194
367 201
367 221
367 254
367 280
367 295
367 306
367 311
367 352
367 358
367 374
367 380
367 384
367 440
367 468
367 470
367 472
368 1
368 18
368 25
368 41
368 52
368 71
368 72
368 76
368 135
368 158
368 162
368 192
368 193
368 209
368 231
368 263
368 313
368 345
368 373
368 384
368 386
368 388
368 397
368 398
368 412
368 413
368 436
368 458
368 498
369 19
369 25
369 45
369 65
369 76
369 118
369 202
369 204
369 208
369 226
369 233
369 251
369 264
369 273
369 290
369 298
369 310
369 325
369 352
369 365
369 379
369 382
369 397
369 407
369 437
369 458
369 476
370 75
370 92
370 105
370 135
370 150
370 151
370 178
370 186
370 204
370 235
370 277
370 305
370 321
370 342
370 355
370 363
370 365
370 386
370 411
370 419
370 429
370 437
370 442
370 457
370 464
371 57
371 166
371 175
371 185
371 224
371 248
371 258
371 300
371 307
371 321
371 365
371 392
371 405
371 414
371 496
372 5
372 14
372 31
372 61
372 64
372 89
372 90
372 101
372 187
372 188
372 195
372 203
372 208
372 213
372 216
372 228
372 238
372 239
372 249
372 272
372 273
372 313
372 348
372 422
372 433
372 443
372 484
372 489
372 492
373 20
373 25
373 26
373 27
373 34
373 38
373 44
373 101
373 121
373 174
373 208
373 211
373 217
373 241
373 247
373 251
373 268
373 305
373 310
373 315
373 321
373 324
373 349
373 368
373 380
373 393
373 400
373 403
373 494
374 30
374 35
374 47
374 80
374 97
374 186
374 206
374 259
374 292
374 317
374 325
374 326
374 336
374 359
374 367
374 421
374 447
374 484
375 48
375 63
375 76
375 101
375 106
375 177
375 286
375 307
375 312
375 320
375 322
375 346
375 350
375 364
375 438
375 460
375 466
375 488
375 493
376 0
376 40
376 47
376 51
376 62
376 107
376 116
376 147
376 154
376 169
376 183
376 185
376 187
376 209
376 221
376 223
376 234
376 263
376 269
376 282
376 308
376 331
376 338
376 341
376 385
376 404
376 415
376 417
376 418
376 436
376 440
377 9
377 27
377 35
377 80
377 130
377 133
377 136
377 160
377 196
377 256
377 257
377 275
377 282
377 293
377 304
377 405
377 409
377 449
377 462
377 489
378 30
378 63
378 91
378 110
378 134
378 139
378 198
378 212
378 226
378 245
378 256
378 297
378 317
378 327
378 340
378 343
378 398
378 409
378 437
378 439
379 69
379 82
379 108
379 112
379 121
379 151
379 162
379 178
379 213
379 217
379 223
379 232
379 281
379 290
379 301
379 333
379 366
379 369
379 400
379 403
379 468
380 31
380 91
380 158
380 211
380 234
380 240
380 243
380 248
380 283
380 285
380 289
380 290
380 303
380 311
380 343
380 364
380 367
380 373
380 414
380 442
380 459
380 471
380 475
380 493
381 10
381 33
381 81
381 87
381 142
381 188
381 212
381 252
381 268
381 279
381 287
381 293
381 296
381 297
381 317
381 345
381 386
381 394
381 415
381 466
381 468
382 2
382 6
382 58
382 61
382 64
382 67
382 79
382 138
382 141
382 190
382 212
382 217
382 261
382 282
382 293
382 364
382 366
382 369
382 432
382 441
382 488
383 2
383 107
383 116
383 150
383 179
383 205
383 217
383 260
383 275
383 311
383 323
383 324
383 391
383 402
383 410
383 458
383 464
383 468
383 473
383 475
384 7
384 38
384 53
384 72
384 88
384 99
384 214
384 266
384 336
384 342
384 366
384 367
384 368
384 399
384 493
385 18
385 30
385 72
385 75
385 108
385 114
385 125
385 129
385 160
385 190
385 212
385 228
385 236
385 285
385 294
385 376
385 402
385 410
385 458
385 479
386 3
386 9
386 12
386 17
386 26
386 53
386 54
386 76
386 107
386 113
386 117
386 125
386 134
386 209
386 211
386 241
386 276
386 285
386 301
386 308
386 311
386 317
386 338
386 359
386 368
386 370
386 381
386 404
386 407
386 436
386 441
386 466
386 479
386 487
387 30
387 50
387 74
387 111
387 182
387 188
387 193
387 198
387 213
387 305
387 317
387 330
387 357
387 359
387 361
387 364
387 401
387 408
387 430
387 447
387 456
387 480
387 489
387 491
387 496
388 8
388 14
388 15
388 24
388 29
388 46
388 54
388 86
388 108
388 129
388 131
388 146
388 155
388 175
388 188
388 201
388 220
388 223
388 237
388 264
388 317
388 318
388 338
388 345
388 362
388 368
388 402
388 404
388 406
388 420
388 454
388 482
388 484
388 497
389 14
389 32
389 40
389 41
389 69
389 102
389 103
389 116
389 120
389 136
389 155
389 159
389 167
389 181
389 182
389 189
389 190
389 229
389 232
389 286
389 306
389 308
389 342
389 355
389 366
389 424
389 463
390 6
390 14
390 18
390 25
390 28
390 29
390 49
390 60
390 66
390 67
390 73
390 78
390 96
390 128
390 132
390 154
390 160
390 194
390 204
390 219
390 240
390 249
390 250
390 259
390 269
390 302
390 311
390 312
390 334
390 352
390 395
390 411
390 423
390 447
390 485
390 486
391 46
391 64
391 125
391 136
391 179
391 189
391 228
391 230
391 263
391 271
391 293
391 341
391 356
391 358
391 383
391 395
391 406
391 415
391 478
391 489
392 16
392 27
392 84
392 139
392 146
392 157
392 182
392 188
392 224
392 238
392 257
392 264
392 273
392 308
392 323
392 371
392 413
392 438
392 474
393 43
393 104
393 124
393 157
393 188
393 219
393 231
393 243
393 244
393 288
393 311
393 321
393 327
393 328
393 341
393 351
393 373
393 400
393 417
393 432
393 463
393 480
393 490
394 50
394 58
394 59
394 68
394 75
394 80
394 125
394 131
394 170
394 172
394 192
394 194
394 207
394 216
394 219
394 241
394 289
394 335
394 346
394 358
394 381
394 398
394 464
394 490
394 497
394 498
395 22
395 66
395 67
395 71
395 89
395 126
395 139
395 145
395 146
395 172
395 178
395 189
395 207
395 220
395 298
395 320
395 333
395 390
395 391
395 435
395 439
395 455
395 458
395 460
395 493
396 59
396 81
396 89
396 117
396 119
396 142
396 175
396 181
396 200
396 210
396 225
396 237
396 238
396 260
396 275
396 276
396 292
396 298
396 325
396 407
396 416
396 454
396 462
396 481
396 489
397 8
397 74
397 84
397 104
397 115
397 133
397 195
397 204
397 313
397 342
397 349
397 355
397 365
397 368
397 369
397 417
397 460
397 472
398 1
398 22
398 31
398 39
398 55
398 85
398 93
398 116
398 147
398 189
398 220
398 223
398 235
398 242
398 250
398 261
398 281
398 317
398 334
398 368
398 378
398 394
398 415
398 417
398 452
398 480
399 9
399 12
399 26
399 28
399 29
399 42
399 60
399 61
399 76
399 87
399 137
399 161
399 166
399 190
399 197
399 208
399 209
399 236
399 238
399 248
399 255
399 272
399 291
399 344
399 349
399 384
399 402
399 416
399 427
399 440
399 460
399 472
400 32
400 91
400 107
400 108
400 114
400 136
400 144
400 157
400 159
400 170
400 183
400 192
400 205
400 219
400 234
400 238
400 246
400 249
400 260
400 278
400 282
400 295
400 355
400 373
400 379
400 393
400 472
400 473
400 495
400 497
401 6
401 15
401 19
401 27
401 92
401 98
401 110
401 171
401 211
401 226
401 238
401 243
401 259
401 265
401 273
401 275
401 310
401 325
401 327
401 353
401 361
401 387
401 440
401 446
401 456
401 457
401 462
401 464
402 16
402 54
402 85
402 89
402 135
402 146
402 158
402 172
402 176
402 184
402 187
402 199
402 221
402 249
402 276
402 383
402 385
402 388
402 399
402 407
402 411
402 415
402 445
402 464
402 468
402 473
402 491
402 496
403 26
403 27
403 28
403 33
403 38
403 41
403 94
403 95
403 121
403 124
403 127
403 128
403 143
403 144
403 151
403 172
403 190
403 196
403 260
403 269
403 287
403 292
403 361
403 373
403 379
403 426
403 447
403 460
403 468
404 26
404 28
404 40
404 71
404 73
404 79
404 80
404 89
404 102
404 130
404 134
404 144
404 171
404 186
404 244
404 254
404 255
404 272
404 334
404 376
404 386
404 388
404 408
404 472
404 474
404 478
405 19
405 26
405 29
405 51
405 68
405 99
405 102
405 135
405 153
405 164
405 165
405 178
405 236
405 238
405 246
405 253
405 284
405 316
405 325
405 337
405 346
405 359
405 360
405 371
405 377
405 406
406 106
406 113
406 128
406 206
406 250
406 268
406 300
406 307
406 326
406 361
406 388
406 391
406 405
406 499
407 21
407 28
407 31
407 41
407 47
407 50
407 84
407 88
407 110
407 167
407 175
407 176
407 181
407 200
407 252
407 257
407 263
407 280
407 288
407 305
407 324
407 332
407 360
407 369
407 386
407 396
407 402
407 411
407 418
407 438
407 451
407 458
407 485
407 498
408 33
408 62
408 65
408 73
408 107
408 150
408 159
408 168
408 201
408 223
408 235
408 240
408 253
408 261
408 264
408 267
408 300
408 316
408 319
408 336
408 387
408 404
408 433
408 448
408 456
408 460
408 469
408 471
408 479
409 26
409 34
409 63
409 185
409 253
409 278
409 281
409 335
409 344
409 359
409 377
409 378
409 422
409 437
409 439
409 446
409 447
409 471
409 476
409 480
409 484
410 53
410 60
410 73
410 107
410 138
410 149
410 157
410 187
410 190
410 193
410 209
410 223
410 244
410 259
410 281
410 295
410 345
410 383
410 385
410 424
410 426
410 436
410 462
410 473
411 4
411 38
411 56
411 68
411 133
411 144
411 184
411 194
411 204
411 219
411 224
411 229
411 230
411 250
411 262
411 282
411 286
411 319
411 336
411 370
411 390
411 402
411 407
412 21
412 50
412 82
412 128
412 152
412 237
412 240
412 276
412 349
412 368
412 419
412 449
412 490
412 492
412 494
412 498
413 19
413 37
413 46
413 47
413 55
413 79
413 92
413 93
413 125
413 157
413 204
413 220
413 224
413 249
413 269
413 293
413 296
413 325
413 331
413 332
413 357
413 368
413 392
413 467
414 2
414 13
414 31
414 39
414 73
414 83
414 96
414 114
414 163
414 169
414 195
414 199
414 254
414 256
414 257
414 264
414 289
414 292
414 330
414 344
414 345
414 353
414 358
414 371
414 380
414 438
414 443
414 446
414 459
414 469
414 495
414 496
415 34
415 39
415 113
415 139
415 158
415 159
415 162
415 180
415 231
415 245
415 278
415 299
415 303
415 345
415 348
415 354
415 376
415 381
415 391
415 398
415 402
415 421
415 430
415 444
416 2
416 3
416 44
416 49
416 50
416 54
416 114
416 130
416 185
416 194
416 202
416 226
416 234
416 243
416 251
416 255
416 264
416 265
416 268
416 273
416 307
416 309
416 321
416 332
416 396
416 399
416 430
416 433
417 19
417 47
417 50
417 54
417 61
417 98
417 143
417 175
417 259
417 280
417 324
417 328
417 332
417 353
417 355
417 376
417 393
417 397
417 398
417 464
417 474
418 23
418 32
418 43
418 53
418 63
418 107
418 174
418 186
418 197
418 245
418 365
418 376
418 407
418 423
418 425
418 438
418 449
418 460
418 473
418 478
419 24
419 40
419 51
419 65
419 112
419 116
419 124
419 133
419 140
419 145
419 149
419 164
419 169
419 170
419 173
419 190
419 231
419 255
419 294
419 314
419 343
419 370
419 412
419 425
419 444
419 463
420 2
420 23
420 40
420 41
420 88
420 93
420 117
420 128
420 135
420 141
420 165
420 205
420 217
420 226
420 307
420 339
420 345
420 358
420 388
420 451
420 455
421 8
421 35
421 43
421 44
421 77
421 131
421 136
421 150
421 184
421 249
421 268
421 301
421 374
421 415
421 454
421 497
422 37
422 70
422 182
422 187
422 194
422 219
422 274
422 324
422 327
422 338
422 351
422 372
422 409
422 452
422 459
422 474
422 499
423 0
423 4
423 58
423 71
423 122
423 135
423 181
423 187
423 195
423 209
423 218
423 238
423 266
423 273
423 304
423 318
423 323
423 332
423 333
423 364
423 390
423 418
423 472
424 14
424 29
424 30
424 42
424 99
424 133
424 192
424 206
424 212
424 228
424 245
424 284
424 285
424 301
424 306
424 310
424 316
424 332
424 340
424 361
424 389
424 410
424 462
425 30
425 59
425 61
425 91
425 119
425 137
425 158
425 178
425 202
425 218
425 236
425 241
425 252
425 271
425 286
425 293
425 303
425 307
425 327
425 334
425 418
425 419
425 455
425 461
425 487
426 26
426 80
426 81
426 95
426 96
426 98
426 104
426 113
426 125
426 130
426 131
426 147
426 172
426 190
426 200
426 201
426 232
426 253
426 270
426 276
426 316
426 323
426 344
426 351
426 403
426 410
426 436
426 448
426 475
427 26
427 62
427 64
427 71
427 76
427 79
427 112
427 117
427 153
427 181
427 185
427 234
427 237
427 254
427 255
427 306
427 307
427 312
427 320
427 399
427 446
427 457
427 458
427 465
427 469
427 478
427 486
428 5
428 19
428 39
428 42
428 68
428 74
428 77
428 84
428 91
428 106
428 129
428 185
428 207
428 217
428 220
428 233
428 249
428 255
428 320
428 348
428 436
428 447
428 451
428 468
429 24
429 73
429 92
429 93
429 168
429 180
429 245
429 256
429 263
429 300
429 319
429 323
429 333
429 350
429 351
429 370
429 434
429 498
430 2
430 5
430 8
430 34
430 40
430 45
430 57
430 78
430 97
430 101
430 106
430 114
430 138
430 186
430 199
430 203
430 207
430 209
430 219
430 242
430 252
430 312
430 335
430 336
430 387
430 415
430 416
430 441
430 445
430 447
430 463
430 482
430 487
431 37
431 96
431 102
431 103
431 128
431 137
431 155
431 175
431 176
431 179
431 192
431 201
431 209
431 213
431 244
431 247
431 252
431 258
431 273
431 316
431 320
431 330
431 338
431 341
431 350
431 352
431 454
431 479
431 493
432 3
432 13
432 33
432 44
432 51
432 76
432 82
432 121
432 142
432 146
432 189
432 207
432 219
432 244
432 257
432 290
432 296
432 297
432 300
432 304
432 311
432 316
432 326
432 362
432 366
432 382
432 393
432 457
432 459
433 19
433 27
433 29
433 47
433 49
433 53
433 55
433 72
433 75
433 79
433 103
433 123
433 143
433 155
433 201
433 238
433 249
433 266
433 281
433 303
433 306
433 332
433 337
433 351
433 372
433 408
433 416
433 439
433 460
433 476
433 477
433 478
433 479
434 33
434 39
434 72
434 73
434 93
434 106
434 125
434 148
434 174
434 210
434 213
434 214
434 225
434 227
434 247
434 260
434 286
434 303
434 319
434 344
434 361
434 429
434 439
434 481
434 488
435 6
435 8
435 50
435 64
435 67
435 72
435 96
435 129
435 132
435 133
435 141
435 188
435 198
435 215
435 220
435 242
435 300
435 335
435 341
435 343
435 395
435 449
435 451
435 464
435 480
436 1
436 8
436 47
436 65
436 125
436 129
436 189
436 192
436 193
436 207
436 222
436 238
436 259
436 276
436 279
436 305
436 329
436 363
436 368
436 376
436 386
436 410
436 426
436 428
436 439
436 453
437 30
437 42
437 44
437 58
437 64
437 66
437 101
437 116
437 144
437 150
437 169
437 183
437 190
437 214
437 237
437 280
437 281
437 302
437 307
437 369
437 370
437 378
437 409
437 449
437 486
437 489
438 8
438 19
438 21
438 25
438 58
438 79
438 98
438 100
438 118
438 129
438 136
438 163
438 166
438 219
438 295
438 305
438 325
438 329
438 344
438 375
438 392
438 407
438 414
438 418
438 457
438 485
439 45
439 47
439 69
439 120
439 130
439 146
439 148
439 154
439 177
439 186
439 196
439 243
439 252
439 266
439 269
439 272
439 275
439 278
439 306
439 322
439 323
439 361
439 378
439 395
439 409
439 433
439 434
439 436
439 440
439 495
440 7
440 63
440 93
440 98
440 104
440 106
440 115
440 128
440 138
440 169
440 185
440 189
440 191
440 203
440 268
440 297
440 303
440 318
440 367
440 376
440 399
440 401
440 439
440 451
440 465
440 473
440 496
441 12
441 13
441 16
441 35
441 55
441 78
441 164
441 174
441 210
441 224
441 249
441 272
441 303
441 348
441 365
441 382
441 386
441 430
441 495
442 88
442 114
442 151
442 153
442 162
442 181
442 219
442 225
442 229
442 252
442 300
442 304
442 319
442 348
442 352
442 370
442 380
442 445
442 468
442 477
443 2
443 9
443 25
443 46
443 62
443 82
443 99
443 105
443 121
443 128
443 130
443 136
443 231
443 258
443 281
443 372
443 414
443 448
443 453
443 459
443 489
444 1
444 13
444 18
444 28
444 57
444 69
444 88
444 156
444 167
444 171
444 181
444 199
444 204
444 300
444 303
444 324
444 328
444 334
444 354
444 415
444 419
444 449
444 450
444 459
444 483
444 493
445 26
445 34
445 80
445 105
445 139
445 141
445 150
445 172
445 232
445 319
445 323
445 324
445 326
445 330
445 334
445 402
445 430
445 442
445 447
445 449
445 490
445 494
446 19
446 66
446 93
446 172
446 211
446 219
446 231
446 244
446 272
446 326
446 332
446 340
446 366
446 401
446 409
446 414
446 427
446 456
446 472
446 487
446 499
447 6
447 47
447 92
447 129
447 137
447 157
447 161
447 165
447 169
447 182
447 184
447 210
447 231
447 262
447 269
447 287
447 317
447 326
447 352
447 374
447 387
447 390
447 403
447 409
447 428
447 430
447 445
447 480
447 487
448 15
448 47
448 65
448 74
448 94
448 102
448 140
448 148
448 155
448 182
448 188
448 207
448 244
448 248
448 272
448 274
448 308
448 313
448 336
448 359
448 408
448 426
448 443
448 467
448 470
448 471
448 473
448 483
448 488
449 8
449 15
449 49
449 54
449 82
449 89
449 101
449 136
449 144
449 147
449 184
449 198
449 273
449 306
449 377
449 412
449 418
449 435
449 437
449 444
449 445
449 466
449 476
450 24
450 78
450 90
450 112
450 115
450 137
450 141
450 155
450 188
450 211
450 212
450 224
450 257
450 262
450 264
450 325
450 359
450 361
450 444
450 477
451 34
451 52
451 55
451 57
451 64
451 83
451 85
451 100
451 104
451 134
451 162
451 167
451 179
451 203
451 207
451 225
451 227
451 239
451 286
451 290
451 324
451 325
451 345
451 407
451 420
451 428
451 435
451 440
451 454
451 466
451 474
451 478
452 20
452 69
452 81
452 126
452 133
452 142
452 157
452 193
452 197
452 199
452 206
452 398
452 422
452 457
452 471
452 478
453 2
453 39
453 50
453 53
453 69
453 101
453 156
453 186
453 187
453 210
453 215
453 228
453 232
453 246
453 300
453 314
453 335
453 436
453 443
454 4
454 54
454 65
454 101
454 126
454 133
454 136
454 150
454 163
454 183
454 190
454 203
454 210
454 213
454 253
454 256
454 259
454 295
454 300
454 330
454 366
454 388
454 396
454 421
454 431
454 451
454 455
454 493
455 5
455 17
455 18
455 77
455 123
455 145
455 162
455 175
455 180
455 186
455 216
455 249
455 252
455 256
455 264
455 328
455 339
455 395
455 420
455 425
455 454
455 456
455 469
455 479
455 488
455 490
456 3
456 5
456 20
456 24
456 47
456 71
456 108
456 124
456 127
456 225
456 258
456 313
456 352
456 355
456 360
456 363
456 387
456 401
456 408
456 446
456 455
456 460
456 469
456 471
456 498
457 77
457 126
457 131
457 154
457 155
457 194
457 199
457 233
457 241
457 248
457 315
457 318
457 319
457 370
457 401
457 427
457 432
457 438
457 452
457 486
458 40
458 63
458 86
458 128
458 136
458 166
458 231
458 237
458 256
458 257
458 264
458 282
458 311
458 334
458 348
458 368
458 369
458 383
458 385
458 395
458 407
458 427
458 481
459 40
459 48
459 77
459 100
459 106
459 110
459 130
459 158
459 162
459 182
459 209
459 221
459 226
459 236
459 250
459 276
459 313
459 327
459 342
459 347
459 360
459 380
459 414
459 422
459 432
459 443
459 444
459 460
459 461
459 464
459 466
459 470
459 492
460 1
460 12
460 110
460 128
460 129
460 162
460 229
460 256
460 294
460 296
460 299
460 314
460 375
460 395
460 397
460 399
460 403
460 408
460 418
460 433
460 456
460 459
460 481
460 483
461 10
461 31
461 40
461 50
461 64
461 127
461 132
461 138
461 147
461 160
461 161
461 167
461 172
461 180
461 182
461 235
461 237
461 268
461 269
461 293
461 339
461 342
461 425
461 459
461 492
462 5
462 22
462 34
462 68
462 81
462 136
462 139
462 191
462 206
462 226
462 263
462 319
462 342
462 377
462 396
462 401
462 410
462 424
462 496
463 14
463 79
463 104
463 106
463 114
463 131
463 136
463 169
463 171
463 180
463 196
463 203
463 210
463 214
463 228
463 272
463 274
463 277
463 293
463 314
463 318
463 336
463 389
463 393
463 419
463 430
464 7
464 20
464 27
464 40
464 42
464 82
464 106
464 123
464 146
464 150
464 160
464 164
464 170
464 187
464 196
464 203
464 210
464 221
464 241
464 264
464 311
464 361
464 370
464 383
464 394
464 401
464 402
464 417
464 435
464 459
464 468
464 479
464 482
465 7
465 31
465 36
465 41
465 47
465 78
465 91
465 142
465 152
465 154
465 204
465 215
465 216
465 245
465 271
465 299
465 300
465 310
465 312
465 321
465 353
465 427
465 440
466 21
466 36
466 51
466 73
466 81
466 96
466 123
466 145
466 149
466 186
466 194
466 222
466 224
466 230
466 246
466 271
466 321
466 336
466 347
466 351
466 375
466 381
466 386
466 449
466 451
466 459
466 472
466 474
466 476
466 477
467 3
467 19
467 21
467 31
467 44
467 142
467 173
467 185
467 207
467 216
467 264
467 289
467 292
467 341
467 345
467 350
467 413
467 448
468 35
468 45
468 79
468 106
468 114
468 177
468 205
468 206
468 221
468 229
468 274
468 278
468 283
468 289
468 295
468 367
468 379
468 381
468 383
468 402
468 403
468 428
468 442
468 464
468 495
469 50
469 75
469 77
469 105
469 111
469 129
469 166
469 181
469 218
469 259
469 265
469 288
469 301
469 335
469 341
469 357
469 365
469 408
469 414
469 427
469 455
469 456
470 87
470 97
470 127
470 169
470 249
470 264
470 265
470 285
470 297
470 305
470 343
470 365
470 367
470 448
470 459
470 491
470 493
471 4
471 13
471 83
471 86
471 114
471 119
471 130
471 139
471 169
471 189
471 223
471 234
471 252
471 264
471 306
471 309
471 322
471 380
471 408
471 409
471 448
471 452
471 456
472 6
472 37
472 50
472 72
472 90
472 99
472 106
472 138
472 196
472 205
472 207
472 224
472 236
472 248
472 255
472 296
472 301
472 352
472 367
472 397
472 399
472 400
472 404
472 423
472 446
472 466
473 4
473 5
473 22
473 72
473 85
473 104
473 107
473 177
473 189
473 231
473 266
473 313
473 331
473 340
473 343
473 383
473 400
473 402
473 410
473 418
473 440
473 448
473 495
474 7
474 17
474 23
474 25
474 42
474 85
474 177
474 236
474 259
474 268
474 292
474 328
474 353
474 392
474 404
474 417
474 422
474 451
474 466
474 475
474 477
475 26
475 58
475 62
475 67
475 78
475 87
475 126
475 133
475 178
475 193
475 203
475 220
475 228
475 269
475 324
475 335
475 380
475 383
475 426
475 474
475 482
475 499
476 55
476 73
476 75
476 91
476 110
476 122
476 132
476 149
476 150
476 155
476 158
476 160
476 187
476 221
476 272
476 290
476 296
476 305
476 310
476 335
476 355
476 369
476 409
476 433
476 449
476 466
476 487
476 494
477 95
477 115
477 148
477 167
477 172
477 179
477 185
477 187
477 238
477 242
477 252
477 258
477 262
477 280
477 291
477 302
477 317
477 335
477 353
477 356
477 433
477 442
477 450
477 466
477 474
477 492
478 36
478 75
478 114
478 121
478 122
478 131
478 167
478 212
478 222
478 227
478 243
478 261
478 262
478 284
478 365
478 391
478 404
478 418
478 427
478 433
478 451
478 452
479 47
479 51
479 95
479 123
479 133
479 181
479 208
479 221
479 222
479 236
479 257
479 269
479 280
479 289
479 297
479 333
479 351
479 385
479 386
479 408
479 431
479 433
479 455
479 464
480 2
480 25
480 30
480 38
480 43
480 110
480 127
480 130
480 135
480 152
480 157
480 162
480 236
480 266
480 319
480 323
480 387
480 393
480 398
480 409
480 435
480 447
481 50
481 58
481 72
481 117
481 133
481 137
481 151
481 174
481 197
481 205
481 206
481 209
481 233
481 257
481 262
481 296
481 309
481 341
481 346
481 360
481 396
481 434
481 458
481 460
481 485
482 6
482 21
482 39
482 56
482 60
482 72
482 84
482 108
482 115
482 127
482 128
482 140
482 149
482 160
482 174
482 180
482 208
482 209
482 279
482 287
482 297
482 319
482 350
482 388
482 430
482 464
482 475
482 488
483 18
483 74
483 113
483 121
483 122
483 125
483 131
483 147
483 151
483 178
483 191
483 220
483 228
483 245
483 286
483 307
483 316
483 331
483 338
483 350
483 352
483 359
483 444
483 448
483 460
484 0
484 1
484 25
484 37
484 63
484 69
484 88
484 96
484 170
484 185
484 187
484 196
484 213
484 258
484 266
484 269
484 276
484 286
484 304
484 308
484 328
484 372
484 374
484 388
484 409
485 41
485 43
485 47
485 101
485 154
485 196
485 205
485 216
485 237
485 267
485 283
485 288
485 290
485 305
485 361
485 390
485 407
485 438
485 481
485 490
486 7
486 20
486 38
486 39
486 64
486 84
486 94
486 97
486 105
486 139
486 146
486 176
486 196
486 209
486 222
486 246
486 255
486 260
486 270
486 283
486 297
486 316
486 360
486 390
486 427
486 437
486 457
486 488
487 47
487 54
487 60
487 79
487 90
487 117
487 154
487 158
487 173
487 196
487 210
487 214
487 215
487 218
487 235
487 239
487 246
487 259
487 260
487 282
487 283
487 308
487 331
487 360
487 363
487 386
487 425
487 430
487 446
487 447
487 476
487 489
488 21
488 30
488 33
488 42
488 85
488 99
488 105
488 106
488 140
488 250
488 254
488 286
488 296
488 299
488 334
488 375
488 382
488 434
488 448
488 455
488 482
488 486
489 25
489 26
489 48
489 51
489 82
489 85
489 118
489 122
489 137
489 149
489 156
489 168
489 170
489 171
489 181
489 192
489 205
489 237
489 242
489 289
489 298
489 302
489 325
489 342
489 345
489 358
489 365
489 372
489 377
489 387
489 391
489 396
489 437
489 443
489 487
490 4
490 7
490 26
490 39
490 56
490 79
490 91
490 114
490 115
490 121
490 151
490 160
490 184
490 206
490 216
490 224
490 238
490 307
490 331
490 348
490 393
490 394
490 412
490 445
490 455
490 485
490 495
491 6
491 85
491 109
491 132
491 138
491 150
491 181
491 202
491 221
491 223
491 228
491 286
491 293
491 319
491 334
491 342
491 364
491 387
491 402
491 470
491 493
492 3
492 13
492 19
492 23
492 71
492 89
492 100
492 136
492 174
492 182
492 239
492 258
492 266
492 304
492 306
492 321
492 331
492 337
492 346
492 366
492 372
492 412
492 459
492 461
492 477
493 7
493 29
493 32
493 36
493 46
493 53
493 61
493 92
493 101
493 105
493 144
493 152
493 179
493 222
493 248
493 272
493 275
493 280
493 318
493 348
493 354
493 365
493 375
493 380
493 384
493 395
493 431
493 444
493 454
493 470
493 491
494 11
494 16
494 20
494 27
494 49
494 56
494 97
494 109
494 120
494 138
494 147
494 157
494 176
494 187
494 214
494 215
494 238
494 246
494 259
494 275
494 288
494 301
494 305
494 307
494 313
494 318
494 332
494 333
494 343
494 373
494 412
494 445
494 476
495 14
495 64
495 75
495 79
495 97
495 105
495 124
495 128
495 131
495 146
495 164
495 184
495 193
495 194
495 229
495 252
495 268
495 301
495 309
495 332
495 400
495 414
495 439
495 441
495 468
495 473
495 490
496 27
496 35
496 47
496 65
496 71
496 72
496 74
496 102
496 150
496 172
496 203
496 229
496 236
496 258
496 282
496 313
496 366
496 371
496 387
496 402
496 414
496 440
496 462
497 12
497 19
497 39
497 79
497 84
497 106
497 126
497 164
497 182
497 192
497 207
497 233
497 249
497 275
497 290
497 296
497 304
497 305
497 323
497 345
497 388
497 394
497 400
497 421
498 33
498 45
498 79
498 85
498 126
498 145
498 171
498 222
498 290
498 292
498 321
498 358
498 364
498 368
498 394
498 407
498 412
498 429
498 456
499 8
499 89
499 102
499 105
499 107
499 140
499 145
499 173
499 178
499 256
499 267
499 291
499 294
499 303
499 314
499 331
499 337
499 364
499 406
499 422
499 446
499 475