200 1025
0 10
0 14
0 20
0 21
0 27
0 36
0 57
0 72
0 73
0 92
0 113
0 125
0 126
0 141
0 151
0 152
0 180
0 182
1 6
1 40
1 60
1 65
1 83
1 84
1 124
1 152
1 176
1 190
2 10
2 40
2 70
2 73
2 109
2 120
2 137
2 169
2 175
3 12
3 47
3 71
3 83
3 92
3 95
3 99
3 140
3 147
3 152
3 186
4 51
4 78
4 84
4 129
4 151
5 8
5 65
5 66
5 76
5 82
5 88
5 89
5 135
5 157
5 173
5 175
5 176
6 1
6 26
6 51
6 62
6 69
6 100
6 197
7 27
7 35
7 56
7 88
7 101
7 114
7 147
7 151
7 171
7 173
7 176
7 180
7 195
7 196
8 5
8 37
8 51
8 55
8 95
8 100
8 111
8 130
8 135
8 138
8 139
8 153
8 166
8 184
9 23
9 63
9 73
9 76
9 103
9 116
9 119
9 138
9 149
9 173
9 181
10 0
10 2
10 16
10 43
10 62
10 109
11 33
11 35
11 59
11 67
11 77
11 88
11 92
11 129
11 181
12 3
12 13
12 31
12 39
12 63
12 72
12 114
12 124
12 132
12 141
12 143
12 163
12 180
12 196
13 12
13 22
13 23
13 26
13 38
13 40
13 45
13 47
13 53
13 66
13 82
13 87
13 98
13 101
13 158
13 176
13 177
13 178
13 183
13 190
13 197
14 0
14 53
14 61
14 117
14 135
14 136
14 152
14 177
14 184
15 38
15 46
15 50
15 52
15 75
15 76
15 81
15 151
15 152
15 183
16 10
16 25
16 51
16 62
16 68
16 69
16 80
16 120
16 122
16 124
16 137
16 138
16 168
17 18
17 20
17 65
17 145
17 154
17 164
17 170
17 184
18 17
18 44
18 61
18 65
18 73
18 86
18 110
18 113
18 128
18 135
19 55
19 64
19 67
19 96
19 111
19 172
20 0
20 17
20 34
20 40
20 42
20 48
20 54
20 63
20 103
20 149
20 150
20 169
20 186
20 190
21 0
21 54
21 70
21 74
21 142
21 172
21 181
21 189
21 194
22 13
22 50
22 96
22 117
22 119
22 148
23 9
23 13
23 49
23 53
23 55
23 58
23 63
23 78
23 85
23 117
23 118
23 122
23 135
23 141
23 160
23 170
23 174
23 186
24 33
24 34
24 38
24 39
24 106
24 174
25 16
25 40
25 51
25 86
25 95
25 108
25 112
25 152
25 175
25 191
25 195
25 196
26 6
26 13
26 116
26 138
26 191
26 195
27 0
27 7
27 41
27 90
27 91
27 114
27 120
27 149
27 154
27 165
28 39
28 80
28 84
28 98
28 163
28 167
28 174
29 43
29 81
29 125
29 155
29 167
29 186
30 53
30 90
30 118
30 124
30 125
30 147
30 149
30 151
30 180
31 12
31 42
31 60
31 79
31 133
31 155
32 38
32 46
32 75
32 88
32 89
32 176
33 11
33 24
33 41
33 42
33 90
33 102
33 188
34 20
34 24
34 49
34 64
34 68
34 74
34 97
34 102
34 155
34 165
34 177
34 190
34 193
35 7
35 11
35 104
35 113
35 128
35 135
35 160
35 175
35 182
35 187
36 0
36 61
36 127
36 170
36 194
36 196
37 8
37 38
37 39
37 55
37 57
37 72
37 74
37 82
37 84
37 91
37 92
37 104
37 133
37 158
37 162
37 166
37 168
38 13
38 15
38 24
38 32
38 37
38 40
38 56
38 116
38 145
38 157
38 160
39 12
39 24
39 28
39 37
39 58
39 68
39 88
39 92
39 107
39 117
39 131
39 143
39 175
39 181
39 198
40 1
40 2
40 13
40 20
40 25
40 38
40 52
40 84
40 100
40 148
40 150
40 158
41 27
41 33
41 45
41 74
41 96
41 97
41 112
41 117
41 137
41 138
41 156
41 159
42 20
42 31
42 33
42 80
42 134
42 142
42 167
43 10
43 29
43 45
43 47
43 50
43 71
43 79
43 92
43 96
43 109
43 142
43 146
43 173
43 180
43 188
44 18
44 49
44 67
44 71
44 81
44 128
44 142
44 147
44 169
44 182
44 197
45 13
45 41
45 43
45 60
45 125
45 134
45 151
45 159
45 162
46 15
46 32
46 48
46 60
46 85
46 91
46 96
46 100
46 107
46 130
46 138
46 157
46 159
46 162
46 163
46 165
46 166
46 180
46 195
47 3
47 13
47 43
47 81
47 82
47 129
47 134
47 142
47 145
47 163
47 165
47 179
47 184
48 20
48 46
48 60
48 80
48 84
48 112
48 139
48 153
48 158
48 178
48 180
49 23
49 34
49 44
49 82
49 83
49 100
49 112
49 131
50 15
50 22
50 43
50 70
50 88
50 159
51 4
51 6
51 8
51 16
51 25
51 53
51 55
51 80
51 82
51 127
51 129
51 180
51 182
52 15
52 40
52 97
52 114
52 132
52 138
52 149
52 159
52 170
52 173
52 177
52 180
53 13
53 14
53 23
53 30
53 51
53 56
53 78
53 103
53 107
53 118
53 120
53 128
53 137
53 148
53 192
54 20
54 21
54 83
54 100
54 137
54 179
54 191
55 8
55 19
55 23
55 37
55 51
55 68
55 74
55 98
55 104
55 110
55 116
55 123
55 129
55 133
55 165
55 173
55 176
55 180
55 186
56 7
56 38
56 53
56 74
56 78
56 106
56 138
56 165
56 172
56 180
56 187
56 194
57 0
57 37
57 113
57 139
57 143
58 23
58 39
58 71
58 88
58 89
58 105
58 109
58 115
58 116
58 132
58 134
58 159
58 160
58 167
58 197
59 11
59 72
59 117
59 123
59 140
59 148
59 152
59 154
59 156
59 162
59 164
59 169
60 1
60 31
60 45
60 46
60 48
60 66
60 73
60 75
60 119
60 129
60 144
60 153
60 155
60 159
60 187
61 14
61 18
61 36
61 84
61 100
61 128
61 131
61 142
61 151
61 154
61 156
62 6
62 10
62 16
62 94
62 124
62 131
62 152
62 179
62 187
62 189
62 194
63 9
63 12
63 20
63 23
63 77
63 106
63 125
63 142
63 176
63 183
63 185
63 187
63 196
64 19
64 34
64 76
64 93
64 101
64 173
64 177
64 188
65 1
65 5
65 17
65 18
65 75
65 79
65 100
65 154
65 171
65 182
65 198
66 5
66 13
66 60
66 154
66 158
66 165
66 189
67 11
67 19
67 44
67 74
67 94
67 95
67 137
67 193
68 16
68 34
68 39
68 55
68 74
68 92
68 131
68 160
69 6
69 16
69 74
69 87
69 103
69 133
69 161
70 2
70 21
70 50
70 72
70 144
70 146
71 3
71 43
71 44
71 58
71 73
71 79
71 109
71 130
72 0
72 12
72 37
72 59
72 70
72 90
72 94
72 97
72 146
72 182
72 194
73 0
73 2
73 9
73 18
73 60
73 71
73 109
73 112
73 125
73 153
73 160
73 161
73 178
73 185
73 186
73 198
74 21
74 34
74 37
74 41
74 55
74 56
74 67
74 68
74 69
74 124
74 126
74 161
74 169
75 15
75 32
75 60
75 65
75 81
75 103
75 104
75 125
75 127
75 128
75 144
75 149
75 157
75 163
75 166
76 5
76 9
76 15
76 64
76 79
76 91
76 111
76 149
76 156
76 162
77 11
77 63
77 79
77 89
77 104
77 147
77 170
78 4
78 23
78 53
78 56
78 85
78 92
78 101
78 109
78 154
78 179
79 31
79 43
79 65
79 71
79 76
79 77
79 118
79 141
79 146
79 152
79 169
79 190
80 16
80 28
80 42
80 48
80 51
80 95
80 102
80 108
80 131
80 164
80 166
80 171
80 191
80 194
81 15
81 29
81 44
81 47
81 75
81 129
81 153
81 168
81 190
82 5
82 13
82 37
82 47
82 49
82 51
82 94
82 119
82 129
82 143
82 148
82 154
82 177
82 189
82 194
82 198
83 1
83 3
83 49
83 54
83 104
83 119
83 128
83 144
83 168
83 174
83 180
83 198
84 1
84 4
84 28
84 37
84 40
84 48
84 61
84 85
84 123
84 171
84 174
85 23
85 46
85 78
85 84
85 103
85 111
85 137
85 148
85 174
85 177
85 182
86 18
86 25
86 96
86 111
86 114
86 134
86 149
86 150
86 171
87 13
87 69
87 130
87 187
88 5
88 7
88 11
88 32
88 39
88 50
88 58
88 99
88 108
88 129
88 166
89 5
89 32
89 58
89 77
89 113
89 160
90 27
90 30
90 33
90 72
90 110
90 113
90 135
90 136
90 138
91 27
91 37
91 46
91 76
91 138
91 147
91 174
91 178
91 191
91 199
92 0
92 3
92 11
92 37
92 39
92 43
92 68
92 78
92 110
92 111
92 123
92 144
92 172
92 180
92 188
93 64
93 126
93 155
93 158
93 184
94 62
94 67
94 72
94 82
94 96
94 98
94 121
94 124
94 132
94 134
94 150
94 151
94 172
94 188
94 189
95 3
95 8
95 25
95 67
95 80
95 133
95 155
95 178
95 192
96 19
96 22
96 41
96 43
96 46
96 86
96 94
96 114
96 134
96 172
96 174
96 190
96 191
97 34
97 41
97 52
97 72
97 104
97 174
97 186
98 13
98 28
98 55
98 94
98 167
98 196
99 3
99 88
99 127
99 131
99 143
99 149
100 6
100 8
100 40
100 46
100 49
100 54
100 61
100 65
100 102
100 107
100 172
101 7
101 13
101 64
101 78
101 125
101 130
101 150
101 188
102 33
102 34
102 80
102 100
102 124
102 158
102 177
102 195
102 198
103 9
103 20
103 53
103 69
103 75
103 85
103 125
103 156
103 166
103 178
103 181
103 199
104 35
104 37
104 55
104 75
104 77
104 83
104 97
104 116
104 119
104 194
105 58
105 125
105 136
105 171
105 178
105 192
105 198
106 24
106 56
106 63
106 116
106 128
106 143
106 148
106 175
107 39
107 46
107 53
107 100
107 132
107 147
107 158
108 25
108 80
108 88
108 128
108 138
108 143
108 162
109 2
109 10
109 43
109 58
109 71
109 73
109 78
109 128
109 137
109 140
109 149
109 175
109 178
109 180
109 183
110 18
110 55
110 90
110 92
110 115
110 123
110 129
110 153
110 177
110 192
111 8
111 19
111 76
111 85
111 86
111 92
111 121
111 128
111 174
112 25
112 41
112 48
112 49
112 73
112 149
112 169
112 183
112 185
112 199
113 0
113 18
113 35
113 57
113 89
113 90
113 118
113 180
114 7
114 12
114 27
114 52
114 86
114 96
114 116
114 172
114 173
114 188
114 193
115 58
115 110
115 194
115 197
115 199
116 9
116 26
116 38
116 55
116 58
116 104
116 106
116 114
116 125
116 131
116 132
116 163
116 181
116 188
116 196
116 199
117 14
117 22
117 23
117 39
117 41
117 59
117 148
117 157
117 168
117 198
118 23
118 30
118 53
118 79
118 113
118 153
118 159
118 161
118 196
119 9
119 22
119 60
119 82
119 83
119 104
119 128
119 139
119 150
119 157
119 181
119 189
120 2
120 16
120 27
120 53
120 122
120 156
121 94
121 111
121 141
121 155
121 158
121 174
122 16
122 23
122 120
122 123
122 131
122 132
122 146
122 161
123 55
123 59
123 84
123 92
123 110
123 122
123 125
123 150
123 171
123 189
123 193
123 196
124 1
124 12
124 16
124 30
124 62
124 74
124 94
124 102
124 125
124 126
124 149
124 154
124 184
125 0
125 29
125 30
125 45
125 63
125 73
125 75
125 101
125 103
125 105
125 116
125 123
125 124
125 187
126 0
126 74
126 93
126 124
126 146
126 155
126 161
127 36
127 51
127 75
127 99
127 160
127 166
128 18
128 35
128 44
128 53
128 61
128 75
128 83
128 106
128 108
128 109
128 111
128 119
128 132
128 138
128 147
129 4
129 11
129 47
129 51
129 55
129 60
129 81
129 82
129 88
129 110
129 136
129 137
129 159
129 180
130 8
130 46
130 71
130 87
130 101
130 133
131 39
131 49
131 61
131 62
131 68
131 80
131 99
131 116
131 122
131 142
131 158
131 178
132 12
132 52
132 58
132 94
132 107
132 116
132 122
132 128
132 135
132 163
132 177
132 190
133 31
133 37
133 55
133 69
133 95
133 130
133 152
133 156
133 198
134 42
134 45
134 47
134 58
134 86
134 94
134 96
134 137
134 152
134 187
135 5
135 8
135 14
135 18
135 23
135 35
135 90
135 132
135 147
135 148
135 162
135 168
135 183
135 195
135 197
136 14
136 90
136 105
136 129
136 144
136 151
136 155
136 162
136 185
137 2
137 16
137 41
137 53
137 54
137 67
137 85
137 109
137 129
137 134
137 142
137 157
137 196
138 8
138 9
138 16
138 26
138 41
138 46
138 52
138 56
138 90
138 91
138 108
138 128
138 141
138 153
138 156
138 165
138 175
138 179
138 188
138 190
138 192
139 8
139 48
139 57
139 119
140 3
140 59
140 109
140 141
140 171
140 191
141 0
141 12
141 23
141 79
141 121
141 138
141 140
141 144
141 164
141 166
142 21
142 42
142 43
142 44
142 47
142 61
142 63
142 131
142 137
142 162
142 173
142 196
142 198
143 12
143 39
143 57
143 82
143 99
143 106
143 108
143 151
143 175
143 180
144 60
144 70
144 75
144 83
144 92
144 136
144 141
144 158
144 170
144 192
145 17
145 38
145 47
145 153
146 43
146 70
146 72
146 79
146 122
146 126
147 3
147 7
147 30
147 44
147 77
147 91
147 107
147 128
147 135
147 168
148 22
148 40
148 53
148 59
148 82
148 85
148 106
148 117
148 135
148 154
148 162
148 175
149 9
149 20
149 27
149 30
149 52
149 75
149 76
149 86
149 99
149 109
149 112
149 124
149 178
149 195
150 20
150 40
150 86
150 94
150 101
150 119
150 123
150 154
151 0
151 4
151 7
151 15
151 30
151 45
151 61
151 94
151 136
151 143
151 160
151 167
151 189
151 197
152 0
152 1
152 3
152 14
152 15
152 25
152 59
152 62
152 79
152 133
152 134
152 184
153 8
153 48
153 60
153 73
153 81
153 110
153 118
153 138
153 145
153 158
153 177
153 179
153 186
154 17
154 27
154 59
154 61
154 65
154 66
154 78
154 82
154 124
154 148
154 150
154 157
155 29
155 31
155 34
155 60
155 93
155 95
155 121
155 126
155 136
156 41
156 59
156 61
156 76
156 103
156 120
156 133
156 138
156 159
157 5
157 38
157 46
157 75
157 117
157 119
157 137
157 154
158 13
158 37
158 40
158 48
158 66
158 93
158 102
158 107
158 121
158 131
158 144
158 153
158 199
159 41
159 45
159 46
159 50
159 52
159 58
159 60
159 118
159 129
159 156
159 170
160 23
160 35
160 38
160 58
160 68
160 73
160 89
160 127
160 151
160 166
160 183
160 190
161 69
161 73
161 74
161 118
161 122
161 126
161 166
161 183
162 37
162 45
162 46
162 59
162 76
162 108
162 135
162 136
162 142
162 148
162 187
162 194
163 12
163 28
163 46
163 47
163 75
163 116
163 132
164 17
164 59
164 80
164 141
164 173
164 182
164 183
164 197
164 199
165 27
165 34
165 46
165 47
165 55
165 56
165 66
165 138
166 8
166 37
166 46
166 75
166 80
166 88
166 103
166 127
166 141
166 160
166 161
167 28
167 29
167 42
167 58
167 98
167 151
168 16
168 37
168 81
168 83
168 117
168 135
168 147
168 196
169 2
169 20
169 44
169 59
169 74
169 79
169 112
169 181
169 186
170 17
170 23
170 36
170 52
170 77
170 144
170 159
170 173
170 184
171 7
171 65
171 80
171 84
171 86
171 105
171 123
171 140
172 19
172 21
172 56
172 92
172 94
172 96
172 100
172 114
172 180
172 199
173 5
173 7
173 9
173 43
173 52
173 55
173 64
173 114
173 142
173 164
173 170
173 191
174 23
174 24
174 28
174 83
174 84
174 85
174 91
174 96
174 97
174 111
174 121
174 181
174 195
175 2
175 5
175 25
175 35
175 39
175 106
175 109
175 138
175 143
175 148
175 179
176 1
176 5
176 7
176 13
176 32
176 55
176 63
177 13
177 14
177 34
177 52
177 64
177 82
177 85
177 102
177 110
177 132
177 153
177 187
178 13
178 48
178 73
178 91
178 95
178 103
178 105
178 109
178 131
178 149
178 183
178 189
179 47
179 54
179 62
179 78
179 138
179 153
179 175
179 195
180 0
180 7
180 12
180 30
180 43
180 46
180 48
180 51
180 52
180 55
180 56
180 83
180 92
180 109
180 113
180 129
180 143
180 172
180 199
181 9
181 11
181 21
181 39
181 103
181 116
181 119
181 169
181 174
181 198
182 0
182 35
182 44
182 51
182 65
182 72
182 85
182 164
182 189
183 13
183 15
183 63
183 109
183 112
183 135
183 160
183 161
183 164
183 178
184 8
184 14
184 17
184 47
184 93
184 124
184 152
184 170
185 63
185 73
185 112
185 136
186 3
186 20
186 23
186 29
186 55
186 73
186 97
186 153
186 169
186 196
187 35
187 56
187 60
187 62
187 63
187 87
187 125
187 134
187 162
187 177
187 196
188 33
188 43
188 64
188 92
188 94
188 101
188 114
188 116
188 138
189 21
189 62
189 66
189 82
189 94
189 119
189 123
189 151
189 178
189 182
189 190
189 191
190 1
190 13
190 20
190 34
190 79
190 81
190 96
190 132
190 138
190 160
190 189
190 198
191 25
191 26
191 54
191 80
191 91
191 96
191 140
191 173
191 189
191 192
192 53
192 95
192 105
192 110
192 138
192 144
192 191
193 34
193 67
193 114
193 123
194 21
194 36
194 56
194 62
194 72
194 80
194 82
194 104
194 115
194 162
194 197
195 7
195 25
195 26
195 46
195 102
195 135
195 149
195 174
195 179
196 7
196 12
196 25
196 36
196 63
196 98
196 116
196 118
196 123
196 137
196 142
196 168
196 186
196 187
197 6
197 13
197 44
197 58
197 115
197 135
197 151
197 164
197 194
198 39
198 65
198 73
198 82
198 83
198 102
198 105
198 117
198 133
198 142
198 181
198 190
199 91
199 103
199 112
199 115
199 116
199 158
199 164
199 172
199 180