NEW-V2000-P0.025-G0.txt, 133.0, 80, 0, 1801.19
NEW-V2000-P0.05-G0.txt, 82.0, 40, 0, 1802.94
NEW-V2000-P0.1-G0.txt, 45.0, 20, 0, 1804.75
NEW-V2000-P0.2-G0.txt, 27.0, 10, 0, 1811.46
NEW-V2000-P0.5-G0.txt, 10.0, 4, 0, 1829.73
NEW-V2000-P0.8-G0.txt, 6.0, 3, 0, 1849.57
NEW-V2000-P0.025-G1.txt, 138.0, 79, 0, 1801.23
NEW-V2000-P0.05-G1.txt, 82.0, 40, 0, 1802.69
NEW-V2000-P0.1-G1.txt, 44.0, 20, 0, 1806.53
NEW-V2000-P0.2-G1.txt, 27.0, 10, 0, 1811.68
NEW-V2000-P0.5-G1.txt, 11.0, 4, 0, 1827.86
NEW-V2000-P0.8-G1.txt, 6.0, 3, 0, 1842.37
NEW-V2000-P0.025-G2.txt, 134.0, 80, 0, 1801.40
NEW-V2000-P0.05-G2.txt, 81.0, 40, 0, 1802.96
NEW-V2000-P0.1-G2.txt, 46.0, 20, 0, 1805.05
NEW-V2000-P0.2-G2.txt, 24.0, 10, 0, 1811.72
NEW-V2000-P0.5-G2.txt, 11.0, 4, 0, 1828.96
NEW-V2000-P0.8-G2.txt, 6.0, 3, 0, 1845.11
NEW-V2000-P0.025-G3.txt, 133.0, 79, 0, 1801.52
NEW-V2000-P0.05-G3.txt, 78.0, 40, 0, 1803.08
NEW-V2000-P0.1-G3.txt, 45.0, 20, 0, 1806.45
NEW-V2000-P0.2-G3.txt, 27.0, 11, 0, 1811.60
NEW-V2000-P0.5-G3.txt, 10.0, 5, 0, 1826.19
NEW-V2000-P0.8-G3.txt, 5.0, 3, 0, 1847.82
NEW-V2000-P0.025-G4.txt, 132.0, 79, 0, 1801.76
NEW-V2000-P0.05-G4.txt, 83.0, 40, 0, 1806.94
NEW-V2000-P0.1-G4.txt, 48.0, 20, 0, 1807.25
NEW-V2000-P0.2-G4.txt, 26.0, 10, 0, 1810.01
NEW-V2000-P0.5-G4.txt, 11.0, 4, 0, 1827.23
NEW-V2000-P0.8-G4.txt, 6.0, 3, 0, 1845.95
NEW-V2000-P0.025-G5.txt, 134.0, 79, 0, 1801.49
NEW-V2000-P0.05-G5.txt, 83.0, 40, 0, 1802.35
NEW-V2000-P0.1-G5.txt, 43.0, 20, 0, 1805.72
NEW-V2000-P0.2-G5.txt, 23.0, 10, 0, 1812.82
NEW-V2000-P0.5-G5.txt, 11.0, 4, 0, 1826.89
NEW-V2000-P0.8-G5.txt, 6.0, 3, 0, 1846.47
NEW-V2000-P0.025-G6.txt, 138.0, 79, 0, 1801.30
NEW-V2000-P0.05-G6.txt, 84.0, 40, 0, 1802.47
NEW-V2000-P0.1-G6.txt, 50.0, 21, 0, 1805.19
NEW-V2000-P0.2-G6.txt, 27.0, 11, 0, 1810.85
NEW-V2000-P0.5-G6.txt, 11.0, 4, 0, 1827.36
NEW-V2000-P0.8-G6.txt, 6.0, 3, 0, 1848.79
NEW-V2000-P0.025-G7.txt, 136.0, 80, 0, 1801.41
NEW-V2000-P0.05-G7.txt, 82.0, 40, 0, 1802.90
NEW-V2000-P0.1-G7.txt, 44.0, 20, 0, 1806.68
NEW-V2000-P0.2-G7.txt, 26.0, 10, 0, 1810.84
NEW-V2000-P0.5-G7.txt, 11.0, 4, 0, 1830.00
NEW-V2000-P0.8-G7.txt, 2000.0, 0, 0, 1843.43
NEW-V2000-P0.025-G8.txt, 138.0, 80, 0, 1801.35
NEW-V2000-P0.05-G8.txt, 82.0, 40, 0, 1802.72
NEW-V2000-P0.1-G8.txt, 47.0, 20, 0, 1806.59
NEW-V2000-P0.2-G8.txt, 25.0, 11, 0, 1810.59
NEW-V2000-P0.5-G8.txt, 11.0, 5, 0, 1824.80
NEW-V2000-P0.8-G8.txt, 5.0, 3, 0, 1842.36
NEW-V2000-P0.025-G9.txt, 134.0, 80, 0, 1801.37
NEW-V2000-P0.05-G9.txt, 79.0, 40, 0, 1803.00
NEW-V2000-P0.1-G9.txt, 46.0, 20, 0, 1805.94
NEW-V2000-P0.2-G9.txt, 24.0, 10, 0, 1811.52
NEW-V2000-P0.5-G9.txt, 11.0, 4, 0, 1830.24
NEW-V2000-P0.8-G9.txt, 6.0, 3, 0, 1845.56
NEW-V1000-P0.025-G0.txt, 109.0, 79, 0, 1800.42
NEW-V1000-P0.05-G0.txt, 66.0, 41, 0, 1804.22
NEW-V1000-P0.1-G0.txt, 38.0, 20, 0, 1803.66
NEW-V1000-P0.2-G0.txt, 21.0, 10, 0, 1803.22
NEW-V1000-P0.5-G0.txt, 9.0, 4, 0, 1804.83
NEW-V1000-P0.8-G0.txt, 5.0, 3, 0, 1810.51
NEW-V1000-P0.025-G1.txt, 110.0, 78, 0, 1800.49
NEW-V1000-P0.05-G1.txt, 67.0, 41, 0, 1804.03
NEW-V1000-P0.1-G1.txt, 38.0, 20, 0, 1803.75
NEW-V1000-P0.2-G1.txt, 20.0, 10, 0, 1803.34
NEW-V1000-P0.5-G1.txt, 9.0, 4, 0, 1805.65
NEW-V1000-P0.8-G1.txt, 5.0, 3, 0, 1811.53
NEW-V1000-P0.025-G2.txt, 110.0, 79, 0, 1800.43
NEW-V1000-P0.05-G2.txt, 66.0, 41, 0, 1800.70
NEW-V1000-P0.1-G2.txt, 39.0, 20, 0, 1801.18
NEW-V1000-P0.2-G2.txt, 21.0, 11, 0, 1802.74
NEW-V1000-P0.5-G2.txt, 9.0, 5, 0, 1805.89
NEW-V1000-P0.8-G2.txt, 5.0, 3, 0, 1809.56
NEW-V1000-P0.025-G3.txt, 109.0, 80, 0, 1800.46
NEW-V1000-P0.05-G3.txt, 64.0, 41, 0, 1800.60
NEW-V1000-P0.1-G3.txt, 39.0, 21, 0, 1801.13
NEW-V1000-P0.2-G3.txt, 21.0, 11, 0, 1802.23
NEW-V1000-P0.5-G3.txt, 9.0, 5, 0, 1807.37
NEW-V1000-P0.8-G3.txt, 5.0, 3, 0, 1809.86
NEW-V1000-P0.025-G4.txt, 112.0, 79, 0, 1800.56
NEW-V1000-P0.05-G4.txt, 67.0, 41, 0, 1804.19
NEW-V1000-P0.1-G4.txt, 37.0, 21, 0, 1803.78
NEW-V1000-P0.2-G4.txt, 21.0, 10, 0, 1803.14
NEW-V1000-P0.5-G4.txt, 9.0, 4, 0, 1804.83
NEW-V1000-P0.8-G4.txt, 5.0, 3, 0, 1808.76
NEW-V1000-P0.025-G5.txt, 109.0, 79, 0, 1800.51
NEW-V1000-P0.05-G5.txt, 67.0, 41, 0, 1800.70
NEW-V1000-P0.1-G5.txt, 37.0, 20, 0, 1801.26
NEW-V1000-P0.2-G5.txt, 21.0, 10, 0, 1802.51
NEW-V1000-P0.5-G5.txt, 9.0, 4, 0, 1806.17
NEW-V1000-P0.8-G5.txt, 5.0, 3, 0, 1809.65
NEW-V1000-P0.025-G6.txt, 113.0, 79, 0, 1800.40
NEW-V1000-P0.05-G6.txt, 68.0, 41, 0, 1801.34
NEW-V1000-P0.1-G6.txt, 38.0, 21, 0, 1801.23
NEW-V1000-P0.2-G6.txt, 21.0, 11, 0, 1802.71
NEW-V1000-P0.5-G6.txt, 9.0, 4, 0, 1806.22
NEW-V1000-P0.8-G6.txt, 5.0, 3, 0, 1810.94
NEW-V1000-P0.025-G7.txt, 110.0, 80, 0, 1800.47
NEW-V1000-P0.05-G7.txt, 66.0, 41, 0, 1801.52
NEW-V1000-P0.1-G7.txt, 38.0, 21, 0, 1801.05
NEW-V1000-P0.2-G7.txt, 21.0, 10, 0, 1801.99
NEW-V1000-P0.5-G7.txt, 9.0, 4, 0, 1806.29
NEW-V1000-P0.8-G7.txt, 5.0, 3, 0, 1810.18
NEW-V1000-P0.025-G8.txt, 108.0, 79, 0, 1800.59
NEW-V1000-P0.05-G8.txt, 66.0, 41, 0, 1801.37
NEW-V1000-P0.1-G8.txt, 39.0, 21, 0, 1801.21
NEW-V1000-P0.2-G8.txt, 21.0, 10, 0, 1802.72
NEW-V1000-P0.5-G8.txt, 9.0, 4, 0, 1805.41
NEW-V1000-P0.8-G8.txt, 5.0, 3, 0, 1810.21
NEW-V1000-P0.025-G9.txt, 113.0, 80, 0, 1800.54
NEW-V1000-P0.05-G9.txt, 66.0, 40, 0, 1804.12
NEW-V1000-P0.1-G9.txt, 37.0, 20, 0, 1803.76
NEW-V1000-P0.2-G9.txt, 21.0, 10, 0, 1803.05
NEW-V1000-P0.5-G9.txt, 9.0, 5, 0, 1805.50
NEW-V1000-P0.8-G9.txt, 5.0, 3, 0, 1810.00
NEW-V500-P0.025-G0.txt, 92.0, 78, 0, 1800.52
NEW-V500-P0.05-G0.txt, 53.0, 41, 0, 1800.98
NEW-V500-P0.1-G0.txt, 31.0, 22, 0, 1800.46
NEW-V500-P0.2-G0.txt, 18.0, 11, 0, 1800.73
NEW-V500-P0.5-G0.txt, 8.0, 5, 0, 1801.41
NEW-V500-P0.8-G0.txt, 4.0, 4, 1, 107.83
NEW-V500-P0.025-G1.txt, 92.0, 81, 0, 1800.48
NEW-V500-P0.05-G1.txt, 54.0, 42, 0, 1800.47
NEW-V500-P0.1-G1.txt, 32.0, 22, 0, 1800.50
NEW-V500-P0.2-G1.txt, 18.0, 11, 0, 1800.64
NEW-V500-P0.5-G1.txt, 8.0, 5, 0, 1801.51
NEW-V500-P0.8-G1.txt, 4.0, 4, 1, 117.04
NEW-V500-P0.025-G2.txt, 89.0, 76, 0, 1800.54
NEW-V500-P0.05-G2.txt, 56.0, 41, 0, 1800.98
NEW-V500-P0.1-G2.txt, 32.0, 22, 0, 1800.48
NEW-V500-P0.2-G2.txt, 18.0, 12, 0, 1800.68
NEW-V500-P0.5-G2.txt, 8.0, 5, 0, 1801.93
NEW-V500-P0.8-G2.txt, 4.0, 4, 1, 273.47
NEW-V500-P0.025-G3.txt, 91.0, 79, 0, 1800.62
NEW-V500-P0.05-G3.txt, 55.0, 42, 0, 1800.96
NEW-V500-P0.1-G3.txt, 32.0, 22, 0, 1800.49
NEW-V500-P0.2-G3.txt, 18.0, 11, 0, 1800.65
NEW-V500-P0.5-G3.txt, 7.0, 5, 0, 1801.13
NEW-V500-P0.8-G3.txt, 4.0, 4, 1, 113.56
NEW-V500-P0.025-G4.txt, 92.0, 79, 0, 1800.56
NEW-V500-P0.05-G4.txt, 56.0, 41, 0, 1800.96
NEW-V500-P0.1-G4.txt, 32.0, 22, 0, 1800.43
NEW-V500-P0.2-G4.txt, 18.0, 11, 0, 1800.65
NEW-V500-P0.5-G4.txt, 8.0, 5, 0, 1801.63
NEW-V500-P0.8-G4.txt, 4.0, 4, 1, 106.14
NEW-V500-P0.025-G5.txt, 93.0, 81, 0, 1800.55
NEW-V500-P0.05-G5.txt, 56.0, 42, 0, 1803.82
NEW-V500-P0.1-G5.txt, 33.0, 22, 0, 1803.10
NEW-V500-P0.2-G5.txt, 18.0, 11, 0, 1802.46
NEW-V500-P0.5-G5.txt, 8.0, 5, 0, 1802.26
NEW-V500-P0.8-G5.txt, 4.0, 4, 1, 101.85
NEW-V500-P0.025-G6.txt, 89.0, 77, 0, 1800.59
NEW-V500-P0.05-G6.txt, 53.0, 41, 0, 1801.04
NEW-V500-P0.1-G6.txt, 33.0, 22, 0, 1800.41
NEW-V500-P0.2-G6.txt, 18.0, 11, 0, 1800.76
NEW-V500-P0.5-G6.txt, 7.0, 5, 0, 1801.66
NEW-V500-P0.8-G6.txt, 4.0, 4, 1, 207.43
NEW-V500-P0.025-G7.txt, 90.0, 78, 0, 1800.59
NEW-V500-P0.05-G7.txt, 54.0, 41, 0, 1801.05
NEW-V500-P0.1-G7.txt, 31.0, 22, 0, 1800.49
NEW-V500-P0.2-G7.txt, 18.0, 11, 0, 1800.60
NEW-V500-P0.5-G7.txt, 7.0, 5, 0, 1801.52
NEW-V500-P0.8-G7.txt, 4.0, 4, 1, 113.24
NEW-V500-P0.025-G8.txt, 90.0, 77, 0, 1800.57
NEW-V500-P0.05-G8.txt, 52.0, 40, 0, 1800.90
NEW-V500-P0.1-G8.txt, 32.0, 21, 0, 1800.48
NEW-V500-P0.2-G8.txt, 18.0, 11, 0, 1800.87
NEW-V500-P0.5-G8.txt, 8.0, 5, 0, 1801.69
NEW-V500-P0.8-G8.txt, 4.0, 4, 1, 124.19
NEW-V500-P0.025-G9.txt, 90.0, 77, 0, 1800.54
NEW-V500-P0.05-G9.txt, 55.0, 41, 0, 1800.98
NEW-V500-P0.1-G9.txt, 31.0, 21, 0, 1800.43
NEW-V500-P0.2-G9.txt, 18.0, 11, 0, 1800.80
NEW-V500-P0.5-G9.txt, 8.0, 5, 0, 1801.63
NEW-V500-P0.8-G9.txt, 4.0, 4, 1, 160.38
NEW-V200-P0.025-G0.txt, 68.0, 68, 1, 5.04
NEW-V200-P0.05-G0.txt, 39.0, 39, 1, 339.35
NEW-V200-P0.1-G0.txt, 25.0, 22, 0, 1843.15
NEW-V200-P0.2-G0.txt, 14.0, 12, 0, 1840.91
NEW-V200-P0.5-G0.txt, 6.0, 6, 1, 8.61
NEW-V200-P0.8-G0.txt, 4.0, 4, 1, 3.06
NEW-V200-P0.025-G1.txt, 72.0, 72, 1, 1.97
NEW-V200-P0.05-G1.txt, 42.0, 40, 0, 1915.48
NEW-V200-P0.1-G1.txt, 24.0, 22, 0, 1948.23
NEW-V200-P0.2-G1.txt, 14.0, 12, 0, 1962.11
NEW-V200-P0.5-G1.txt, 6.0, 6, 1, 33.63
NEW-V200-P0.8-G1.txt, 4.0, 4, 1, 3.34
NEW-V200-P0.025-G2.txt, 72.0, 72, 1, 20.89
NEW-V200-P0.05-G2.txt, 42.0, 42, 1, 1053.56
NEW-V200-P0.1-G2.txt, 26.0, 23, 0, 1802.65
NEW-V200-P0.2-G2.txt, 14.0, 13, 0, 1801.79
NEW-V200-P0.5-G2.txt, 6.0, 6, 1, 154.52
NEW-V200-P0.8-G2.txt, 4.0, 4, 1, 2.48
NEW-V200-P0.025-G3.txt, 69.0, 69, 1, 41.20
NEW-V200-P0.05-G3.txt, 41.0, 39, 0, 1979.46
NEW-V200-P0.1-G3.txt, 25.0, 22, 0, 1982.97
NEW-V200-P0.2-G3.txt, 15.0, 13, 0, 1993.23
NEW-V200-P0.5-G3.txt, 6.0, 6, 1, 23.03
NEW-V200-P0.8-G3.txt, 4.0, 4, 1, 2.45
NEW-V200-P0.025-G4.txt, 71.0, 71, 1, 8.56
NEW-V200-P0.05-G4.txt, 44.0, 41, 0, 1967.19
NEW-V200-P0.1-G4.txt, 25.0, 23, 0, 1982.38
NEW-V200-P0.2-G4.txt, 15.0, 13, 0, 1998.14
NEW-V200-P0.5-G4.txt, 6.0, 6, 1, 27.44
NEW-V200-P0.8-G4.txt, 4.0, 4, 1, 3.04
NEW-V200-P0.025-G5.txt, 78.0, 78, 1, 2.36
NEW-V200-P0.05-G5.txt, 41.0, 39, 0, 2022.40
NEW-V200-P0.1-G5.txt, 25.0, 22, 0, 2036.91
NEW-V200-P0.2-G5.txt, 14.0, 13, 0, 1995.24
NEW-V200-P0.5-G5.txt, 6.0, 6, 1, 121.74
NEW-V200-P0.8-G5.txt, 4.0, 4, 1, 1.86
NEW-V200-P0.025-G6.txt, 70.0, 70, 1, 7.78
NEW-V200-P0.05-G6.txt, 41.0, 39, 0, 1959.21
NEW-V200-P0.1-G6.txt, 25.0, 22, 0, 1982.50
NEW-V200-P0.2-G6.txt, 14.0, 12, 0, 1999.32
NEW-V200-P0.5-G6.txt, 6.0, 6, 1, 16.21
NEW-V200-P0.8-G6.txt, 4.0, 4, 1, 2.50
NEW-V200-P0.025-G7.txt, 71.0, 71, 1, 1.75
NEW-V200-P0.05-G7.txt, 42.0, 40, 0, 1859.01
NEW-V200-P0.1-G7.txt, 25.0, 22, 0, 1876.33
NEW-V200-P0.2-G7.txt, 14.0, 13, 0, 1886.95
NEW-V200-P0.5-G7.txt, 6.0, 6, 1, 25.26
NEW-V200-P0.8-G7.txt, 4.0, 4, 1, 4.12
NEW-V200-P0.025-G8.txt, 73.0, 73, 1, 11.75
NEW-V200-P0.05-G8.txt, 41.0, 40, 0, 1988.89
NEW-V200-P0.1-G8.txt, 25.0, 22, 0, 2020.53
NEW-V200-P0.2-G8.txt, 14.0, 12, 0, 2017.05
NEW-V200-P0.5-G8.txt, 6.0, 6, 1, 11.68
NEW-V200-P0.8-G8.txt, 4.0, 4, 1, 2.71
NEW-V200-P0.025-G9.txt, 71.0, 71, 1, 2.32
NEW-V200-P0.05-G9.txt, 41.0, 40, 0, 1976.71
NEW-V200-P0.1-G9.txt, 24.0, 21, 0, 1978.44
NEW-V200-P0.2-G9.txt, 14.0, 12, 0, 1986.46
NEW-V200-P0.5-G9.txt, 6.0, 6, 1, 131.46
NEW-V200-P0.8-G9.txt, 4.0, 4, 1, 2.46
