NEW-V2000-P0.025-G0.txt, 220.0, 154, 0, 1801.84
NEW-V2000-P0.05-G0.txt, 125.0, 79, 0, 1803.51
NEW-V2000-P0.1-G0.txt, 71.0, 40, 0, 1805.22
NEW-V2000-P0.2-G0.txt, 38.0, 20, 0, 1811.65
NEW-V2000-P0.5-G0.txt, 16.0, 8, 0, 1828.72
NEW-V2000-P0.8-G0.txt, 9.0, 5, 0, 1850.82
NEW-V2000-P0.025-G1.txt, 220.0, 153, 0, 1801.52
NEW-V2000-P0.05-G1.txt, 126.0, 79, 0, 1806.50
NEW-V2000-P0.1-G1.txt, 70.0, 40, 0, 1807.86
NEW-V2000-P0.2-G1.txt, 39.0, 20, 0, 1810.73
NEW-V2000-P0.5-G1.txt, 15.0, 8, 0, 1827.86
NEW-V2000-P0.8-G1.txt, 9.0, 5, 0, 1844.50
NEW-V2000-P0.025-G2.txt, 220.0, 153, 0, 1801.85
NEW-V2000-P0.05-G2.txt, 128.0, 79, 0, 1803.33
NEW-V2000-P0.1-G2.txt, 72.0, 40, 0, 1805.90
NEW-V2000-P0.2-G2.txt, 39.0, 20, 0, 1811.86
NEW-V2000-P0.5-G2.txt, 17.0, 8, 0, 1827.70
NEW-V2000-P0.8-G2.txt, 9.0, 5, 0, 1845.84
NEW-V2000-P0.025-G3.txt, 217.0, 154, 0, 1801.27
NEW-V2000-P0.05-G3.txt, 126.0, 79, 0, 1803.69
NEW-V2000-P0.1-G3.txt, 71.0, 40, 0, 1805.56
NEW-V2000-P0.2-G3.txt, 40.0, 20, 0, 1811.48
NEW-V2000-P0.5-G3.txt, 16.0, 8, 0, 1828.01
NEW-V2000-P0.8-G3.txt, 8.0, 5, 0, 1844.66
NEW-V2000-P0.025-G4.txt, 218.0, 152, 0, 1801.32
NEW-V2000-P0.05-G4.txt, 124.0, 78, 0, 1803.25
NEW-V2000-P0.1-G4.txt, 71.0, 40, 0, 1805.56
NEW-V2000-P0.2-G4.txt, 39.0, 20, 0, 1814.08
NEW-V2000-P0.5-G4.txt, 16.0, 8, 0, 1825.64
NEW-V2000-P0.8-G4.txt, 9.0, 5, 0, 1843.16
NEW-V2000-P0.025-G5.txt, 218.0, 154, 0, 1801.25
NEW-V2000-P0.05-G5.txt, 126.0, 79, 0, 1806.37
NEW-V2000-P0.1-G5.txt, 71.0, 40, 0, 1806.80
NEW-V2000-P0.2-G5.txt, 40.0, 20, 0, 1809.39
NEW-V2000-P0.5-G5.txt, 15.0, 8, 0, 1828.91
NEW-V2000-P0.8-G5.txt, 9.0, 5, 0, 1847.11
NEW-V2000-P0.025-G6.txt, 220.0, 153, 0, 1801.29
NEW-V2000-P0.05-G6.txt, 124.0, 79, 0, 1805.35
NEW-V2000-P0.1-G6.txt, 73.0, 40, 0, 1805.68
NEW-V2000-P0.2-G6.txt, 39.0, 20, 0, 1811.04
NEW-V2000-P0.5-G6.txt, 16.0, 8, 0, 1828.86
NEW-V2000-P0.8-G6.txt, 9.0, 5, 0, 1845.99
NEW-V2000-P0.025-G7.txt, 222.0, 155, 0, 1801.42
NEW-V2000-P0.05-G7.txt, 127.0, 79, 0, 1803.34
NEW-V2000-P0.1-G7.txt, 73.0, 40, 0, 1806.69
NEW-V2000-P0.2-G7.txt, 39.0, 20, 0, 1811.73
NEW-V2000-P0.5-G7.txt, 16.0, 8, 0, 1829.52
NEW-V2000-P0.8-G7.txt, 9.0, 5, 0, 1844.74
NEW-V2000-P0.025-G8.txt, 221.0, 154, 0, 1801.32
NEW-V2000-P0.05-G8.txt, 129.0, 79, 0, 1803.92
NEW-V2000-P0.1-G8.txt, 72.0, 40, 0, 1805.89
NEW-V2000-P0.2-G8.txt, 39.0, 20, 0, 1812.04
NEW-V2000-P0.5-G8.txt, 16.0, 8, 0, 1826.89
NEW-V2000-P0.8-G8.txt, 8.0, 5, 0, 1848.99
NEW-V2000-P0.025-G9.txt, 220.0, 154, 0, 1801.30
NEW-V2000-P0.05-G9.txt, 124.0, 79, 0, 1804.49
NEW-V2000-P0.1-G9.txt, 72.0, 40, 0, 1805.31
NEW-V2000-P0.2-G9.txt, 38.0, 20, 0, 1810.73
NEW-V2000-P0.5-G9.txt, 17.0, 8, 0, 1827.35
NEW-V2000-P0.8-G9.txt, 9.0, 5, 0, 1846.39
NEW-V1000-P0.025-G0.txt, 186.0, 148, 0, 1800.56
NEW-V1000-P0.05-G0.txt, 108.0, 78, 0, 1800.62
NEW-V1000-P0.1-G0.txt, 62.0, 40, 0, 1801.27
NEW-V1000-P0.2-G0.txt, 33.0, 20, 0, 1802.49
NEW-V1000-P0.5-G0.txt, 14.0, 8, 0, 1806.55
NEW-V1000-P0.8-G0.txt, 8.0, 5, 0, 1810.51
NEW-V1000-P0.025-G1.txt, 184.0, 147, 0, 1800.50
NEW-V1000-P0.05-G1.txt, 107.0, 78, 0, 1801.18
NEW-V1000-P0.1-G1.txt, 61.0, 40, 0, 1801.10
NEW-V1000-P0.2-G1.txt, 34.0, 20, 0, 1802.62
NEW-V1000-P0.5-G1.txt, 14.0, 8, 0, 1806.10
NEW-V1000-P0.8-G1.txt, 8.0, 5, 0, 1811.88
NEW-V1000-P0.025-G2.txt, 187.0, 146, 0, 1800.48
NEW-V1000-P0.05-G2.txt, 108.0, 77, 0, 1804.28
NEW-V1000-P0.1-G2.txt, 62.0, 40, 0, 1803.55
NEW-V1000-P0.2-G2.txt, 34.0, 20, 0, 1803.10
NEW-V1000-P0.5-G2.txt, 14.0, 8, 0, 1805.24
NEW-V1000-P0.8-G2.txt, 8.0, 5, 0, 1810.85
NEW-V1000-P0.025-G3.txt, 189.0, 149, 0, 1800.50
NEW-V1000-P0.05-G3.txt, 107.0, 78, 0, 1801.22
NEW-V1000-P0.1-G3.txt, 61.0, 40, 0, 1801.22
NEW-V1000-P0.2-G3.txt, 34.0, 20, 0, 1802.44
NEW-V1000-P0.5-G3.txt, 14.0, 8, 0, 1806.15
NEW-V1000-P0.8-G3.txt, 8.0, 5, 0, 1811.05
NEW-V1000-P0.025-G4.txt, 187.0, 147, 0, 1800.43
NEW-V1000-P0.05-G4.txt, 109.0, 78, 0, 1804.07
NEW-V1000-P0.1-G4.txt, 60.0, 40, 0, 1803.72
NEW-V1000-P0.2-G4.txt, 34.0, 20, 0, 1803.35
NEW-V1000-P0.5-G4.txt, 14.0, 8, 0, 1806.06
NEW-V1000-P0.8-G4.txt, 8.0, 5, 0, 1809.31
NEW-V1000-P0.025-G5.txt, 187.0, 146, 0, 1800.60
NEW-V1000-P0.05-G5.txt, 109.0, 78, 0, 1801.21
NEW-V1000-P0.1-G5.txt, 61.0, 40, 0, 1801.21
NEW-V1000-P0.2-G5.txt, 33.0, 20, 0, 1802.35
NEW-V1000-P0.5-G5.txt, 14.0, 8, 0, 1806.79
NEW-V1000-P0.8-G5.txt, 8.0, 5, 0, 1811.16
NEW-V1000-P0.025-G6.txt, 188.0, 147, 0, 1800.57
NEW-V1000-P0.05-G6.txt, 110.0, 78, 0, 1801.80
NEW-V1000-P0.1-G6.txt, 61.0, 40, 0, 1801.26
NEW-V1000-P0.2-G6.txt, 34.0, 21, 0, 1802.10
NEW-V1000-P0.5-G6.txt, 14.0, 8, 0, 1805.97
NEW-V1000-P0.8-G6.txt, 8.0, 5, 0, 1809.71
NEW-V1000-P0.025-G7.txt, 189.0, 149, 0, 1800.54
NEW-V1000-P0.05-G7.txt, 108.0, 78, 0, 1804.08
NEW-V1000-P0.1-G7.txt, 62.0, 40, 0, 1803.55
NEW-V1000-P0.2-G7.txt, 34.0, 20, 0, 1803.29
NEW-V1000-P0.5-G7.txt, 14.0, 8, 0, 1805.52
NEW-V1000-P0.8-G7.txt, 8.0, 5, 0, 1809.31
NEW-V1000-P0.025-G8.txt, 189.0, 148, 0, 1800.51
NEW-V1000-P0.05-G8.txt, 110.0, 78, 0, 1801.40
NEW-V1000-P0.1-G8.txt, 62.0, 40, 0, 1801.09
NEW-V1000-P0.2-G8.txt, 34.0, 20, 0, 1802.22
NEW-V1000-P0.5-G8.txt, 14.0, 8, 0, 1806.84
NEW-V1000-P0.8-G8.txt, 8.0, 5, 0, 1809.63
NEW-V1000-P0.025-G9.txt, 189.0, 147, 0, 1800.52
NEW-V1000-P0.05-G9.txt, 109.0, 77, 0, 1801.43
NEW-V1000-P0.1-G9.txt, 62.0, 39, 0, 1801.10
NEW-V1000-P0.2-G9.txt, 33.0, 20, 0, 1802.36
NEW-V1000-P0.5-G9.txt, 14.0, 8, 0, 1805.47
NEW-V1000-P0.8-G9.txt, 8.0, 5, 0, 1809.99
NEW-V500-P0.025-G0.txt, 158.0, 138, 0, 1800.59
NEW-V500-P0.05-G0.txt, 90.0, 74, 0, 1801.35
NEW-V500-P0.1-G0.txt, 53.0, 40, 0, 1800.62
NEW-V500-P0.2-G0.txt, 30.0, 21, 0, 1800.63
NEW-V500-P0.5-G0.txt, 12.0, 9, 0, 1801.32
NEW-V500-P0.8-G0.txt, 7.0, 6, 0, 1802.29
NEW-V500-P0.025-G1.txt, 162.0, 141, 0, 1800.50
NEW-V500-P0.05-G1.txt, 94.0, 76, 0, 1801.76
NEW-V500-P0.1-G1.txt, 53.0, 40, 0, 1800.98
NEW-V500-P0.2-G1.txt, 30.0, 21, 0, 1800.64
NEW-V500-P0.5-G1.txt, 12.0, 9, 0, 1801.64
NEW-V500-P0.8-G1.txt, 7.0, 6, 0, 1802.23
NEW-V500-P0.025-G2.txt, 159.0, 136, 0, 1800.40
NEW-V500-P0.05-G2.txt, 92.0, 75, 0, 1803.82
NEW-V500-P0.1-G2.txt, 52.0, 40, 0, 1803.05
NEW-V500-P0.2-G2.txt, 30.0, 21, 0, 1802.32
NEW-V500-P0.5-G2.txt, 12.0, 9, 0, 1802.16
NEW-V500-P0.8-G2.txt, 7.0, 6, 0, 1801.77
NEW-V500-P0.025-G3.txt, 160.0, 139, 0, 1800.41
NEW-V500-P0.05-G3.txt, 93.0, 76, 0, 1803.78
NEW-V500-P0.1-G3.txt, 53.0, 40, 0, 1803.09
NEW-V500-P0.2-G3.txt, 29.0, 21, 0, 1802.41
NEW-V500-P0.5-G3.txt, 12.0, 9, 0, 1802.13
NEW-V500-P0.8-G3.txt, 7.0, 6, 0, 1802.25
NEW-V500-P0.025-G4.txt, 162.0, 139, 0, 1800.43
NEW-V500-P0.05-G4.txt, 93.0, 74, 0, 1801.30
NEW-V500-P0.1-G4.txt, 52.0, 40, 0, 1800.56
NEW-V500-P0.2-G4.txt, 30.0, 21, 0, 1800.63
NEW-V500-P0.5-G4.txt, 12.0, 9, 0, 1801.63
NEW-V500-P0.8-G4.txt, 7.0, 6, 0, 1802.16
NEW-V500-P0.025-G5.txt, 163.0, 143, 0, 1800.42
NEW-V500-P0.05-G5.txt, 92.0, 76, 0, 1801.80
NEW-V500-P0.1-G5.txt, 54.0, 40, 0, 1801.00
NEW-V500-P0.2-G5.txt, 30.0, 21, 0, 1800.80
NEW-V500-P0.5-G5.txt, 12.0, 9, 0, 1801.37
NEW-V500-P0.8-G5.txt, 7.0, 6, 0, 1802.06
NEW-V500-P0.025-G6.txt, 159.0, 136, 0, 1800.45
NEW-V500-P0.05-G6.txt, 92.0, 76, 0, 1801.41
NEW-V500-P0.1-G6.txt, 54.0, 40, 0, 1800.65
NEW-V500-P0.2-G6.txt, 29.0, 21, 0, 1800.76
NEW-V500-P0.5-G6.txt, 12.0, 9, 0, 1801.71
NEW-V500-P0.8-G6.txt, 7.0, 6, 0, 1802.04
NEW-V500-P0.025-G7.txt, 156.0, 136, 0, 1800.41
NEW-V500-P0.05-G7.txt, 91.0, 74, 0, 1801.54
NEW-V500-P0.1-G7.txt, 52.0, 40, 0, 1800.71
NEW-V500-P0.2-G7.txt, 30.0, 21, 0, 1800.66
NEW-V500-P0.5-G7.txt, 12.0, 9, 0, 1801.68
NEW-V500-P0.8-G7.txt, 7.0, 6, 0, 1802.32
NEW-V500-P0.025-G8.txt, 157.0, 137, 0, 1800.48
NEW-V500-P0.05-G8.txt, 92.0, 73, 0, 1801.43
NEW-V500-P0.1-G8.txt, 52.0, 40, 0, 1800.73
NEW-V500-P0.2-G8.txt, 28.0, 21, 0, 1800.73
NEW-V500-P0.5-G8.txt, 12.0, 9, 0, 1801.48
NEW-V500-P0.8-G8.txt, 7.0, 6, 0, 1802.10
NEW-V500-P0.025-G9.txt, 163.0, 138, 0, 1800.48
NEW-V500-P0.05-G9.txt, 90.0, 75, 0, 1801.43
NEW-V500-P0.1-G9.txt, 52.0, 39, 0, 1800.60
NEW-V500-P0.2-G9.txt, 29.0, 21, 0, 1800.57
NEW-V500-P0.5-G9.txt, 13.0, 9, 0, 1801.73
NEW-V500-P0.8-G9.txt, 7.0, 6, 0, 1801.87
NEW-V200-P0.025-G0.txt, 118.0, 118, 1, 8.75
NEW-V200-P0.05-G0.txt, 72.0, 66, 0, 2182.99
NEW-V200-P0.1-G0.txt, 43.0, 38, 0, 2226.34
NEW-V200-P0.2-G0.txt, 24.0, 21, 0, 2205.45
NEW-V200-P0.5-G0.txt, 11.0, 10, 0, 2247.22
NEW-V200-P0.8-G0.txt, 6.0, 6, 1, 1.45
NEW-V200-P0.025-G1.txt, 120.0, 120, 1, 11.86
NEW-V200-P0.05-G1.txt, 74.0, 69, 0, 1925.84
NEW-V200-P0.1-G1.txt, 42.0, 38, 0, 1933.50
NEW-V200-P0.2-G1.txt, 23.0, 21, 0, 1933.93
NEW-V200-P0.5-G1.txt, 10.0, 10, 1, 1788.57
NEW-V200-P0.8-G1.txt, 6.0, 6, 1, 13.26
NEW-V200-P0.025-G2.txt, 121.0, 121, 1, 15.23
NEW-V200-P0.05-G2.txt, 75.0, 70, 0, 2048.97
NEW-V200-P0.1-G2.txt, 45.0, 39, 0, 2055.07
NEW-V200-P0.2-G2.txt, 25.0, 21, 0, 2079.34
NEW-V200-P0.5-G2.txt, 11.0, 10, 0, 2132.51
NEW-V200-P0.8-G2.txt, 6.0, 6, 1, 1.25
NEW-V200-P0.025-G3.txt, 118.0, 118, 1, 26.60
NEW-V200-P0.05-G3.txt, 74.0, 68, 0, 2080.85
NEW-V200-P0.1-G3.txt, 43.0, 39, 0, 2104.05
NEW-V200-P0.2-G3.txt, 25.0, 21, 0, 2121.72
NEW-V200-P0.5-G3.txt, 11.0, 10, 0, 2173.06
NEW-V200-P0.8-G3.txt, 6.0, 6, 1, 1.05
NEW-V200-P0.025-G4.txt, 124.0, 124, 1, 31.92
NEW-V200-P0.05-G4.txt, 75.0, 70, 0, 2127.63
NEW-V200-P0.1-G4.txt, 44.0, 40, 0, 2126.33
NEW-V200-P0.2-G4.txt, 25.0, 21, 0, 2135.75
NEW-V200-P0.5-G4.txt, 11.0, 9, 0, 2174.83
NEW-V200-P0.8-G4.txt, 6.0, 6, 1, 16.80
NEW-V200-P0.025-G5.txt, 126.0, 126, 1, 5.19
NEW-V200-P0.05-G5.txt, 73.0, 69, 0, 2144.64
NEW-V200-P0.1-G5.txt, 42.0, 38, 0, 2184.07
NEW-V200-P0.2-G5.txt, 25.0, 21, 0, 2170.63
NEW-V200-P0.5-G5.txt, 11.0, 10, 0, 2216.67
NEW-V200-P0.8-G5.txt, 6.0, 6, 1, 8.03
NEW-V200-P0.025-G6.txt, 120.0, 120, 1, 23.79
NEW-V200-P0.05-G6.txt, 74.0, 68, 0, 2082.65
NEW-V200-P0.1-G6.txt, 43.0, 38, 0, 2081.55
NEW-V200-P0.2-G6.txt, 24.0, 21, 0, 2102.02
NEW-V200-P0.5-G6.txt, 11.0, 10, 0, 2151.22
NEW-V200-P0.8-G6.txt, 6.0, 6, 1, 21.50
NEW-V200-P0.025-G7.txt, 123.0, 123, 1, 7.05
NEW-V200-P0.05-G7.txt, 75.0, 70, 0, 2074.10
NEW-V200-P0.1-G7.txt, 43.0, 39, 0, 2116.70
NEW-V200-P0.2-G7.txt, 24.0, 21, 0, 2151.27
NEW-V200-P0.5-G7.txt, 11.0, 10, 0, 2184.75
NEW-V200-P0.8-G7.txt, 6.0, 6, 1, 2.04
NEW-V200-P0.025-G8.txt, 122.0, 122, 1, 31.82
NEW-V200-P0.05-G8.txt, 74.0, 68, 0, 2037.21
NEW-V200-P0.1-G8.txt, 44.0, 39, 0, 2045.51
NEW-V200-P0.2-G8.txt, 23.0, 21, 0, 2035.44
NEW-V200-P0.5-G8.txt, 11.0, 9, 0, 2096.49
NEW-V200-P0.8-G8.txt, 6.0, 6, 1, 20.47
NEW-V200-P0.025-G9.txt, 124.0, 124, 1, 6.01
NEW-V200-P0.05-G9.txt, 74.0, 69, 0, 2053.04
NEW-V200-P0.1-G9.txt, 41.0, 36, 0, 2106.58
NEW-V200-P0.2-G9.txt, 23.0, 20, 0, 2152.25
NEW-V200-P0.5-G9.txt, 11.0, 10, 0, 2141.40
NEW-V200-P0.8-G9.txt, 6.0, 6, 1, 28.77
